frame,time_s,img_w,img_h,nose_nx,nose_ny,nose_px,nose_py,nose_vis,left_eye_inner_nx,left_eye_inner_ny,left_eye_inner_px,left_eye_inner_py,left_eye_inner_vis,left_eye_nx,left_eye_ny,left_eye_px,left_eye_py,left_eye_vis,left_eye_outer_nx,left_eye_outer_ny,left_eye_outer_px,left_eye_outer_py,left_eye_outer_vis,right_eye_inner_nx,right_eye_inner_ny,right_eye_inner_px,right_eye_inner_py,right_eye_inner_vis,right_eye_nx,right_eye_ny,right_eye_px,right_eye_py,right_eye_vis,right_eye_outer_nx,right_eye_outer_ny,right_eye_outer_px,right_eye_outer_py,right_eye_outer_vis,left_ear_nx,left_ear_ny,left_ear_px,left_ear_py,left_ear_vis,right_ear_nx,right_ear_ny,right_ear_px,right_ear_py,right_ear_vis,mouth_left_nx,mouth_left_ny,mouth_left_px,mouth_left_py,mouth_left_vis,mouth_right_nx,mouth_right_ny,mouth_right_px,mouth_right_py,mouth_right_vis,left_shoulder_nx,left_shoulder_ny,left_shoulder_px,left_shoulder_py,left_shoulder_vis,right_shoulder_nx,right_shoulder_ny,right_shoulder_px,right_shoulder_py,right_shoulder_vis,left_elbow_nx,left_elbow_ny,left_elbow_px,left_elbow_py,left_elbow_vis,right_elbow_nx,right_elbow_ny,right_elbow_px,right_elbow_py,right_elbow_vis,left_wrist_nx,left_wrist_ny,left_wrist_px,left_wrist_py,left_wrist_vis,right_wrist_nx,right_wrist_ny,right_wrist_px,right_wrist_py,right_wrist_vis,left_pinky_nx,left_pinky_ny,left_pinky_px,left_pinky_py,left_pinky_vis,right_pinky_nx,right_pinky_ny,right_pinky_px,right_pinky_py,right_pinky_vis,left_index_nx,left_index_ny,left_index_px,left_index_py,left_index_vis,right_index_nx,right_index_ny,right_index_px,right_index_py,right_index_vis,left_thumb_nx,left_thumb_ny,left_thumb_px,left_thumb_py,left_thumb_vis,right_thumb_nx,right_thumb_ny,right_thumb_px,right_thumb_py,right_thumb_vis,left_hip_nx,left_hip_ny,left_hip_px,left_hip_py,left_hip_vis,right_hip_nx,right_hip_ny,right_hip_px,right_hip_py,right_hip_vis,left_knee_nx,left_knee_ny,left_knee_px,left_knee_py,left_knee_vis,right_knee_nx,right_knee_ny,right_knee_px,right_knee_py,right_knee_vis,left_ankle_nx,left_ankle_ny,left_ankle_px,left_ankle_py,left_ankle_vis,right_ankle_nx,right_ankle_ny,right_ankle_px,right_ankle_py,right_ankle_vis,left_heel_nx,left_heel_ny,left_heel_px,left_heel_py,left_heel_vis,right_heel_nx,right_heel_ny,right_heel_px,right_heel_py,right_heel_vis,left_foot_index_nx,left_foot_index_ny,left_foot_index_px,left_foot_index_py,left_foot_index_vis,right_foot_index_nx,right_foot_index_ny,right_foot_index_px,right_foot_index_py,right_foot_index_vis
0,0.0,960,1707,0.28395,0.53393,272.6,911.4,0.996,0.28437,0.52845,273.0,902.1,0.994,0.28289,0.52827,271.6,901.8,0.993,0.28112,0.52818,269.9,901.6,0.994,0.29164,0.52761,280.0,900.6,0.996,0.29523,0.52699,283.4,899.6,0.996,0.29846,0.52643,286.5,898.6,0.997,0.29023,0.52763,278.6,900.7,0.995,0.3129,0.52581,300.4,897.6,0.994,0.28598,0.53827,274.5,918.8,0.987,0.29421,0.53793,282.4,918.2,0.985,0.26106,0.54699,250.6,933.7,1.0,0.39327,0.55236,377.5,942.9,1.0,0.23721,0.60378,227.7,1030.6,0.97,0.40962,0.60482,393.2,1032.4,0.196,0.20075,0.6255,192.7,1067.7,0.563,0.37302,0.6397,358.1,1092.0,0.009,0.18096,0.634,173.7,1082.2,0.522,0.36815,0.65132,353.4,1111.8,0.009,0.18339,0.62855,176.1,1072.9,0.506,0.36034,0.64968,345.9,1109.0,0.008,0.19367,0.62572,185.9,1068.1,0.363,0.36002,0.64479,345.6,1100.7,0.008,0.30632,0.67075,294.1,1145.0,1.0,0.37338,0.66699,358.4,1138.6,1.0,0.29614,0.76691,284.3,1309.1,0.976,0.3823,0.74981,367.0,1279.9,0.643,0.34055,0.86041,326.9,1468.7,0.981,0.44491,0.83371,427.1,1423.1,0.774,0.35959,0.87346,345.2,1491.0,0.972,0.45989,0.84812,441.5,1447.7,0.89,0.287,0.86889,275.5,1483.2,0.911,0.39689,0.84563,381.0,1443.5,0.549
1,0.028,960,1707,0.28553,0.53585,274.1,914.7,0.994,0.28651,0.53022,275.0,905.1,0.991,0.28508,0.5298,273.7,904.4,0.991,0.28352,0.52948,272.2,903.8,0.992,0.29405,0.53,282.3,904.7,0.994,0.29779,0.52954,285.9,903.9,0.995,0.30142,0.52907,289.4,903.1,0.996,0.29038,0.52858,278.8,902.3,0.993,0.31441,0.52801,301.8,901.3,0.993,0.28718,0.53943,275.7,920.8,0.982,0.29555,0.53959,283.7,921.1,0.981,0.26512,0.5468,254.5,933.4,1.0,0.39155,0.55313,375.9,944.2,1.0,0.22641,0.60292,217.4,1029.2,0.965,0.40957,0.60553,393.2,1033.6,0.198,0.19801,0.62416,190.1,1065.4,0.521,0.37262,0.63971,357.7,1092.0,0.009,0.17951,0.63071,172.3,1076.6,0.484,0.36823,0.65179,353.5,1112.6,0.009,0.18314,0.62521,175.8,1067.2,0.469,0.35992,0.65002,345.5,1109.6,0.008,0.18889,0.61205,181.3,1044.8,0.336,0.35964,0.6448,345.3,1100.7,0.008,0.30631,0.67075,294.1,1145.0,1.0,0.37348,0.66696,358.5,1138.5,1.0,0.29653,0.76651,284.7,1308.4,0.972,0.37936,0.74875,364.2,1278.1,0.632,0.34014,0.85934,326.5,1466.9,0.977,0.4407,0.83191,423.1,1420.1,0.763,0.35967,0.87259,345.3,1489.5,0.969,0.45346,0.84515,435.3,1442.7,0.889,0.28682,0.8698,275.3,1484.8,0.893,0.40757,0.84072,391.3,1435.1,0.53
2,0.055,960,1707,0.28553,0.53626,274.1,915.4,0.993,0.28647,0.53059,275.0,905.7,0.99,0.28505,0.53011,273.7,904.9,0.99,0.28348,0.52973,272.1,904.2,0.991,0.29403,0.53064,282.3,905.8,0.993,0.29772,0.53032,285.8,905.3,0.994,0.30129,0.52998,289.2,904.7,0.996,0.28939,0.5288,277.8,902.7,0.993,0.31417,0.52893,301.6,902.9,0.992,0.28717,0.53983,275.7,921.5,0.981,0.29551,0.5402,283.7,922.1,0.979,0.26592,0.54649,255.3,932.9,1.0,0.38936,0.55326,373.8,944.4,1.0,0.22721,0.60871,218.1,1039.1,0.963,0.40808,0.60658,391.8,1035.4,0.199,0.19612,0.62419,188.3,1065.5,0.497,0.37252,0.64234,357.6,1096.5,0.009,0.17846,0.63088,171.3,1076.9,0.46,0.36872,0.6549,354.0,1117.9,0.009,0.18248,0.62543,175.2,1067.6,0.447,0.36004,0.65317,345.6,1115.0,0.008,0.18847,0.61341,180.9,1047.1,0.319,0.35989,0.64955,345.5,1108.8,0.008,0.3062,0.67089,294.0,1145.2,1.0,0.37349,0.66705,358.5,1138.7,1.0,0.29651,0.76617,284.7,1307.8,0.972,0.37362,0.7477,358.7,1276.3,0.615,0.33976,0.85933,326.2,1466.9,0.977,0.43077,0.82822,413.5,1413.8,0.758,0.35961,0.87256,345.2,1489.5,0.967,0.4428,0.84049,425.1,1434.7,0.888,0.2842,0.87086,272.8,1486.6,0.89,0.38207,0.83667,366.8,1428.2,0.52
3,0.083,960,1707,0.28547,0.53722,274.1,917.0,0.992,0.28617,0.53153,274.7,907.3,0.988,0.2846,0.53104,273.2,906.5,0.988,0.28288,0.53062,271.6,905.8,0.989,0.29389,0.53166,282.1,907.5,0.992,0.29753,0.53139,285.6,907.1,0.993,0.30106,0.5311,289.0,906.6,0.995,0.28732,0.52957,275.8,904.0,0.992,0.31351,0.53003,301.0,904.8,0.992,0.28687,0.54073,275.4,923.0,0.978,0.2952,0.5412,283.4,923.8,0.977,0.26576,0.5465,255.1,932.9,1.0,0.38727,0.55326,371.8,944.4,1.0,0.22636,0.60968,217.3,1040.7,0.951,0.40627,0.60655,390.0,1035.4,0.193,0.18625,0.61564,178.8,1050.9,0.455,0.37209,0.64255,357.2,1096.8,0.009,0.17712,0.62617,170.0,1068.9,0.422,0.3696,0.65601,354.8,1119.8,0.009,0.18274,0.61839,175.4,1055.6,0.41,0.36088,0.65425,346.4,1116.8,0.008,0.18674,0.60504,179.3,1032.8,0.293,0.36009,0.65085,345.7,1111.0,0.008,0.30497,0.67097,292.8,1145.3,1.0,0.37344,0.66705,358.5,1138.7,1.0,0.2958,0.76555,284.0,1306.8,0.966,0.36714,0.74461,352.5,1271.1,0.576,0.33945,0.85897,325.9,1466.3,0.969,0.41747,0.82471,400.8,1407.8,0.728,0.35974,0.87183,345.3,1488.2,0.958,0.4292,0.83607,412.0,1427.2,0.873,0.28372,0.87098,272.4,1486.8,0.865,0.3781,0.83703,363.0,1428.8,0.49
4,0.11,960,1707,0.28321,0.53748,271.9,917.5,0.992,0.28356,0.53212,272.2,908.3,0.988,0.28193,0.53164,270.6,907.5,0.988,0.28009,0.53121,268.9,906.8,0.989,0.29164,0.53211,280.0,908.3,0.992,0.29563,0.53173,283.8,907.7,0.993,0.29921,0.53133,287.2,907.0,0.995,0.28422,0.53011,272.9,904.9,0.992,0.312,0.53017,299.5,905.0,0.992,0.28449,0.54089,273.1,923.3,0.978,0.29273,0.54127,281.0,923.9,0.977,0.26563,0.54685,255.0,933.5,1.0,0.38508,0.55321,369.7,944.3,1.0,0.22796,0.61543,218.8,1050.5,0.95,0.40672,0.60556,390.5,1033.7,0.199,0.18785,0.62157,180.3,1061.0,0.434,0.37414,0.64145,359.2,1095.0,0.01,0.17497,0.63073,168.0,1076.7,0.402,0.37571,0.65578,360.7,1119.4,0.01,0.18101,0.62201,173.8,1061.8,0.391,0.36615,0.65404,351.5,1116.4,0.009,0.18451,0.6241,177.1,1065.3,0.279,0.36283,0.64898,348.3,1107.8,0.009,0.30469,0.6708,292.5,1145.0,1.0,0.37342,0.66677,358.5,1138.2,1.0,0.29576,0.76469,283.9,1305.3,0.968,0.36321,0.73899,348.7,1261.5,0.568,0.33931,0.85852,325.7,1465.5,0.97,0.40594,0.82192,389.7,1403.0,0.732,0.36111,0.87112,346.7,1487.0,0.958,0.41566,0.83329,399.0,1422.4,0.874,0.28266,0.87144,271.4,1487.6,0.868,0.36413,0.83717,349.6,1429.0,0.49
5,0.138,960,1707,0.28202,0.54029,270.7,922.3,0.992,0.28243,0.5351,271.1,913.4,0.988,0.281,0.53448,269.8,912.4,0.988,0.27926,0.53384,268.1,911.3,0.989,0.28989,0.53501,278.3,913.3,0.992,0.29394,0.53428,282.2,912.0,0.993,0.2974,0.53339,285.5,910.5,0.995,0.28373,0.5318,272.4,907.8,0.992,0.31,0.53125,297.6,906.8,0.992,0.28404,0.54314,272.7,927.1,0.978,0.29173,0.54339,280.1,927.6,0.977,0.26751,0.54751,256.8,934.6,1.0,0.38196,0.55318,366.7,944.3,1.0,0.22778,0.61791,218.7,1054.8,0.944,0.40486,0.60624,388.7,1034.8,0.191,0.18314,0.62209,175.8,1061.9,0.408,0.3741,0.64123,359.1,1094.6,0.01,0.17223,0.63258,165.3,1079.8,0.379,0.37547,0.65472,360.4,1117.6,0.01,0.18077,0.6221,173.5,1061.9,0.369,0.36589,0.653,351.3,1114.7,0.009,0.18385,0.61948,176.5,1057.5,0.263,0.36276,0.64892,348.3,1107.7,0.009,0.30514,0.67158,292.9,1146.4,1.0,0.37333,0.66757,358.4,1139.5,1.0,0.29503,0.76505,283.2,1305.9,0.969,0.35788,0.73869,343.6,1260.9,0.548,0.33901,0.85778,325.4,1464.2,0.971,0.38972,0.81873,374.1,1397.6,0.728,0.36105,0.86996,346.6,1485.0,0.956,0.40317,0.83105,387.0,1418.6,0.869,0.2828,0.87123,271.5,1487.2,0.869,0.34409,0.83509,330.3,1425.5,0.486
6,0.166,960,1707,0.28047,0.54238,269.2,925.8,0.992,0.28092,0.53698,269.7,916.6,0.989,0.27963,0.5363,268.4,915.5,0.989,0.27815,0.53558,267.0,914.2,0.99,0.28775,0.53704,276.2,916.7,0.993,0.2916,0.53626,279.9,915.4,0.994,0.29542,0.53514,283.6,913.5,0.995,0.28354,0.53361,272.2,910.9,0.993,0.30925,0.53282,296.9,909.5,0.993,0.28318,0.54537,271.9,931.0,0.98,0.29063,0.54565,279.0,931.4,0.979,0.27367,0.54913,262.7,937.4,1.0,0.38187,0.55488,366.6,947.2,1.0,0.23081,0.62033,221.6,1058.9,0.932,0.40297,0.60738,386.9,1036.8,0.178,0.19283,0.61166,185.1,1044.1,0.383,0.37075,0.6307,355.9,1076.6,0.01,0.18137,0.60974,174.1,1040.8,0.358,0.36521,0.63545,350.6,1084.7,0.01,0.18975,0.59987,182.2,1024.0,0.349,0.35516,0.63354,341.0,1081.5,0.009,0.1992,0.60098,191.2,1025.9,0.249,0.35394,0.63213,339.8,1079.0,0.009,0.30586,0.67713,293.6,1155.9,1.0,0.37185,0.67333,357.0,1149.4,1.0,0.29266,0.76684,281.0,1309.0,0.97,0.35039,0.73974,336.4,1262.7,0.527,0.33755,0.8578,324.0,1464.3,0.971,0.37522,0.81896,360.2,1398.0,0.725,0.3598,0.87001,345.4,1485.1,0.955,0.38719,0.83204,371.7,1420.3,0.861,0.28256,0.87103,271.3,1486.8,0.872,0.32508,0.83228,312.1,1420.7,0.486
7,0.193,960,1707,0.28026,0.54176,269.0,924.8,0.993,0.27973,0.53673,268.5,916.2,0.989,0.27801,0.53631,266.9,915.5,0.99,0.27645,0.53576,265.4,914.5,0.991,0.28663,0.53645,275.2,915.7,0.993,0.29084,0.53567,279.2,914.4,0.994,0.29444,0.53466,282.7,912.7,0.995,0.2793,0.53381,268.1,911.2,0.993,0.30883,0.53248,296.5,908.9,0.993,0.28291,0.5449,271.6,930.1,0.981,0.29048,0.54515,278.9,930.6,0.98,0.26964,0.54924,258.9,937.5,1.0,0.3815,0.55401,366.2,945.7,1.0,0.2312,0.62507,222.0,1067.0,0.934,0.40317,0.60735,387.0,1036.8,0.173,0.1922,0.62402,184.5,1065.2,0.38,0.37371,0.63484,358.8,1083.7,0.01,0.17754,0.6264,170.4,1069.3,0.354,0.37426,0.6426,359.3,1096.9,0.011,0.18557,0.61551,178.1,1050.7,0.345,0.36296,0.63432,348.4,1082.8,0.01,0.19463,0.61613,186.8,1051.7,0.246,0.36137,0.63509,346.9,1084.1,0.01,0.30631,0.67642,294.1,1154.7,1.0,0.37203,0.67329,357.2,1149.3,1.0,0.29161,0.76756,279.9,1310.2,0.97,0.34405,0.74209,330.3,1266.7,0.514,0.33639,0.85852,322.9,1465.5,0.97,0.3556,0.82523,341.4,1408.7,0.717,0.35847,0.87051,344.1,1486.0,0.951,0.36498,0.84166,350.4,1436.7,0.853,0.28224,0.8714,271.0,1487.5,0.869,0.31748,0.83414,304.8,1423.9,0.48
8,0.221,960,1707,0.28016,0.54151,269.0,924.4,0.993,0.27948,0.53686,268.3,916.4,0.99,0.27771,0.53652,266.6,915.8,0.99,0.27623,0.53601,265.2,915.0,0.991,0.28552,0.53635,274.1,915.6,0.993,0.2895,0.53548,277.9,914.1,0.995,0.29222,0.53448,280.5,912.4,0.996,0.27904,0.53423,267.9,911.9,0.994,0.30617,0.53239,293.9,908.8,0.993,0.28295,0.54465,271.6,929.7,0.983,0.29014,0.54479,278.5,930.0,0.982,0.26842,0.55043,257.7,939.6,1.0,0.38023,0.55367,365.0,945.1,1.0,0.22984,0.62881,220.6,1073.4,0.933,0.40929,0.61051,392.9,1042.1,0.163,0.19119,0.62764,183.5,1071.4,0.378,0.37363,0.63577,358.7,1085.3,0.01,0.17569,0.63159,168.7,1078.1,0.351,0.37411,0.64274,359.1,1097.2,0.011,0.18328,0.62138,175.9,1060.7,0.343,0.36726,0.63874,352.6,1090.3,0.01,0.19302,0.62022,185.3,1058.7,0.245,0.36521,0.6396,350.6,1091.8,0.01,0.30864,0.67733,296.3,1156.2,1.0,0.37217,0.67422,357.3,1150.9,1.0,0.29059,0.76732,279.0,1309.8,0.968,0.33525,0.73798,321.8,1259.7,0.481,0.33563,0.85756,322.2,1463.8,0.967,0.34783,0.81884,333.9,1397.8,0.688,0.35714,0.87002,342.9,1485.1,0.945,0.35433,0.83351,340.2,1422.8,0.83,0.27999,0.87138,268.8,1487.4,0.86,0.29518,0.82505,283.4,1408.4,0.459
9,0.249,960,1707,0.27464,0.54211,263.7,925.4,0.994,0.27417,0.53754,263.2,917.6,0.991,0.27321,0.53717,262.3,916.9,0.991,0.2722,0.53662,261.3,916.0,0.992,0.27928,0.53684,268.1,916.4,0.994,0.28187,0.536,270.6,915.0,0.995,0.28374,0.53501,272.4,913.3,0.996,0.27525,0.53458,264.2,912.5,0.995,0.30284,0.53228,290.7,908.6,0.994,0.27908,0.54484,267.9,930.0,0.984,0.28597,0.54483,274.5,930.0,0.983,0.26835,0.55116,257.6,940.8,1.0,0.37945,0.55305,364.3,944.1,1.0,0.22907,0.63014,219.9,1075.6,0.92,0.41749,0.6112,400.8,1043.3,0.153,0.19027,0.6281,182.7,1072.2,0.357,0.37196,0.62331,357.1,1064.0,0.009,0.17326,0.6329,166.3,1080.4,0.334,0.36349,0.6246,349.0,1066.2,0.01,0.17798,0.62271,170.9,1063.0,0.326,0.35204,0.62073,338.0,1059.6,0.009,0.18618,0.62045,178.7,1059.1,0.233,0.35335,0.62045,339.2,1059.1,0.009,0.30941,0.67869,297.0,1158.5,1.0,0.37277,0.67451,357.9,1151.4,1.0,0.29078,0.76686,279.1,1309.0,0.965,0.33079,0.68611,317.6,1171.2,0.441,0.33546,0.85485,322.0,1459.2,0.962,0.3374,0.76295,323.9,1302.3,0.641,0.35607,0.86899,341.8,1483.4,0.941,0.34648,0.78039,332.6,1332.1,0.788,0.2797,0.87112,268.5,1487.0,0.853,0.30072,0.76794,288.7,1310.9,0.428
10,0.276,960,1707,0.2721,0.54361,261.2,927.9,0.994,0.27115,0.53921,260.3,920.4,0.991,0.27052,0.53866,259.7,919.5,0.991,0.26977,0.53794,259.0,918.3,0.992,0.27611,0.53843,265.1,919.1,0.994,0.27867,0.5374,267.5,917.3,0.995,0.28076,0.53619,269.5,915.3,0.996,0.27437,0.53516,263.4,913.5,0.995,0.29774,0.53283,285.8,909.5,0.994,0.27685,0.54595,265.8,931.9,0.985,0.28398,0.54569,272.6,931.5,0.984,0.26868,0.55116,257.9,940.8,1.0,0.37971,0.55277,364.5,943.6,1.0,0.22914,0.62867,220.0,1073.1,0.905,0.41162,0.61105,395.2,1043.1,0.139,0.1903,0.62921,182.7,1074.1,0.337,0.35788,0.61266,343.6,1045.8,0.009,0.17326,0.63456,166.3,1083.2,0.318,0.34639,0.61158,332.5,1044.0,0.01,0.17814,0.624,171.0,1065.2,0.311,0.33312,0.60755,319.8,1037.1,0.009,0.18626,0.62167,178.8,1061.2,0.221,0.33403,0.60791,320.7,1037.7,0.009,0.31294,0.67956,300.4,1160.0,1.0,0.37296,0.67478,358.0,1151.9,0.999,0.29085,0.76619,279.2,1307.9,0.958,0.30645,0.68834,294.2,1175.0,0.404,0.33492,0.85366,321.5,1457.2,0.952,0.31378,0.78523,301.2,1340.4,0.596,0.35446,0.86849,340.3,1482.5,0.928,0.32417,0.80179,311.2,1368.7,0.745,0.27908,0.87168,267.9,1488.0,0.835,0.27405,0.79301,263.1,1353.7,0.397
11,0.304,960,1707,0.27193,0.54352,261.0,927.8,0.994,0.27156,0.5391,260.7,920.2,0.991,0.27088,0.53859,260.0,919.4,0.991,0.27005,0.53791,259.3,918.2,0.992,0.27668,0.53824,265.6,918.8,0.994,0.27932,0.53721,268.1,917.0,0.995,0.28147,0.53603,270.2,915.0,0.996,0.27508,0.53531,264.1,913.8,0.995,0.29693,0.53299,285.1,909.8,0.994,0.27635,0.54593,265.3,931.9,0.984,0.28316,0.54563,271.8,931.4,0.984,0.27039,0.55107,259.6,940.7,1.0,0.38107,0.55294,365.8,943.9,1.0,0.23412,0.62346,224.8,1064.2,0.872,0.40039,0.61074,384.4,1042.5,0.127,0.19339,0.61617,185.7,1051.8,0.307,0.34758,0.59906,333.7,1022.6,0.008,0.17681,0.61584,169.7,1051.2,0.291,0.33708,0.59647,323.6,1018.2,0.009,0.18171,0.60519,174.4,1033.1,0.285,0.32519,0.59178,312.2,1010.2,0.008,0.19368,0.60524,185.9,1033.1,0.203,0.32557,0.59272,312.6,1011.8,0.008,0.31436,0.68007,301.8,1160.9,1.0,0.37296,0.67472,358.0,1151.7,0.999,0.29094,0.76646,279.3,1308.3,0.955,0.31109,0.69082,298.6,1179.2,0.38,0.33425,0.85317,320.9,1456.4,0.947,0.30647,0.79601,294.2,1358.8,0.578,0.35179,0.86782,337.7,1481.4,0.919,0.31957,0.815,306.8,1391.2,0.725,0.27975,0.87075,268.6,1486.4,0.823,0.26254,0.80352,252.0,1371.6,0.382
12,0.331,960,1707,0.27342,0.54343,262.5,927.6,0.994,0.27354,0.53885,262.6,919.8,0.991,0.27294,0.53835,262.0,919.0,0.992,0.27214,0.53768,261.3,917.8,0.992,0.27842,0.53813,267.3,918.6,0.994,0.28112,0.5372,269.9,917.0,0.995,0.28337,0.53613,272.0,915.2,0.996,0.27939,0.53526,268.2,913.7,0.995,0.29956,0.53372,287.6,911.1,0.995,0.27731,0.54606,266.2,932.1,0.985,0.28421,0.54582,272.8,931.7,0.984,0.27244,0.55065,261.5,940.0,1.0,0.38403,0.55435,368.7,946.3,1.0,0.23445,0.61851,225.1,1055.8,0.875,0.40118,0.61204,385.1,1044.8,0.121,0.19803,0.62019,190.1,1058.7,0.301,0.35574,0.64495,341.5,1100.9,0.008,0.1788,0.62524,171.6,1067.3,0.285,0.34379,0.65402,330.0,1116.4,0.009,0.18266,0.61592,175.4,1051.4,0.279,0.33233,0.65246,319.0,1113.8,0.008,0.19471,0.61477,186.9,1049.4,0.198,0.33274,0.64883,319.4,1107.6,0.008,0.31636,0.67968,303.7,1160.2,1.0,0.37154,0.67547,356.7,1153.0,0.999,0.29054,0.76646,278.9,1308.3,0.957,0.31019,0.7276,297.8,1242.0,0.368,0.33385,0.85267,320.5,1455.5,0.948,0.30233,0.80411,290.2,1372.6,0.572,0.35147,0.86751,337.4,1480.8,0.919,0.31591,0.82225,303.3,1403.6,0.721,0.28008,0.87075,268.9,1486.4,0.825,0.25712,0.80567,246.8,1375.3,0.379
13,0.359,960,1707,0.27645,0.54367,265.4,928.0,0.994,0.27691,0.53897,265.8,920.0,0.992,0.2764,0.53845,265.3,919.1,0.992,0.27567,0.53781,264.6,918.0,0.993,0.28136,0.53843,270.1,919.1,0.994,0.28405,0.53761,272.7,917.7,0.995,0.2863,0.53668,274.9,916.1,0.996,0.28389,0.53596,272.5,914.9,0.995,0.30237,0.53507,290.3,913.4,0.995,0.28021,0.54658,269.0,933.0,0.985,0.28703,0.54651,275.6,932.9,0.984,0.27565,0.55064,264.6,940.0,1.0,0.38509,0.55583,369.7,948.8,1.0,0.23441,0.61597,225.0,1051.5,0.85,0.39788,0.61296,382.0,1046.3,0.111,0.19874,0.62055,190.8,1059.3,0.277,0.36019,0.64648,345.8,1103.5,0.007,0.18339,0.62585,176.1,1068.3,0.264,0.34902,0.65451,335.1,1117.3,0.008,0.19007,0.61672,182.5,1052.7,0.258,0.3397,0.65269,326.1,1114.1,0.008,0.20229,0.61547,194.2,1050.6,0.184,0.33912,0.64969,325.6,1109.0,0.007,0.31757,0.68072,304.9,1162.0,1.0,0.36964,0.67831,354.9,1157.9,0.999,0.28793,0.76649,276.4,1308.4,0.954,0.29464,0.73697,282.9,1258.0,0.346,0.33281,0.85285,319.5,1455.8,0.945,0.29897,0.81452,287.0,1390.4,0.554,0.35094,0.86759,336.9,1481.0,0.911,0.31083,0.82869,298.4,1414.6,0.705,0.27996,0.87016,268.8,1485.4,0.819,0.25259,0.80884,242.5,1380.7,0.368
14,0.387,960,1707,0.28076,0.5462,269.5,932.4,0.994,0.28193,0.54106,270.7,923.6,0.992,0.28158,0.54033,270.3,922.3,0.992,0.28088,0.53957,269.6,921.1,0.993,0.28649,0.54072,275.0,923.0,0.994,0.28912,0.53987,277.6,921.6,0.995,0.29124,0.53898,279.6,920.0,0.996,0.28974,0.53751,278.1,917.5,0.995,0.30751,0.53718,295.2,917.0,0.995,0.2857,0.54905,274.3,937.2,0.986,0.29223,0.54906,280.5,937.3,0.985,0.28361,0.55123,272.3,940.9,1.0,0.38765,0.55955,372.1,955.2,1.0,0.23711,0.60957,227.6,1040.5,0.857,0.3986,0.61813,382.7,1055.2,0.11,0.19431,0.62612,186.5,1068.8,0.292,0.36314,0.66066,348.6,1127.7,0.007,0.18326,0.62775,175.9,1071.6,0.278,0.3531,0.67252,339.0,1148.0,0.009,0.18936,0.62101,181.8,1060.1,0.272,0.34524,0.6713,331.4,1145.9,0.008,0.20083,0.61755,192.8,1054.2,0.192,0.34538,0.66656,331.6,1137.8,0.008,0.31819,0.68257,305.5,1165.1,1.0,0.36594,0.68123,351.3,1162.9,0.999,0.27975,0.76694,268.6,1309.2,0.956,0.29097,0.74492,279.3,1271.6,0.337,0.33176,0.85212,318.5,1454.6,0.947,0.29832,0.82052,286.4,1400.6,0.555,0.35019,0.86457,336.2,1475.8,0.914,0.31187,0.83277,299.4,1421.5,0.709,0.27637,0.86782,265.3,1481.4,0.826,0.24644,0.81999,236.6,1399.7,0.375
15,0.414,960,1707,0.29027,0.54789,278.7,935.3,0.995,0.29097,0.54246,279.3,926.0,0.993,0.29044,0.54188,278.8,925.0,0.993,0.28967,0.54133,278.1,924.0,0.993,0.29579,0.5422,284.0,925.5,0.995,0.29849,0.54155,286.5,924.4,0.996,0.30092,0.54091,288.9,923.3,0.997,0.29693,0.53954,285.0,921.0,0.996,0.31836,0.53944,305.6,920.8,0.995,0.29537,0.5513,283.6,941.1,0.987,0.30145,0.55141,289.4,941.3,0.986,0.29458,0.55204,282.8,942.3,1.0,0.38886,0.56286,373.3,960.8,1.0,0.24333,0.60818,233.6,1038.2,0.84,0.34983,0.61005,335.8,1041.4,0.099,0.19099,0.62565,183.3,1068.0,0.293,0.27665,0.58823,265.6,1004.1,0.011,0.18297,0.62671,175.6,1069.8,0.286,0.2639,0.58022,253.3,990.4,0.016,0.18892,0.6208,181.4,1059.7,0.278,0.25298,0.57658,242.9,984.2,0.015,0.19937,0.61758,191.4,1054.2,0.198,0.25402,0.58022,243.9,990.4,0.014,0.32206,0.68348,309.2,1166.7,1.0,0.3663,0.68336,351.6,1166.5,1.0,0.26913,0.76654,258.4,1308.5,0.95,0.2877,0.74619,276.2,1273.8,0.315,0.32874,0.84912,315.6,1449.4,0.939,0.29643,0.82458,284.6,1407.6,0.537,0.34935,0.85961,335.4,1467.4,0.897,0.30981,0.83489,297.4,1425.2,0.686,0.27664,0.8678,265.6,1481.3,0.822,0.24186,0.82739,232.2,1412.3,0.377
16,0.442,960,1707,0.29613,0.54784,284.3,935.2,0.995,0.29601,0.5425,284.2,926.0,0.992,0.29525,0.54207,283.4,925.3,0.992,0.29432,0.54168,282.5,924.6,0.993,0.30205,0.54221,290.0,925.6,0.994,0.3052,0.54177,293.0,924.8,0.995,0.30805,0.54134,295.7,924.1,0.996,0.29986,0.5403,287.9,922.3,0.995,0.32578,0.54044,312.7,922.5,0.995,0.30041,0.55147,288.4,941.4,0.986,0.30749,0.5516,295.2,941.6,0.984,0.29791,0.55362,286.0,945.0,1.0,0.39056,0.56644,374.9,966.9,1.0,0.25032,0.60873,240.3,1039.1,0.786,0.36669,0.61994,352.0,1058.2,0.09,0.1922,0.62539,184.5,1067.5,0.273,0.28993,0.6071,278.3,1036.3,0.011,0.18152,0.62768,174.3,1071.4,0.269,0.27793,0.60381,266.8,1030.7,0.018,0.18401,0.62408,176.7,1065.3,0.262,0.26541,0.60081,254.8,1025.6,0.016,0.1947,0.62162,186.9,1061.1,0.185,0.26668,0.6027,256.0,1028.8,0.015,0.32168,0.68631,308.8,1171.5,1.0,0.36656,0.68782,351.9,1174.1,1.0,0.25174,0.76413,241.7,1304.4,0.897,0.28358,0.74789,272.2,1276.7,0.285,0.32285,0.84333,309.9,1439.6,0.894,0.29462,0.82757,282.8,1412.7,0.494,0.34789,0.85236,334.0,1455.0,0.861,0.30692,0.83938,294.6,1432.8,0.642,0.27684,0.86701,265.8,1480.0,0.78,0.2437,0.83635,234.0,1427.7,0.35
17,0.469,960,1707,0.3008,0.55109,288.8,940.7,0.995,0.30044,0.54559,288.4,931.3,0.993,0.29956,0.54521,287.6,930.7,0.993,0.29852,0.54491,286.6,930.2,0.994,0.30664,0.54535,294.4,930.9,0.995,0.3101,0.54495,297.7,930.2,0.995,0.31336,0.54463,300.8,929.7,0.997,0.30509,0.54371,292.9,928.1,0.996,0.33171,0.54374,318.4,928.2,0.995,0.30475,0.55477,292.6,947.0,0.986,0.31205,0.5548,299.6,947.0,0.984,0.30116,0.5564,289.1,949.8,1.0,0.39678,0.56906,380.9,971.4,1.0,0.24825,0.59549,238.3,1016.5,0.724,0.36719,0.62162,352.5,1061.1,0.081,0.19224,0.62251,184.5,1062.6,0.249,0.28884,0.60223,277.3,1028.0,0.011,0.18527,0.62024,177.9,1058.7,0.248,0.27719,0.59573,266.1,1016.9,0.017,0.18566,0.62013,178.2,1058.6,0.241,0.26644,0.59273,255.8,1011.8,0.016,0.19677,0.6187,188.9,1056.1,0.17,0.26725,0.5953,256.6,1016.2,0.015,0.32123,0.6882,308.4,1174.8,1.0,0.3687,0.69099,354.0,1179.5,1.0,0.23287,0.75856,223.6,1294.9,0.863,0.28724,0.75032,275.8,1280.8,0.26,0.30953,0.83251,297.2,1421.1,0.853,0.29092,0.82627,279.3,1410.4,0.465,0.33896,0.83673,325.4,1428.3,0.819,0.3073,0.83799,295.0,1430.4,0.609,0.27448,0.8621,263.5,1471.6,0.742,0.24463,0.84048,234.8,1434.7,0.335
18,0.497,960,1707,0.3036,0.55363,291.5,945.1,0.995,0.30422,0.54783,292.0,935.2,0.993,0.30366,0.54757,291.5,934.7,0.993,0.30296,0.54739,290.8,934.4,0.994,0.30979,0.54761,297.4,934.8,0.995,0.31332,0.54734,300.8,934.3,0.995,0.3168,0.54717,304.1,934.0,0.996,0.30981,0.54662,297.4,933.1,0.996,0.33624,0.54694,322.8,933.6,0.995,0.30732,0.55754,295.0,951.7,0.986,0.31433,0.55789,301.8,952.3,0.984,0.30696,0.56006,294.7,956.0,1.0,0.39838,0.57503,382.4,981.6,1.0,0.24701,0.59969,237.1,1023.7,0.681,0.37231,0.63294,357.4,1080.4,0.073,0.20045,0.62063,192.4,1059.4,0.233,0.32465,0.65516,311.7,1118.4,0.01,0.18642,0.62157,179.0,1061.0,0.235,0.32159,0.65989,308.7,1126.4,0.016,0.18667,0.62052,179.2,1059.2,0.229,0.31419,0.659,301.6,1124.9,0.015,0.19754,0.61917,189.6,1056.9,0.161,0.31169,0.65718,299.2,1121.8,0.014,0.32087,0.69047,308.0,1178.6,1.0,0.37148,0.69573,356.6,1187.6,1.0,0.21788,0.75408,209.2,1287.2,0.833,0.29021,0.75366,278.6,1286.5,0.239,0.30532,0.82408,293.1,1406.7,0.817,0.29199,0.82554,280.3,1409.2,0.444,0.3348,0.82895,321.4,1415.0,0.78,0.30977,0.83744,297.4,1429.5,0.583,0.27287,0.85771,262.0,1464.1,0.709,0.25156,0.84531,241.5,1442.9,0.325
19,0.525,960,1707,0.30787,0.55951,295.6,955.1,0.994,0.30856,0.55365,296.2,945.1,0.992,0.30807,0.55332,295.7,944.5,0.992,0.3074,0.55307,295.1,944.1,0.993,0.3144,0.5534,301.8,944.6,0.994,0.31819,0.553,305.5,944.0,0.995,0.32195,0.55268,309.1,943.4,0.996,0.3135,0.55224,301.0,942.7,0.995,0.34025,0.55233,326.6,942.8,0.994,0.31215,0.56312,299.7,961.2,0.984,0.31978,0.56383,307.0,962.5,0.981,0.31152,0.56473,299.1,964.0,1.0,0.39938,0.57936,383.4,989.0,0.999,0.24774,0.59756,237.8,1020.0,0.633,0.37064,0.62957,355.8,1074.7,0.066,0.19998,0.62292,192.0,1063.3,0.215,0.32619,0.64396,313.1,1099.2,0.009,0.18881,0.62248,181.3,1062.6,0.22,0.32217,0.64746,309.3,1105.2,0.015,0.18955,0.62056,182.0,1059.3,0.214,0.31521,0.64554,302.6,1101.9,0.014,0.20113,0.61913,193.1,1056.9,0.15,0.312,0.64434,299.5,1099.9,0.013,0.32146,0.69081,308.6,1179.2,1.0,0.3741,0.69737,359.1,1190.4,1.0,0.21038,0.74976,202.0,1279.8,0.795,0.28455,0.75181,273.2,1283.3,0.217,0.29792,0.81972,286.0,1399.3,0.788,0.29378,0.81556,282.0,1392.2,0.413,0.32757,0.82443,314.5,1407.3,0.756,0.31301,0.82671,300.5,1411.2,0.549,0.26586,0.85297,255.2,1456.0,0.688,0.25467,0.84322,244.5,1439.4,0.306
20,0.552,960,1707,0.3102,0.56326,297.8,961.5,0.994,0.31142,0.55743,299.0,951.5,0.992,0.31097,0.55694,298.5,950.7,0.992,0.31033,0.55655,297.9,950.0,0.993,0.31759,0.55733,304.9,951.4,0.994,0.32152,0.55691,308.7,950.6,0.994,0.32523,0.55657,312.2,950.1,0.996,0.31599,0.55568,303.4,948.5,0.995,0.34286,0.55641,329.1,949.8,0.994,0.31464,0.5666,302.1,967.2,0.983,0.32207,0.56744,309.2,968.6,0.98,0.31145,0.56826,299.0,970.0,1.0,0.40177,0.58281,385.7,994.9,0.999,0.24826,0.59978,238.3,1023.8,0.585,0.37263,0.6323,357.7,1079.3,0.059,0.2024,0.62312,194.3,1063.7,0.197,0.34173,0.65885,328.1,1124.6,0.008,0.18908,0.62295,181.5,1063.4,0.203,0.33925,0.66518,325.7,1135.5,0.014,0.19572,0.61963,187.9,1057.7,0.197,0.33307,0.6647,319.7,1134.6,0.013,0.20489,0.61841,196.7,1055.6,0.139,0.33046,0.6624,317.2,1130.7,0.012,0.32243,0.6919,309.5,1181.1,1.0,0.37714,0.70011,362.1,1195.1,1.0,0.20539,0.74427,197.2,1270.5,0.755,0.283,0.75416,271.7,1287.3,0.198,0.29015,0.81489,278.5,1391.0,0.758,0.28877,0.81545,277.2,1392.0,0.39,0.3226,0.82242,309.7,1403.9,0.73,0.30799,0.82888,295.7,1414.9,0.525,0.25129,0.84615,241.2,1444.4,0.664,0.24602,0.84123,236.2,1436.0,0.294
21,0.58,960,1707,0.3139,0.56876,301.3,970.9,0.994,0.31489,0.56242,302.3,960.0,0.992,0.31478,0.56195,302.2,959.2,0.991,0.31449,0.56159,301.9,958.6,0.992,0.3209,0.56219,308.1,959.7,0.994,0.32484,0.56176,311.8,958.9,0.994,0.32843,0.56141,315.3,958.3,0.996,0.32088,0.56056,308.0,956.9,0.994,0.34698,0.56097,333.1,957.6,0.994,0.31927,0.57242,306.5,977.1,0.981,0.32684,0.57324,313.8,978.5,0.979,0.32283,0.57318,309.9,978.4,1.0,0.40288,0.58698,386.8,1002.0,0.999,0.25175,0.5985,241.7,1021.6,0.537,0.39,0.64282,374.4,1097.3,0.054,0.2295,0.59154,220.3,1009.8,0.181,0.373,0.68242,358.1,1164.9,0.008,0.21486,0.58906,206.3,1005.5,0.189,0.37365,0.69713,358.7,1190.0,0.014,0.22859,0.58524,219.4,999.0,0.184,0.36716,0.69765,352.5,1190.9,0.013,0.23672,0.58861,227.3,1004.8,0.13,0.36629,0.69384,351.6,1184.4,0.012,0.3259,0.69509,312.9,1186.5,1.0,0.37857,0.70323,363.4,1200.4,1.0,0.20167,0.73741,193.6,1258.8,0.725,0.28082,0.75415,269.6,1287.3,0.183,0.27779,0.81259,266.7,1387.1,0.734,0.28275,0.8158,271.4,1392.6,0.373,0.30461,0.82305,292.4,1404.9,0.706,0.30046,0.83133,288.4,1419.1,0.506,0.23415,0.84254,224.8,1438.2,0.64,0.2374,0.84006,227.9,1434.0,0.283
22,0.608,960,1707,0.31455,0.57311,302.0,978.3,0.994,0.3148,0.56622,302.2,966.5,0.992,0.31457,0.56577,302.0,965.8,0.991,0.31416,0.5654,301.6,965.1,0.993,0.31993,0.56609,307.1,966.3,0.994,0.3233,0.56563,310.4,965.5,0.995,0.32641,0.56525,313.3,964.9,0.996,0.32138,0.56479,308.5,964.1,0.994,0.34364,0.56484,329.9,964.2,0.994,0.32014,0.57741,307.3,985.6,0.982,0.32679,0.5779,313.7,986.5,0.98,0.33075,0.57912,317.5,988.6,1.0,0.40479,0.58986,388.6,1006.9,1.0,0.25825,0.59726,247.9,1019.5,0.492,0.397,0.64616,381.1,1103.0,0.049,0.23371,0.58501,224.4,998.6,0.166,0.36857,0.67782,353.8,1157.0,0.008,0.2224,0.57758,213.5,985.9,0.177,0.36447,0.68623,349.9,1171.4,0.014,0.23606,0.57318,226.6,978.4,0.173,0.35656,0.68573,342.3,1170.5,0.013,0.24523,0.57721,235.4,985.3,0.122,0.35653,0.6832,342.3,1166.2,0.012,0.32782,0.69797,314.7,1191.4,1.0,0.38084,0.7067,365.6,1206.3,1.0,0.19981,0.73528,191.8,1255.1,0.707,0.28031,0.7538,269.1,1286.7,0.169,0.2601,0.8161,249.7,1393.1,0.72,0.28123,0.82024,270.0,1400.2,0.361,0.28308,0.82862,271.8,1414.4,0.687,0.29791,0.83794,286.0,1430.4,0.491,0.20099,0.83962,192.9,1433.2,0.625,0.22726,0.83986,218.2,1433.6,0.275
23,0.635,960,1707,0.31866,0.57496,305.9,981.5,0.995,0.31772,0.56841,305.0,970.3,0.993,0.31694,0.56802,304.3,969.6,0.992,0.31609,0.56766,303.4,969.0,0.993,0.32385,0.56812,310.9,969.8,0.995,0.32765,0.56762,314.5,968.9,0.995,0.33128,0.56719,318.0,968.2,0.997,0.32095,0.56698,308.1,967.8,0.994,0.348,0.56694,334.1,967.8,0.995,0.32203,0.57891,309.2,988.2,0.983,0.33007,0.57924,316.9,988.8,0.982,0.3283,0.58148,315.2,992.6,1.0,0.4053,0.58959,389.1,1006.4,0.999,0.25624,0.59839,246.0,1021.5,0.478,0.39042,0.64093,374.8,1094.1,0.044,0.24446,0.57683,234.7,984.7,0.172,0.35796,0.63702,343.6,1087.4,0.008,0.23193,0.56994,222.7,972.9,0.193,0.3543,0.63487,340.1,1083.7,0.014,0.24503,0.56394,235.2,962.6,0.189,0.34755,0.63311,333.6,1080.7,0.013,0.25128,0.56825,241.2,970.0,0.136,0.34591,0.63392,332.1,1082.1,0.013,0.32813,0.70528,315.0,1203.9,1.0,0.38242,0.71052,367.1,1212.9,1.0,0.20004,0.72868,192.0,1243.9,0.726,0.28031,0.75261,269.1,1284.7,0.173,0.23899,0.81736,229.4,1395.2,0.742,0.28165,0.82489,270.4,1408.1,0.393,0.26226,0.83082,251.8,1418.2,0.706,0.29647,0.84051,284.6,1434.7,0.515,0.18362,0.83869,176.3,1431.6,0.652,0.22812,0.83933,219.0,1432.7,0.312
24,0.663,960,1707,0.32239,0.57864,309.5,987.7,0.995,0.32096,0.57169,308.1,975.9,0.994,0.32006,0.57136,307.3,975.3,0.993,0.31914,0.57104,306.4,974.8,0.994,0.32716,0.57141,314.1,975.4,0.995,0.33076,0.57097,317.5,974.6,0.996,0.33416,0.57054,320.8,973.9,0.997,0.32472,0.57104,311.7,974.8,0.995,0.35056,0.57061,336.5,974.0,0.995,0.32567,0.58338,312.6,995.8,0.985,0.33342,0.58365,320.1,996.3,0.984,0.33614,0.58746,322.7,1002.8,1.0,0.40576,0.59552,389.5,1016.6,1.0,0.25743,0.59906,247.1,1022.6,0.476,0.34782,0.61563,333.9,1050.9,0.043,0.25246,0.57817,242.4,986.9,0.182,0.2826,0.58326,271.3,995.6,0.03,0.23993,0.57282,230.3,977.8,0.211,0.27059,0.5738,259.8,979.5,0.048,0.25062,0.56923,240.6,971.7,0.206,0.26747,0.57163,256.8,975.8,0.047,0.25814,0.57209,247.8,976.6,0.153,0.26926,0.57552,258.5,982.4,0.046,0.32798,0.70811,314.9,1208.7,1.0,0.38223,0.71359,366.9,1218.1,1.0,0.20229,0.72682,194.2,1240.7,0.748,0.27851,0.75148,267.4,1282.8,0.193,0.21829,0.81963,209.6,1399.1,0.764,0.27861,0.82969,267.5,1416.3,0.431,0.23965,0.83497,230.1,1425.3,0.729,0.28636,0.84443,274.9,1441.4,0.545,0.15923,0.83453,152.9,1424.5,0.682,0.22797,0.83923,218.9,1432.6,0.357
25,0.69,960,1707,0.32472,0.57959,311.7,989.4,0.996,0.32285,0.57357,309.9,979.1,0.994,0.32185,0.57317,309.0,978.4,0.994,0.32081,0.57271,308.0,977.6,0.995,0.3293,0.57339,316.1,978.8,0.996,0.33289,0.57294,319.6,978.0,0.996,0.33625,0.57248,322.8,977.2,0.997,0.32565,0.57232,312.6,977.0,0.995,0.35302,0.57255,338.9,977.3,0.996,0.32695,0.58362,313.9,996.2,0.986,0.33573,0.5837,322.3,996.4,0.985,0.33668,0.58786,323.2,1003.5,1.0,0.40813,0.59712,391.8,1019.3,1.0,0.25887,0.59952,248.5,1023.4,0.51,0.35418,0.61262,340.0,1045.7,0.041,0.25333,0.57239,243.2,977.1,0.235,0.29048,0.58421,278.9,997.3,0.047,0.23914,0.56942,229.6,972.0,0.266,0.27946,0.57617,268.3,983.5,0.077,0.25164,0.56181,241.6,959.0,0.261,0.27273,0.57062,261.8,974.0,0.074,0.25801,0.56598,247.7,966.1,0.206,0.27497,0.57089,264.0,974.5,0.074,0.32649,0.71234,313.4,1216.0,1.0,0.38212,0.71811,366.8,1225.8,1.0,0.20102,0.7265,193.0,1240.1,0.77,0.27842,0.74911,267.3,1278.7,0.223,0.19864,0.82058,190.7,1400.7,0.787,0.27748,0.83213,266.4,1420.4,0.473,0.21344,0.83724,204.9,1429.2,0.754,0.28323,0.84764,271.9,1446.9,0.579,0.13714,0.8273,131.7,1412.2,0.711,0.22616,0.83866,217.1,1431.6,0.403
26,0.718,960,1707,0.32736,0.58518,314.3,998.9,0.996,0.326,0.57908,313.0,988.5,0.995,0.3252,0.57845,312.2,987.4,0.994,0.32438,0.57775,311.4,986.2,0.995,0.33244,0.57923,319.1,988.7,0.996,0.33616,0.57876,322.7,987.9,0.996,0.33972,0.57824,326.1,987.1,0.998,0.32986,0.57754,316.7,985.9,0.996,0.3552,0.57836,341.0,987.3,0.996,0.32992,0.58934,316.7,1006.0,0.988,0.33797,0.58934,324.5,1006.0,0.987,0.34307,0.59408,329.3,1014.1,1.0,0.41024,0.60187,393.8,1027.4,1.0,0.26174,0.59979,251.3,1023.8,0.518,0.34306,0.61186,329.3,1044.4,0.039,0.25211,0.57202,242.0,976.4,0.261,0.26197,0.57237,251.5,977.0,0.066,0.23618,0.56485,226.7,964.2,0.299,0.24615,0.55984,236.3,955.7,0.107,0.24619,0.55993,236.3,955.8,0.294,0.237,0.55385,227.5,945.4,0.104,0.25427,0.56318,244.1,961.4,0.237,0.24484,0.56243,235.0,960.1,0.103,0.32695,0.7158,313.9,1221.9,1.0,0.38519,0.72255,369.8,1233.4,1.0,0.20394,0.72406,195.8,1236.0,0.787,0.27828,0.74835,267.2,1277.4,0.243,0.18425,0.81955,176.9,1399.0,0.805,0.27575,0.83186,264.7,1420.0,0.511,0.18862,0.83741,181.1,1429.5,0.773,0.28125,0.84794,270.0,1447.4,0.607,0.12287,0.81244,118.0,1386.8,0.736,0.22603,0.83859,217.0,1431.5,0.443
27,0.746,960,1707,0.33794,0.58171,324.4,993.0,0.996,0.33616,0.57611,322.7,983.4,0.995,0.33507,0.57576,321.7,982.8,0.995,0.33426,0.57527,320.9,982.0,0.996,0.34306,0.57626,329.3,983.7,0.996,0.34707,0.57604,333.2,983.3,0.997,0.35147,0.57572,337.4,982.7,0.998,0.33701,0.5757,323.5,982.7,0.996,0.36654,0.57758,351.9,985.9,0.996,0.33994,0.58595,326.3,1000.2,0.989,0.34774,0.58616,333.8,1000.6,0.988,0.3441,0.59441,330.3,1014.7,1.0,0.41528,0.60522,398.7,1033.1,1.0,0.26272,0.60127,252.2,1026.4,0.554,0.39982,0.64578,383.8,1102.4,0.035,0.25331,0.5735,243.2,979.0,0.309,0.36812,0.65481,353.4,1117.8,0.06,0.23785,0.56702,228.3,967.9,0.346,0.36741,0.65816,352.7,1123.5,0.099,0.25141,0.56287,241.4,960.8,0.341,0.35875,0.65617,344.4,1120.1,0.096,0.25931,0.56572,248.9,965.7,0.282,0.35526,0.65528,341.0,1118.6,0.095,0.3268,0.71851,313.7,1226.5,1.0,0.38675,0.72504,371.3,1237.7,1.0,0.20558,0.72034,197.4,1229.6,0.806,0.27893,0.74866,267.8,1278.0,0.284,0.17748,0.81395,170.4,1389.4,0.824,0.27633,0.83193,265.3,1420.1,0.554,0.1794,0.83425,172.2,1424.1,0.794,0.28373,0.84832,272.4,1448.1,0.641,0.11551,0.80082,110.9,1367.0,0.76,0.22839,0.8369,219.3,1428.6,0.486
28,0.773,960,1707,0.34045,0.58619,326.8,1000.6,0.997,0.33914,0.58082,325.6,991.5,0.996,0.33815,0.5804,324.6,990.7,0.995,0.33728,0.57982,323.8,989.8,0.996,0.34582,0.58097,332.0,991.7,0.997,0.34962,0.58072,335.6,991.3,0.997,0.35357,0.58028,339.4,990.5,0.998,0.34078,0.58022,327.1,990.4,0.997,0.3696,0.58157,354.8,992.7,0.997,0.34252,0.59018,328.8,1007.4,0.99,0.35037,0.59058,336.4,1008.1,0.989,0.34499,0.59981,331.2,1023.9,1.0,0.41985,0.61136,403.1,1043.6,1.0,0.26299,0.60362,252.5,1030.4,0.578,0.42513,0.66357,408.1,1132.7,0.032,0.25029,0.57337,240.3,978.7,0.333,0.38839,0.68995,372.9,1177.7,0.055,0.23616,0.56587,226.7,965.9,0.37,0.3852,0.69745,369.8,1190.6,0.091,0.24741,0.5619,237.5,959.2,0.365,0.37403,0.69651,359.1,1188.9,0.088,0.25493,0.56508,244.7,964.6,0.303,0.37205,0.69407,357.2,1184.8,0.088,0.33027,0.72089,317.1,1230.6,1.0,0.38905,0.72862,373.5,1243.7,1.0,0.20687,0.71836,198.6,1226.2,0.822,0.27912,0.74872,268.0,1278.1,0.311,0.17589,0.8096,168.9,1382.0,0.84,0.27663,0.83209,265.6,1420.4,0.59,0.1779,0.82917,170.8,1415.4,0.812,0.28525,0.84828,273.8,1448.0,0.669,0.11411,0.79393,109.5,1355.2,0.78,0.22966,0.83596,220.5,1427.0,0.519
29,0.801,960,1707,0.34201,0.58797,328.3,1003.7,0.997,0.34005,0.58164,326.4,992.9,0.996,0.33858,0.58136,325.0,992.4,0.996,0.33732,0.58087,323.8,991.6,0.996,0.34778,0.582,333.9,993.5,0.997,0.35158,0.58179,337.5,993.1,0.997,0.35535,0.58139,341.1,992.4,0.998,0.34096,0.58162,327.3,992.8,0.997,0.37078,0.58256,356.0,994.4,0.997,0.3425,0.59214,328.8,1010.8,0.991,0.35191,0.59241,337.8,1011.2,0.99,0.34523,0.60244,331.4,1028.4,1.0,0.42261,0.61513,405.7,1050.0,1.0,0.26282,0.60511,252.3,1032.9,0.603,0.42861,0.66311,411.5,1131.9,0.029,0.25143,0.57195,241.4,976.3,0.367,0.38472,0.6829,369.3,1165.7,0.05,0.24213,0.56619,232.4,966.5,0.403,0.37971,0.68836,364.5,1175.0,0.084,0.25191,0.56317,241.8,961.3,0.399,0.3681,0.68782,353.4,1174.1,0.081,0.25779,0.56644,247.5,966.9,0.335,0.36676,0.68621,352.1,1171.4,0.081,0.33118,0.72353,317.9,1235.1,1.0,0.3906,0.73332,375.0,1251.8,1.0,0.20715,0.71586,198.9,1222.0,0.837,0.28164,0.74862,270.4,1277.9,0.337,0.17877,0.80563,171.6,1375.2,0.855,0.27643,0.8318,265.4,1419.9,0.624,0.18108,0.82432,173.8,1407.1,0.828,0.28385,0.84767,272.5,1447.0,0.696,0.11202,0.79072,107.5,1349.8,0.798,0.23023,0.83617,221.0,1427.3,0.552
30,0.829,960,1707,0.33976,0.59239,326.2,1011.2,0.997,0.33887,0.58561,325.3,999.6,0.996,0.33774,0.58499,324.2,998.6,0.996,0.33671,0.58446,323.2,997.7,0.997,0.34635,0.58539,332.5,999.3,0.997,0.35011,0.58482,336.1,998.3,0.998,0.3541,0.58405,339.9,997.0,0.998,0.34277,0.58455,329.1,997.8,0.997,0.36923,0.58442,354.5,997.6,0.997,0.34085,0.59617,327.2,1017.7,0.992,0.35026,0.5966,336.2,1018.4,0.991,0.34704,0.60663,333.2,1035.5,1.0,0.42378,0.61906,406.8,1056.7,1.0,0.26292,0.60503,252.4,1032.8,0.637,0.41839,0.67117,401.7,1145.7,0.03,0.24975,0.56964,239.8,972.4,0.409,0.36907,0.67993,354.3,1160.6,0.046,0.23886,0.56236,229.3,960.0,0.442,0.36609,0.68336,351.4,1166.5,0.077,0.2486,0.56038,238.7,956.6,0.438,0.35596,0.68185,341.7,1163.9,0.074,0.25502,0.56468,244.8,963.9,0.373,0.3526,0.68066,338.5,1161.9,0.074,0.33214,0.72583,318.9,1239.0,1.0,0.39153,0.7355,375.9,1255.5,1.0,0.21004,0.71238,201.6,1216.0,0.852,0.28582,0.74854,274.4,1277.8,0.374,0.18273,0.80193,175.4,1368.9,0.869,0.2771,0.83161,266.0,1419.6,0.657,0.1846,0.82103,177.2,1401.5,0.845,0.28525,0.84711,273.8,1446.0,0.723,0.11197,0.78603,107.5,1341.8,0.817,0.23143,0.83657,222.2,1428.0,0.589
31,0.856,960,1707,0.34238,0.59808,328.7,1020.9,0.998,0.34123,0.5923,327.6,1011.1,0.997,0.34038,0.59158,326.8,1009.8,0.996,0.33985,0.59072,326.3,1008.4,0.997,0.34935,0.59278,335.4,1011.9,0.998,0.35381,0.59247,339.7,1011.4,0.998,0.35861,0.59188,344.3,1010.3,0.998,0.34638,0.59066,332.5,1008.3,0.998,0.3745,0.59175,359.5,1010.1,0.998,0.34337,0.60113,329.6,1026.1,0.992,0.35298,0.60242,338.9,1028.3,0.992,0.35022,0.61041,336.2,1042.0,1.0,0.42321,0.62314,406.3,1063.7,1.0,0.26443,0.60621,253.8,1034.8,0.649,0.41981,0.67336,403.0,1149.4,0.027,0.25005,0.57017,240.1,973.3,0.432,0.363,0.68568,348.5,1170.5,0.042,0.23796,0.56369,228.4,962.2,0.464,0.35751,0.6888,343.2,1175.8,0.071,0.24782,0.56072,237.9,957.1,0.461,0.34921,0.68843,335.2,1175.1,0.068,0.25373,0.56429,243.6,963.2,0.395,0.34683,0.68772,333.0,1173.9,0.068,0.33279,0.72921,319.5,1244.8,1.0,0.39285,0.73868,377.1,1260.9,1.0,0.21518,0.70619,206.6,1205.5,0.856,0.29073,0.74686,279.1,1274.9,0.36,0.18526,0.79585,177.9,1358.5,0.878,0.27732,0.83096,266.2,1418.4,0.669,0.18727,0.81478,179.8,1390.8,0.853,0.28588,0.84605,274.4,1444.2,0.733,0.11216,0.78152,107.7,1334.0,0.826,0.23178,0.83671,222.5,1428.3,0.594
32,0.884,960,1707,0.34735,0.60231,333.5,1028.2,0.998,0.34763,0.59654,333.7,1018.3,0.997,0.34717,0.59581,333.3,1017.0,0.997,0.34687,0.59496,333.0,1015.6,0.997,0.35404,0.59715,339.9,1019.3,0.998,0.35788,0.5969,343.6,1018.9,0.998,0.36183,0.59645,347.4,1018.1,0.999,0.35362,0.59489,339.5,1015.5,0.998,0.37602,0.59698,361.0,1019.0,0.998,0.34841,0.6055,334.5,1033.6,0.993,0.35697,0.60663,342.7,1035.5,0.992,0.35392,0.61409,339.8,1048.2,1.0,0.42453,0.62894,407.5,1073.6,1.0,0.2658,0.60609,255.2,1034.6,0.677,0.41995,0.66753,403.1,1139.5,0.026,0.25027,0.57062,240.3,974.1,0.468,0.35395,0.67261,339.8,1148.1,0.038,0.23754,0.56487,228.0,964.2,0.496,0.33816,0.67568,324.6,1153.4,0.065,0.24942,0.56135,239.4,958.2,0.494,0.33061,0.67443,317.4,1151.3,0.063,0.25466,0.56417,244.5,963.0,0.428,0.33355,0.67372,320.2,1150.0,0.063,0.33616,0.73158,322.7,1248.8,1.0,0.39408,0.74308,378.3,1268.4,1.0,0.22231,0.70201,213.4,1198.3,0.867,0.29303,0.74884,281.3,1278.3,0.373,0.18516,0.7914,177.8,1350.9,0.889,0.27771,0.83089,266.6,1418.3,0.695,0.18911,0.80919,181.5,1381.3,0.865,0.28644,0.84592,275.0,1444.0,0.753,0.11372,0.77457,109.2,1322.2,0.841,0.23214,0.8367,222.9,1428.3,0.622
33,0.911,960,1707,0.34865,0.60791,334.7,1037.7,0.998,0.3468,0.60253,332.9,1028.5,0.997,0.34594,0.60202,332.1,1027.6,0.997,0.34533,0.60136,331.5,1026.5,0.998,0.35512,0.60286,340.9,1029.1,0.998,0.36191,0.60176,347.4,1027.2,0.998,0.36617,0.6021,351.5,1027.8,0.999,0.35691,0.59757,342.6,1020.1,0.998,0.38208,0.60237,366.8,1028.3,0.998,0.34875,0.61138,334.8,1043.6,0.993,0.35948,0.61289,345.1,1046.2,0.993,0.35819,0.61872,343.9,1056.2,1.0,0.42717,0.63615,410.1,1085.9,1.0,0.26787,0.60615,257.2,1034.7,0.693,0.41897,0.68493,402.2,1169.2,0.023,0.24988,0.5698,239.9,972.6,0.5,0.35512,0.71569,340.9,1221.7,0.036,0.23699,0.56304,227.5,961.1,0.526,0.34142,0.72357,327.8,1235.1,0.061,0.24836,0.55941,238.4,954.9,0.523,0.33109,0.72382,317.8,1235.6,0.058,0.25387,0.56342,243.7,961.8,0.456,0.33558,0.72148,322.2,1231.6,0.059,0.33556,0.73382,322.1,1252.6,1.0,0.39543,0.7481,379.6,1277.0,1.0,0.22769,0.69903,218.6,1193.2,0.872,0.2926,0.74884,280.9,1278.3,0.398,0.1875,0.78616,180.0,1342.0,0.898,0.27781,0.83083,266.7,1418.2,0.72,0.19348,0.80403,185.7,1372.5,0.873,0.28546,0.84589,274.0,1443.9,0.772,0.11854,0.77132,113.8,1316.6,0.85,0.23229,0.83616,223.0,1427.3,0.648
34,0.939,960,1707,0.36167,0.60733,347.2,1036.7,0.998,0.36209,0.60095,347.6,1025.8,0.997,0.36125,0.60031,346.8,1024.7,0.997,0.36084,0.59951,346.4,1023.4,0.998,0.37065,0.60184,355.8,1027.3,0.998,0.37583,0.60163,360.8,1027.0,0.998,0.38082,0.6015,365.6,1026.8,0.999,0.37171,0.59529,356.8,1016.2,0.998,0.39532,0.60261,379.5,1028.7,0.998,0.36126,0.61125,346.8,1043.4,0.994,0.37183,0.61282,357.0,1046.1,0.993,0.36364,0.61991,349.1,1058.2,1.0,0.43152,0.6404,414.3,1093.2,1.0,0.27236,0.60655,261.5,1035.4,0.721,0.4187,0.67763,402.0,1156.7,0.022,0.25261,0.57036,242.5,973.6,0.542,0.34892,0.69127,335.0,1180.0,0.033,0.23763,0.56459,228.1,963.8,0.564,0.33281,0.69718,319.5,1190.1,0.056,0.24884,0.56107,238.9,957.7,0.561,0.32608,0.69784,313.0,1191.2,0.053,0.25447,0.5646,244.3,963.8,0.496,0.33037,0.69641,317.2,1188.8,0.054,0.33613,0.73647,322.7,1257.2,1.0,0.39564,0.75153,379.8,1282.9,1.0,0.23426,0.69858,224.9,1192.5,0.879,0.2923,0.75003,280.6,1280.3,0.43,0.18526,0.78434,177.9,1338.9,0.907,0.278,0.83097,266.9,1418.5,0.745,0.19011,0.80234,182.5,1369.6,0.884,0.28563,0.84585,274.2,1443.9,0.792,0.12076,0.76729,115.9,1309.8,0.863,0.23251,0.83695,223.2,1428.7,0.678
35,0.967,960,1707,0.3535,0.6228,339.4,1063.1,0.998,0.35463,0.61556,340.4,1050.8,0.998,0.35725,0.61432,343.0,1048.7,0.997,0.3558,0.612,341.6,1044.7,0.998,0.36512,0.61592,350.5,1051.4,0.998,0.36897,0.61636,354.2,1052.1,0.998,0.37337,0.61669,358.4,1052.7,0.999,0.36821,0.61218,353.5,1045.0,0.998,0.39246,0.6155,376.8,1050.7,0.998,0.35954,0.62446,345.2,1066.0,0.994,0.37111,0.62495,356.3,1066.8,0.994,0.36427,0.62365,349.7,1064.6,1.0,0.43149,0.64294,414.2,1097.5,1.0,0.27445,0.60721,263.5,1036.5,0.745,0.42079,0.69029,404.0,1178.3,0.021,0.25484,0.57026,244.6,973.4,0.58,0.35243,0.70526,338.3,1203.9,0.03,0.23787,0.56334,228.4,961.6,0.598,0.33501,0.7089,321.6,1210.1,0.051,0.24957,0.56022,239.6,956.3,0.595,0.3274,0.70777,314.3,1208.2,0.049,0.25657,0.56394,246.3,962.6,0.532,0.33236,0.70659,319.1,1206.1,0.05,0.33707,0.7394,323.6,1262.2,1.0,0.39519,0.75408,379.4,1287.2,1.0,0.23896,0.69714,229.4,1190.0,0.888,0.29208,0.75,280.4,1280.2,0.464,0.18515,0.78205,177.7,1335.0,0.916,0.27812,0.83079,267.0,1418.2,0.769,0.18896,0.79916,181.4,1364.2,0.894,0.28602,0.84573,274.6,1443.7,0.81,0.12328,0.76271,118.4,1301.9,0.875,0.23262,0.83782,223.3,1430.2,0.705
36,0.994,960,1707,0.35195,0.6212,337.9,1060.4,0.998,0.35196,0.61471,337.9,1049.3,0.998,0.35304,0.61401,338.9,1048.1,0.998,0.35213,0.61313,338.0,1046.6,0.998,0.36087,0.61496,346.4,1049.7,0.998,0.36492,0.61501,350.3,1049.8,0.999,0.36927,0.61458,354.5,1049.1,0.999,0.36327,0.61287,348.7,1046.2,0.998,0.38732,0.61303,371.8,1046.4,0.998,0.35641,0.62382,342.2,1064.9,0.995,0.36645,0.62506,351.8,1067.0,0.994,0.36929,0.62573,354.5,1068.1,1.0,0.43361,0.64813,416.3,1106.4,1.0,0.27779,0.60895,266.7,1039.5,0.766,0.4237,0.69671,406.7,1189.3,0.02,0.25568,0.57102,245.5,974.7,0.611,0.36319,0.71692,348.7,1223.8,0.028,0.23907,0.56418,229.5,963.1,0.626,0.3476,0.72323,333.7,1234.5,0.047,0.24999,0.56085,240.0,957.4,0.624,0.34027,0.7218,326.7,1232.1,0.045,0.25711,0.56452,246.8,963.6,0.561,0.34499,0.71973,331.2,1228.6,0.046,0.33738,0.73962,323.9,1262.5,1.0,0.39483,0.75684,379.0,1291.9,1.0,0.24024,0.69626,230.6,1188.5,0.896,0.29144,0.75024,279.8,1280.7,0.499,0.18461,0.77969,177.2,1330.9,0.923,0.27822,0.82973,267.1,1416.4,0.789,0.18845,0.79743,180.9,1361.2,0.902,0.28634,0.84565,274.9,1443.5,0.826,0.12451,0.76163,119.5,1300.1,0.884,0.23336,0.83547,224.0,1426.2,0.728
37,1.022,960,1707,0.35305,0.62678,338.9,1069.9,0.998,0.35227,0.62041,338.2,1059.0,0.998,0.35248,0.61969,338.4,1057.8,0.998,0.35165,0.61916,337.6,1056.9,0.998,0.36021,0.62053,345.8,1059.2,0.999,0.36401,0.61992,349.5,1058.2,0.999,0.37061,0.61993,355.8,1058.2,0.999,0.36219,0.61777,347.7,1054.5,0.999,0.38992,0.6201,374.3,1058.5,0.998,0.35734,0.62855,343.0,1072.9,0.995,0.36601,0.62975,351.4,1075.0,0.995,0.37249,0.63115,357.6,1077.4,1.0,0.43616,0.65155,418.7,1112.2,1.0,0.28191,0.60947,270.6,1040.4,0.784,0.42166,0.7021,404.8,1198.5,0.019,0.25563,0.57069,245.4,974.2,0.638,0.36309,0.72969,348.6,1245.6,0.026,0.23879,0.56393,229.2,962.6,0.652,0.34854,0.73746,334.6,1258.8,0.044,0.24959,0.56075,239.6,957.2,0.649,0.34128,0.73576,327.6,1255.9,0.042,0.25689,0.56394,246.6,962.6,0.587,0.34564,0.73312,331.8,1251.4,0.043,0.33716,0.74344,323.7,1269.1,1.0,0.39464,0.76104,378.9,1299.1,1.0,0.24255,0.69698,232.9,1189.8,0.902,0.2872,0.75029,275.7,1280.7,0.53,0.1813,0.77886,174.0,1329.5,0.93,0.27793,0.82873,266.8,1414.6,0.808,0.18198,0.79685,174.7,1360.2,0.91,0.28648,0.84563,275.0,1443.5,0.84,0.12466,0.76094,119.7,1298.9,0.893,0.23332,0.83518,224.0,1425.6,0.749
38,1.049,960,1707,0.35357,0.62819,339.4,1072.3,0.998,0.35294,0.62147,338.8,1060.8,0.998,0.35328,0.62096,339.2,1060.0,0.998,0.35339,0.62033,339.3,1058.9,0.998,0.35945,0.62161,345.1,1061.1,0.999,0.3636,0.62104,349.1,1060.1,0.999,0.36902,0.62065,354.3,1059.4,0.999,0.36439,0.61974,349.8,1057.9,0.999,0.3873,0.61987,371.8,1058.1,0.999,0.35772,0.63101,343.4,1077.1,0.995,0.36589,0.632,351.3,1078.8,0.995,0.3769,0.63378,361.8,1081.9,1.0,0.43727,0.65409,419.8,1116.5,1.0,0.28548,0.60994,274.1,1041.2,0.804,0.42571,0.70629,408.7,1205.6,0.019,0.25521,0.57106,245.0,974.8,0.669,0.36207,0.72231,347.6,1233.0,0.024,0.23878,0.5644,229.2,963.4,0.681,0.34769,0.72717,333.8,1241.3,0.041,0.25079,0.56083,240.8,957.3,0.678,0.34104,0.72483,327.4,1237.3,0.039,0.257,0.56427,246.7,963.2,0.619,0.34469,0.72325,330.9,1234.6,0.04,0.33709,0.74622,323.6,1273.8,1.0,0.39113,0.76362,375.5,1303.5,1.0,0.24286,0.69773,233.1,1191.0,0.909,0.28453,0.75115,273.2,1282.2,0.56,0.17852,0.77945,171.4,1330.5,0.936,0.27799,0.82894,266.9,1415.0,0.825,0.18022,0.79742,173.0,1361.2,0.918,0.28825,0.84566,276.7,1443.5,0.853,0.12332,0.76196,118.4,1300.7,0.901,0.23384,0.83587,224.5,1426.8,0.768
39,1.077,960,1707,0.35337,0.62889,339.2,1073.5,0.998,0.35339,0.62258,339.3,1062.8,0.998,0.35372,0.62202,339.6,1061.8,0.998,0.35383,0.62158,339.7,1061.0,0.998,0.35893,0.62293,344.6,1063.3,0.999,0.36286,0.62247,348.3,1062.6,0.999,0.36792,0.62192,353.2,1061.6,0.999,0.36566,0.62084,351.0,1059.8,0.999,0.38575,0.62043,370.3,1059.1,0.999,0.35789,0.63116,343.6,1077.4,0.996,0.36529,0.63231,350.7,1079.3,0.995,0.37853,0.63596,363.4,1085.6,1.0,0.43696,0.65523,419.5,1118.5,1.0,0.28812,0.61,276.6,1041.3,0.821,0.42402,0.70327,407.1,1200.5,0.018,0.25509,0.56993,244.9,972.9,0.698,0.36181,0.72635,347.3,1239.9,0.022,0.23585,0.56311,226.4,961.2,0.708,0.34718,0.73248,333.3,1250.3,0.038,0.24689,0.56034,237.0,956.5,0.705,0.34031,0.73013,326.7,1246.3,0.037,0.25306,0.56349,242.9,961.9,0.648,0.34358,0.72831,329.8,1243.2,0.038,0.33692,0.74843,323.4,1277.6,1.0,0.39019,0.7651,374.6,1306.0,1.0,0.24383,0.69856,234.1,1192.4,0.915,0.28201,0.75093,270.7,1281.8,0.579,0.1779,0.77789,170.8,1327.9,0.942,0.27792,0.82895,266.8,1415.0,0.838,0.17911,0.79719,171.9,1360.8,0.924,0.28928,0.8456,277.7,1443.4,0.862,0.12107,0.76287,116.2,1302.2,0.909,0.23472,0.83605,225.3,1427.1,0.783
40,1.105,960,1707,0.35588,0.63257,341.6,1079.8,0.999,0.35742,0.62519,343.1,1067.2,0.998,0.3578,0.62459,343.5,1066.2,0.998,0.35793,0.62421,343.6,1065.5,0.999,0.3624,0.62558,347.9,1067.9,0.999,0.36628,0.62504,351.6,1066.9,0.999,0.37032,0.62458,355.5,1066.2,0.999,0.37042,0.62317,355.6,1063.8,0.999,0.38578,0.62286,370.3,1063.2,0.999,0.36024,0.63509,345.8,1084.1,0.996,0.36725,0.63639,352.6,1086.3,0.996,0.38024,0.63859,365.0,1090.1,1.0,0.43785,0.65556,420.3,1119.0,1.0,0.29114,0.6101,279.5,1041.4,0.834,0.42305,0.70601,406.1,1205.2,0.017,0.25487,0.56888,244.7,971.1,0.723,0.36089,0.72851,346.5,1243.6,0.021,0.23398,0.56279,224.6,960.7,0.731,0.34583,0.73462,332.0,1254.0,0.036,0.24437,0.55929,234.6,954.7,0.728,0.3368,0.73738,323.3,1258.7,0.034,0.25102,0.56208,241.0,959.5,0.673,0.34301,0.73099,329.3,1247.8,0.036,0.33679,0.75179,323.3,1283.3,1.0,0.3886,0.76708,373.1,1309.4,1.0,0.24286,0.69918,233.1,1193.5,0.919,0.28214,0.74513,270.9,1271.9,0.594,0.17699,0.77872,169.9,1329.3,0.947,0.27787,0.82819,266.8,1413.7,0.85,0.17809,0.79825,171.0,1362.6,0.929,0.28918,0.84445,277.6,1441.5,0.869,0.12078,0.76406,115.9,1304.3,0.916,0.23473,0.83566,225.3,1426.5,0.794
41,1.132,960,1707,0.35502,0.63688,340.8,1087.1,0.999,0.35646,0.62958,342.2,1074.7,0.998,0.35683,0.62901,342.6,1073.7,0.998,0.35691,0.6287,342.6,1073.2,0.999,0.3617,0.6298,347.2,1075.1,0.999,0.36573,0.62927,351.1,1074.2,0.999,0.36971,0.62883,354.9,1073.4,0.999,0.36903,0.6271,354.3,1070.5,0.999,0.3851,0.62705,369.7,1070.4,0.999,0.35927,0.63935,344.9,1091.4,0.996,0.3664,0.64056,351.7,1093.4,0.996,0.37982,0.64028,364.6,1093.0,1.0,0.43711,0.65822,419.6,1123.6,1.0,0.29305,0.61027,281.3,1041.7,0.846,0.4115,0.70565,395.0,1204.5,0.016,0.25464,0.56857,244.5,970.5,0.747,0.35458,0.72219,340.4,1232.8,0.02,0.23369,0.56241,224.3,960.0,0.754,0.34456,0.72699,330.8,1241.0,0.035,0.24373,0.55916,234.0,954.5,0.752,0.33494,0.72638,321.5,1239.9,0.033,0.25024,0.5618,240.2,959.0,0.7,0.33776,0.72357,324.2,1235.1,0.035,0.33482,0.75441,321.4,1287.8,1.0,0.38592,0.77054,370.5,1315.3,1.0,0.24192,0.69943,232.2,1193.9,0.922,0.28242,0.74465,271.1,1271.1,0.601,0.17597,0.78002,168.9,1331.5,0.95,0.27789,0.82688,266.8,1411.5,0.859,0.17661,0.79938,169.5,1364.5,0.932,0.28912,0.84179,277.6,1436.9,0.873,0.12088,0.76497,116.0,1305.8,0.921,0.23487,0.83562,225.5,1426.4,0.805
42,1.16,960,1707,0.35449,0.63876,340.3,1090.4,0.998,0.35568,0.63183,341.5,1078.5,0.998,0.35614,0.63116,341.9,1077.4,0.998,0.35634,0.63075,342.1,1076.7,0.998,0.36106,0.63193,346.6,1078.7,0.999,0.36509,0.63122,350.5,1077.5,0.999,0.36917,0.63062,354.4,1076.5,0.999,0.36907,0.62873,354.3,1073.2,0.999,0.38482,0.62857,369.4,1073.0,0.999,0.35867,0.64075,344.3,1093.8,0.996,0.36582,0.64174,351.2,1095.4,0.995,0.3812,0.64241,366.0,1096.6,1.0,0.43662,0.661,419.2,1128.3,1.0,0.29417,0.61041,282.4,1042.0,0.854,0.40039,0.69845,384.4,1192.3,0.015,0.24889,0.56651,238.9,967.0,0.762,0.32161,0.67949,308.7,1159.9,0.019,0.22411,0.55842,215.1,953.2,0.769,0.30715,0.67548,294.9,1153.0,0.033,0.2356,0.55606,226.2,949.2,0.766,0.29956,0.67209,287.6,1147.3,0.032,0.24464,0.55971,234.9,955.4,0.713,0.3038,0.67369,291.6,1150.0,0.034,0.33342,0.75857,320.1,1294.9,1.0,0.38235,0.7722,367.1,1318.1,1.0,0.24176,0.70034,232.1,1195.5,0.916,0.2828,0.74455,271.5,1270.9,0.579,0.17446,0.7808,167.5,1332.8,0.952,0.27794,0.82712,266.8,1411.9,0.861,0.17519,0.79991,168.2,1365.4,0.934,0.28891,0.84181,277.4,1437.0,0.873,0.11891,0.76542,114.2,1306.6,0.923,0.23441,0.83573,225.0,1426.6,0.807
43,1.188,960,1707,0.3562,0.63778,341.9,1088.7,0.998,0.35823,0.63107,343.9,1077.2,0.998,0.35872,0.63039,344.4,1076.1,0.998,0.35897,0.6299,344.6,1075.2,0.998,0.36307,0.63172,348.5,1078.3,0.999,0.36688,0.63145,352.2,1077.9,0.999,0.37047,0.63123,355.6,1077.5,0.999,0.37199,0.6289,357.1,1073.5,0.999,0.38479,0.63009,369.4,1075.6,0.999,0.36024,0.64061,345.8,1093.5,0.995,0.36651,0.64199,351.9,1095.9,0.995,0.383,0.64453,367.7,1100.2,1.0,0.43667,0.66479,419.2,1134.8,1.0,0.29614,0.6109,284.3,1042.8,0.85,0.40221,0.71586,386.1,1222.0,0.014,0.24918,0.56694,239.2,967.8,0.773,0.322,0.73996,309.1,1263.1,0.018,0.22528,0.55932,216.3,954.8,0.78,0.31687,0.74635,304.2,1274.0,0.032,0.23649,0.55661,227.0,950.1,0.777,0.30093,0.74381,288.9,1269.7,0.031,0.24511,0.5602,235.3,956.3,0.722,0.30733,0.74216,295.0,1266.9,0.032,0.3324,0.75937,319.1,1296.3,1.0,0.38082,0.7743,365.6,1321.7,1.0,0.24114,0.70171,231.5,1197.8,0.917,0.28246,0.745,271.2,1271.7,0.571,0.17419,0.78063,167.2,1332.5,0.955,0.27802,0.82639,266.9,1410.7,0.864,0.17525,0.80037,168.2,1366.2,0.935,0.28946,0.84079,277.9,1435.2,0.872,0.11575,0.76564,111.1,1306.9,0.926,0.23378,0.8353,224.4,1425.9,0.806
44,1.215,960,1707,0.35851,0.63711,344.2,1087.5,0.997,0.36105,0.63064,346.6,1076.5,0.998,0.36124,0.62996,346.8,1075.3,0.998,0.36122,0.62943,346.8,1074.4,0.998,0.36604,0.63143,351.4,1077.8,0.999,0.36972,0.63126,354.9,1077.6,0.999,0.37306,0.63111,358.1,1077.3,0.999,0.37373,0.629,358.8,1073.7,0.999,0.38619,0.63039,370.7,1076.1,0.999,0.36161,0.64037,347.1,1093.1,0.994,0.36775,0.64186,353.0,1095.7,0.994,0.38253,0.64593,367.2,1102.6,1.0,0.43676,0.66573,419.3,1136.4,0.999,0.29682,0.61155,284.9,1043.9,0.839,0.40337,0.71874,387.2,1226.9,0.012,0.247,0.56615,237.1,966.4,0.782,0.33016,0.74341,317.0,1269.0,0.017,0.22151,0.55675,212.7,950.4,0.789,0.3219,0.74944,309.0,1279.3,0.03,0.23218,0.55313,222.9,944.2,0.786,0.30899,0.7495,296.6,1279.4,0.029,0.24282,0.55859,233.1,953.5,0.727,0.31399,0.74568,301.4,1272.9,0.031,0.3276,0.76131,314.5,1299.6,1.0,0.37611,0.77515,361.1,1323.2,1.0,0.241,0.70174,231.4,1197.9,0.907,0.28022,0.74288,269.0,1268.1,0.541,0.17453,0.78059,167.5,1332.5,0.956,0.27809,0.82657,267.0,1411.0,0.853,0.17541,0.80064,168.4,1366.7,0.933,0.28976,0.84093,278.2,1435.5,0.857,0.11639,0.76572,111.7,1307.1,0.926,0.22952,0.83566,220.3,1426.5,0.787
45,1.243,960,1707,0.36127,0.63662,346.8,1086.7,0.997,0.36297,0.63072,348.5,1076.6,0.998,0.36296,0.63007,348.4,1075.5,0.997,0.36274,0.62958,348.2,1074.7,0.998,0.36813,0.63157,353.4,1078.1,0.998,0.37181,0.63146,356.9,1077.9,0.998,0.37511,0.63135,360.1,1077.7,0.999,0.37439,0.62988,359.4,1075.2,0.998,0.38802,0.63116,372.5,1077.4,0.998,0.36401,0.63977,349.4,1092.1,0.994,0.37016,0.64126,355.4,1094.6,0.994,0.38172,0.64637,366.4,1103.4,1.0,0.43864,0.66807,421.1,1140.4,0.999,0.29991,0.61191,287.9,1044.5,0.825,0.40376,0.72508,387.6,1237.7,0.011,0.24722,0.56648,237.3,967.0,0.784,0.34615,0.75854,332.3,1294.8,0.016,0.22237,0.55766,213.5,951.9,0.791,0.3395,0.76592,325.9,1307.4,0.029,0.2333,0.55414,224.0,945.9,0.788,0.32675,0.76335,313.7,1303.0,0.028,0.24332,0.5591,233.6,954.4,0.725,0.32929,0.76097,316.1,1299.0,0.029,0.32195,0.76315,309.1,1302.7,1.0,0.37522,0.77747,360.2,1327.1,1.0,0.2405,0.70181,230.9,1198.0,0.898,0.27882,0.73816,267.7,1260.0,0.519,0.17398,0.78055,167.0,1332.4,0.956,0.27847,0.82663,267.3,1411.1,0.844,0.17482,0.80068,167.8,1366.8,0.929,0.29074,0.84094,279.1,1435.5,0.847,0.11444,0.76544,109.9,1306.6,0.923,0.22978,0.83568,220.6,1426.5,0.769
46,1.27,960,1707,0.36108,0.63652,346.6,1086.5,0.997,0.36241,0.63093,347.9,1077.0,0.997,0.36236,0.63032,347.9,1076.0,0.997,0.36213,0.62982,347.6,1075.1,0.998,0.36764,0.63172,352.9,1078.4,0.998,0.37146,0.63161,356.6,1078.2,0.998,0.37488,0.63147,359.9,1077.9,0.999,0.37343,0.63009,358.5,1075.6,0.998,0.38837,0.63133,372.8,1077.7,0.998,0.36359,0.63959,349.0,1091.8,0.993,0.36983,0.64096,355.0,1094.1,0.993,0.37784,0.64507,362.7,1101.1,1.0,0.43847,0.66739,420.9,1139.2,0.999,0.29868,0.61259,286.7,1045.7,0.822,0.39693,0.72177,381.1,1232.1,0.01,0.24777,0.5666,237.9,967.2,0.792,0.34614,0.75411,332.3,1287.3,0.015,0.22297,0.55771,214.1,952.0,0.798,0.33942,0.76224,325.8,1301.1,0.029,0.2338,0.55429,224.5,946.2,0.795,0.32544,0.75723,312.4,1292.6,0.027,0.24367,0.55919,233.9,954.5,0.73,0.329,0.75743,315.8,1292.9,0.028,0.31829,0.76278,305.6,1302.1,1.0,0.37391,0.77882,359.0,1329.5,1.0,0.23815,0.70186,228.6,1198.1,0.896,0.27767,0.73776,266.6,1259.4,0.508,0.17334,0.78077,166.4,1332.8,0.958,0.27847,0.82594,267.3,1409.9,0.844,0.17385,0.8009,166.9,1367.1,0.929,0.28984,0.84023,278.2,1434.3,0.845,0.11499,0.765,110.4,1305.9,0.923,0.22963,0.83419,220.4,1424.0,0.765
47,1.298,960,1707,0.36141,0.63642,347.0,1086.4,0.996,0.36186,0.63115,347.4,1077.4,0.997,0.36178,0.63052,347.3,1076.3,0.997,0.3615,0.63012,347.0,1075.6,0.997,0.36729,0.63177,352.6,1078.4,0.998,0.37132,0.63157,356.5,1078.1,0.998,0.37478,0.63136,359.8,1077.7,0.999,0.37277,0.6304,357.9,1076.1,0.998,0.389,0.63102,373.4,1077.1,0.998,0.36384,0.63935,349.3,1091.4,0.993,0.37043,0.64054,355.6,1093.4,0.993,0.37327,0.64491,358.3,1100.9,1.0,0.43879,0.66808,421.2,1140.4,0.999,0.29898,0.61265,287.0,1045.8,0.816,0.39808,0.72138,382.2,1231.4,0.009,0.24794,0.56682,238.0,967.6,0.798,0.34616,0.75311,332.3,1285.6,0.015,0.22362,0.55825,214.7,952.9,0.805,0.33931,0.76011,325.7,1297.5,0.028,0.2344,0.55484,225.0,947.1,0.802,0.32553,0.75726,312.5,1292.6,0.026,0.24372,0.5595,234.0,955.1,0.735,0.32891,0.75561,315.8,1289.8,0.027,0.31419,0.76385,301.6,1303.9,1.0,0.37325,0.77982,358.3,1331.2,1.0,0.23651,0.70187,227.0,1198.1,0.888,0.27858,0.73505,267.4,1254.7,0.486,0.17325,0.78094,166.3,1333.1,0.956,0.27857,0.82287,267.4,1404.6,0.833,0.17223,0.80093,165.3,1367.2,0.925,0.28933,0.83735,277.8,1429.4,0.833,0.11498,0.76479,110.4,1305.5,0.918,0.23201,0.83163,222.7,1419.6,0.743
48,1.326,960,1707,0.36167,0.63597,347.2,1085.6,0.996,0.3621,0.6305,347.6,1076.3,0.997,0.3618,0.62985,347.3,1075.2,0.996,0.36136,0.62939,346.9,1074.4,0.997,0.36742,0.63119,352.7,1077.4,0.998,0.37121,0.631,356.4,1077.1,0.998,0.37455,0.6308,359.6,1076.8,0.999,0.3724,0.62946,357.5,1074.5,0.998,0.38876,0.63043,373.2,1076.1,0.998,0.36388,0.63891,349.3,1090.6,0.993,0.37038,0.6401,355.6,1092.6,0.992,0.37181,0.64425,356.9,1099.7,1.0,0.43872,0.66654,421.2,1137.8,0.999,0.29964,0.61285,287.7,1046.1,0.809,0.39884,0.71936,382.9,1228.0,0.009,0.2501,0.56727,240.1,968.3,0.803,0.34618,0.75407,332.3,1287.2,0.014,0.22573,0.55918,216.7,954.5,0.809,0.33918,0.76192,325.6,1300.6,0.027,0.23551,0.5563,226.1,949.6,0.806,0.32464,0.75792,311.7,1293.8,0.026,0.24431,0.56032,234.5,956.5,0.738,0.3289,0.75748,315.7,1293.0,0.026,0.31409,0.76462,301.5,1305.2,1.0,0.37285,0.78056,357.9,1332.4,1.0,0.23478,0.70191,225.4,1198.2,0.881,0.27849,0.73414,267.4,1253.2,0.462,0.17328,0.78116,166.3,1333.4,0.956,0.27852,0.82243,267.4,1403.9,0.818,0.17223,0.80119,165.3,1367.6,0.922,0.28763,0.83691,276.1,1428.6,0.818,0.1151,0.76492,110.5,1305.7,0.915,0.23303,0.82904,223.7,1415.2,0.722
49,1.353,960,1707,0.36156,0.63543,347.1,1084.7,0.996,0.36187,0.62983,347.4,1075.1,0.997,0.36152,0.6292,347.1,1074.0,0.996,0.36107,0.62873,346.6,1073.2,0.997,0.3673,0.63055,352.6,1076.3,0.998,0.37096,0.6304,356.1,1076.1,0.998,0.37431,0.63025,359.3,1075.8,0.999,0.37213,0.62876,357.2,1073.3,0.998,0.38871,0.63005,373.2,1075.5,0.998,0.36361,0.63845,349.1,1089.8,0.992,0.37015,0.6397,355.3,1092.0,0.992,0.37038,0.64355,355.6,1098.5,1.0,0.43908,0.66532,421.5,1135.7,0.999,0.299,0.61299,287.0,1046.4,0.8,0.40273,0.71831,386.6,1226.2,0.008,0.24913,0.56737,239.2,968.5,0.805,0.34731,0.74901,333.4,1278.6,0.014,0.22384,0.55859,214.9,953.5,0.812,0.34022,0.75635,326.6,1291.1,0.026,0.23298,0.55509,223.7,947.5,0.809,0.32617,0.75353,313.1,1286.3,0.024,0.24229,0.55975,232.6,955.5,0.737,0.32922,0.75194,316.1,1283.6,0.025,0.31401,0.76299,301.5,1302.4,1.0,0.37333,0.77944,358.4,1330.5,1.0,0.23177,0.70215,222.5,1198.6,0.871,0.27785,0.73573,266.7,1255.9,0.445,0.17252,0.78151,165.6,1334.0,0.955,0.27799,0.82246,266.9,1403.9,0.811,0.17143,0.80122,164.6,1367.7,0.921,0.28574,0.83723,274.3,1429.2,0.81,0.11531,0.76484,110.7,1305.6,0.912,0.23302,0.82946,223.7,1415.9,0.708
50,1.381,960,1707,0.36232,0.63214,347.8,1079.1,0.995,0.36279,0.62623,348.3,1069.0,0.996,0.36207,0.62593,347.6,1068.5,0.996,0.36138,0.62573,346.9,1068.1,0.997,0.3686,0.6273,353.9,1070.8,0.998,0.37271,0.6274,357.8,1071.0,0.998,0.37602,0.62753,361.0,1071.2,0.998,0.37196,0.62672,357.1,1069.8,0.998,0.38985,0.62889,374.3,1073.5,0.998,0.36356,0.63589,349.0,1085.5,0.991,0.37045,0.63718,355.6,1087.7,0.991,0.36995,0.64172,355.2,1095.4,1.0,0.43896,0.66468,421.4,1134.6,0.999,0.29865,0.61266,286.7,1045.8,0.797,0.40193,0.71809,385.9,1225.8,0.008,0.24675,0.56635,236.9,966.8,0.811,0.34768,0.75394,333.8,1287.0,0.013,0.2198,0.55545,211.0,948.2,0.817,0.34075,0.76257,327.1,1301.7,0.026,0.22875,0.55143,219.6,941.3,0.814,0.32648,0.75857,313.4,1294.9,0.024,0.2388,0.55726,229.2,951.2,0.74,0.32959,0.75719,316.4,1292.5,0.025,0.31357,0.76264,301.0,1301.8,1.0,0.37335,0.77829,358.4,1328.5,1.0,0.22927,0.70188,220.1,1198.1,0.87,0.28086,0.73595,269.6,1256.3,0.443,0.17228,0.78187,165.4,1334.7,0.957,0.27801,0.82204,266.9,1403.2,0.815,0.17011,0.80158,163.3,1368.3,0.922,0.28659,0.83721,275.1,1429.1,0.81,0.11536,0.76473,110.7,1305.4,0.913,0.23211,0.82971,222.8,1416.3,0.706
51,1.408,960,1707,0.36061,0.63026,346.2,1075.8,0.995,0.36144,0.62488,347.0,1066.7,0.996,0.36123,0.62464,346.8,1066.3,0.995,0.36092,0.6245,346.5,1066.0,0.997,0.36586,0.62558,351.2,1067.9,0.998,0.36917,0.62566,354.4,1068.0,0.998,0.3721,0.62574,357.2,1068.1,0.998,0.37183,0.62573,357.0,1068.1,0.998,0.38596,0.62789,370.5,1071.8,0.998,0.3623,0.63463,347.8,1083.3,0.99,0.36796,0.63588,353.2,1085.5,0.99,0.36988,0.64119,355.1,1094.5,1.0,0.43773,0.65998,420.2,1126.6,0.999,0.299,0.6119,287.0,1044.5,0.784,0.40596,0.7216,389.7,1231.8,0.007,0.24774,0.56604,237.8,966.2,0.796,0.35244,0.75369,338.3,1286.5,0.013,0.22035,0.55604,211.5,949.2,0.804,0.34618,0.76166,332.3,1300.2,0.025,0.22957,0.55217,220.4,942.5,0.801,0.33202,0.75822,318.7,1294.3,0.023,0.23918,0.55754,229.6,951.7,0.723,0.33372,0.75617,320.4,1290.8,0.023,0.31489,0.7625,302.3,1301.6,1.0,0.37354,0.77646,358.6,1325.4,1.0,0.22917,0.70352,220.0,1200.9,0.87,0.2766,0.73629,265.5,1256.9,0.424,0.17165,0.78482,164.8,1339.7,0.958,0.27816,0.82191,267.0,1403.0,0.807,0.16835,0.80425,161.6,1372.9,0.922,0.28841,0.83619,276.9,1427.4,0.806,0.1147,0.76491,110.1,1305.7,0.912,0.23238,0.82983,223.1,1416.5,0.691
52,1.436,960,1707,0.35923,0.62581,344.9,1068.2,0.995,0.36135,0.61948,346.9,1057.4,0.996,0.36113,0.61934,346.7,1057.2,0.996,0.36099,0.61931,346.6,1057.2,0.997,0.36561,0.61942,351.0,1057.4,0.998,0.36887,0.61927,354.1,1057.1,0.998,0.37183,0.61911,357.0,1056.8,0.998,0.37237,0.62046,357.5,1059.1,0.998,0.3858,0.62132,370.4,1060.6,0.998,0.36179,0.63077,347.3,1076.7,0.99,0.36689,0.63167,352.2,1078.3,0.99,0.36991,0.63765,355.1,1088.5,1.0,0.43772,0.65264,420.2,1114.1,0.999,0.29883,0.60977,286.9,1040.9,0.781,0.41378,0.71935,397.2,1227.9,0.007,0.24637,0.56441,236.5,963.4,0.79,0.35885,0.75131,344.5,1282.5,0.012,0.21778,0.55493,209.1,947.3,0.798,0.35164,0.75827,337.6,1294.4,0.023,0.22694,0.5506,217.9,939.9,0.795,0.33835,0.75502,324.8,1288.8,0.022,0.23741,0.55571,227.9,948.6,0.714,0.33959,0.75321,326.0,1285.7,0.022,0.31586,0.75965,303.2,1296.7,1.0,0.37408,0.77281,359.1,1319.2,1.0,0.228,0.70398,218.9,1201.7,0.872,0.28199,0.73525,270.7,1255.1,0.423,0.17128,0.78603,164.4,1341.8,0.96,0.28075,0.81948,269.5,1398.8,0.813,0.16751,0.80518,160.8,1374.4,0.925,0.2934,0.83304,281.7,1422.0,0.812,0.11392,0.76511,109.4,1306.0,0.914,0.23552,0.83059,226.1,1417.8,0.694
53,1.464,960,1707,0.35838,0.62285,344.0,1063.2,0.995,0.36128,0.61601,346.8,1051.5,0.996,0.36106,0.61585,346.6,1051.3,0.996,0.36099,0.6158,346.6,1051.2,0.997,0.36539,0.61601,350.8,1051.5,0.998,0.36861,0.61585,353.9,1051.3,0.998,0.37156,0.61567,356.7,1051.0,0.998,0.37262,0.61677,357.7,1052.8,0.998,0.38557,0.61746,370.2,1054.0,0.998,0.36161,0.62787,347.1,1071.8,0.991,0.36616,0.62886,351.5,1073.5,0.99,0.36997,0.63424,355.2,1082.7,1.0,0.43781,0.64827,420.3,1106.6,0.999,0.2986,0.60814,286.7,1038.1,0.776,0.41523,0.71811,398.6,1225.8,0.006,0.2462,0.56379,236.4,962.4,0.778,0.35793,0.75037,343.6,1280.9,0.012,0.21856,0.55519,209.8,947.7,0.787,0.3503,0.7579,336.3,1293.7,0.022,0.2278,0.55058,218.7,939.8,0.784,0.3373,0.75485,323.8,1288.5,0.021,0.23779,0.55523,228.3,947.8,0.701,0.33883,0.75263,325.3,1284.7,0.021,0.32026,0.75597,307.4,1290.4,1.0,0.37488,0.76698,359.9,1309.2,1.0,0.22561,0.70575,216.6,1204.7,0.876,0.28284,0.7325,271.5,1250.4,0.417,0.17103,0.78682,164.2,1343.1,0.962,0.2832,0.81154,271.9,1385.3,0.816,0.16661,0.80582,159.9,1375.5,0.927,0.29871,0.82483,286.8,1408.0,0.816,0.11281,0.76545,108.3,1306.6,0.917,0.23545,0.8308,226.0,1418.2,0.696
54,1.491,960,1707,0.35633,0.62186,342.1,1061.5,0.995,0.35952,0.61496,345.1,1049.7,0.996,0.35994,0.61468,345.5,1049.3,0.995,0.36024,0.61455,345.8,1049.0,0.997,0.36265,0.61509,348.1,1050.0,0.998,0.36566,0.61489,351.0,1049.6,0.998,0.3683,0.61469,353.6,1049.3,0.998,0.37253,0.61512,357.6,1050.0,0.998,0.38364,0.61587,368.3,1051.3,0.997,0.36102,0.62668,346.6,1069.7,0.989,0.36465,0.62792,350.1,1071.9,0.989,0.37382,0.63193,358.9,1078.7,1.0,0.43848,0.64617,420.9,1103.0,0.999,0.29843,0.60701,286.5,1036.2,0.761,0.41512,0.70644,398.5,1205.9,0.006,0.24604,0.56281,236.2,960.7,0.75,0.3633,0.73535,348.8,1255.2,0.011,0.21879,0.55462,210.0,946.7,0.762,0.35674,0.7427,342.5,1267.8,0.021,0.22832,0.54975,219.2,938.4,0.759,0.34416,0.73959,330.4,1262.5,0.019,0.23812,0.55445,228.6,946.5,0.674,0.34486,0.73738,331.1,1258.7,0.02,0.32961,0.74988,316.4,1280.0,1.0,0.38256,0.76087,367.3,1298.8,1.0,0.22489,0.70671,215.9,1206.4,0.863,0.28723,0.72943,275.7,1245.1,0.387,0.17024,0.78699,163.4,1343.4,0.957,0.28378,0.80696,272.4,1377.5,0.787,0.16543,0.80579,158.8,1375.5,0.92,0.29862,0.82105,286.7,1401.5,0.795,0.11133,0.76549,106.9,1306.7,0.905,0.23388,0.82076,224.5,1401.0,0.661
55,1.519,960,1707,0.3534,0.62096,339.3,1060.0,0.996,0.35551,0.61427,341.3,1048.6,0.996,0.35651,0.61396,342.2,1048.0,0.996,0.35725,0.6138,343.0,1047.7,0.997,0.35758,0.61433,343.3,1048.7,0.998,0.36025,0.61407,345.8,1048.2,0.998,0.36266,0.61381,348.2,1047.8,0.998,0.37132,0.61408,356.5,1048.2,0.998,0.37912,0.6147,364.0,1049.3,0.998,0.36002,0.62557,345.6,1067.8,0.99,0.3629,0.62677,348.4,1069.9,0.99,0.37709,0.63076,362.0,1076.7,1.0,0.43925,0.6429,421.7,1097.4,0.999,0.2998,0.6061,287.8,1034.6,0.765,0.4004,0.6657,384.4,1136.3,0.006,0.24607,0.56229,236.2,959.8,0.756,0.32878,0.63545,315.6,1084.7,0.011,0.21915,0.55388,210.4,945.5,0.769,0.31853,0.62612,305.8,1068.8,0.021,0.22861,0.54882,219.5,936.8,0.766,0.30679,0.62276,294.5,1063.1,0.02,0.23832,0.55343,228.8,944.7,0.681,0.30819,0.62646,295.9,1069.4,0.021,0.33705,0.74718,323.6,1275.4,1.0,0.38682,0.75599,371.3,1290.5,1.0,0.22397,0.70713,215.0,1207.1,0.865,0.29179,0.72154,280.1,1231.7,0.369,0.16792,0.78692,161.2,1343.3,0.957,0.28297,0.79711,271.6,1360.7,0.773,0.16343,0.80577,156.9,1375.4,0.92,0.2946,0.81392,282.8,1389.4,0.782,0.11022,0.76552,105.8,1306.7,0.907,0.2353,0.80224,225.9,1369.4,0.649
56,1.547,960,1707,0.35179,0.62071,337.7,1059.6,0.996,0.35261,0.61427,338.5,1048.6,0.997,0.35391,0.61378,339.7,1047.7,0.996,0.35477,0.61352,340.6,1047.3,0.997,0.3544,0.61448,340.2,1048.9,0.998,0.35698,0.6142,342.7,1048.4,0.998,0.35928,0.61393,344.9,1048.0,0.999,0.37033,0.61302,355.5,1046.4,0.998,0.37689,0.61388,361.8,1047.9,0.998,0.35943,0.62472,345.0,1066.4,0.991,0.36196,0.62608,347.5,1068.7,0.99,0.3788,0.62918,363.7,1074.0,1.0,0.43961,0.64178,422.0,1095.5,0.999,0.30083,0.60571,288.8,1033.9,0.763,0.41472,0.68169,398.1,1163.6,0.005,0.25003,0.56252,240.0,960.2,0.751,0.35125,0.65584,337.2,1119.5,0.01,0.22365,0.5541,214.7,945.8,0.763,0.34071,0.63569,327.1,1085.1,0.021,0.23329,0.54921,224.0,937.5,0.761,0.32911,0.6291,315.9,1073.9,0.019,0.24244,0.55379,232.7,945.3,0.675,0.33103,0.62887,317.8,1073.5,0.02,0.34083,0.7456,327.2,1272.7,1.0,0.38814,0.75325,372.6,1285.8,1.0,0.22307,0.70716,214.1,1207.1,0.868,0.29899,0.71307,287.0,1217.2,0.343,0.1675,0.78681,160.8,1343.1,0.957,0.27834,0.78942,267.2,1347.5,0.749,0.16379,0.80577,157.2,1375.4,0.92,0.28427,0.80882,272.9,1380.7,0.765,0.10881,0.76553,104.5,1306.8,0.908,0.21986,0.78944,211.1,1347.6,0.624
57,1.574,960,1707,0.35173,0.61924,337.7,1057.0,0.996,0.35272,0.61289,338.6,1046.2,0.997,0.35397,0.61239,339.8,1045.3,0.996,0.35484,0.61205,340.6,1044.8,0.997,0.35467,0.61333,340.5,1047.0,0.998,0.35731,0.61319,343.0,1046.7,0.998,0.35974,0.61305,345.3,1046.5,0.999,0.37042,0.61178,355.6,1044.3,0.998,0.37723,0.6133,362.1,1046.9,0.998,0.35936,0.62344,345.0,1064.2,0.991,0.36193,0.62507,347.5,1067.0,0.991,0.38171,0.62645,366.4,1069.4,1.0,0.44001,0.64312,422.4,1097.8,0.999,0.30116,0.60463,289.1,1032.1,0.778,0.40666,0.68004,390.4,1160.8,0.005,0.24989,0.56154,239.9,958.5,0.767,0.33768,0.66427,324.2,1133.9,0.011,0.22245,0.55197,213.5,942.2,0.779,0.32729,0.65931,314.2,1125.4,0.023,0.23234,0.5474,223.0,934.4,0.776,0.31664,0.65536,304.0,1118.7,0.022,0.24203,0.55216,232.3,942.5,0.695,0.31817,0.65708,305.4,1121.6,0.023,0.34243,0.74293,328.7,1268.2,1.0,0.38946,0.7516,373.9,1283.0,1.0,0.22279,0.70706,213.9,1207.0,0.878,0.30125,0.70714,289.2,1207.1,0.335,0.16526,0.78692,158.6,1343.3,0.959,0.266,0.78178,255.4,1334.5,0.751,0.1602,0.80576,153.8,1375.4,0.925,0.26725,0.8017,256.6,1368.5,0.767,0.10807,0.76554,103.7,1306.8,0.914,0.2014,0.77842,193.3,1328.8,0.631
58,1.602,960,1707,0.35188,0.61804,337.8,1055.0,0.997,0.35293,0.61178,338.8,1044.3,0.997,0.35411,0.61124,339.9,1043.4,0.997,0.35494,0.61079,340.7,1042.6,0.998,0.35502,0.61235,340.8,1045.3,0.998,0.35766,0.61223,343.4,1045.1,0.998,0.3601,0.61205,345.7,1044.8,0.999,0.37068,0.61016,355.9,1041.5,0.998,0.37743,0.61191,362.3,1044.5,0.998,0.35935,0.62219,345.0,1062.1,0.992,0.36194,0.62394,347.5,1065.1,0.992,0.38687,0.62548,371.4,1067.7,1.0,0.43999,0.64043,422.4,1093.2,0.999,0.30223,0.60452,290.1,1031.9,0.79,0.37304,0.64995,358.1,1109.5,0.005,0.24924,0.56169,239.3,958.8,0.783,0.32501,0.6168,312.0,1052.9,0.015,0.22149,0.55234,212.6,942.8,0.794,0.31536,0.60901,302.7,1039.6,0.03,0.23206,0.54732,222.8,934.3,0.791,0.30681,0.60571,294.5,1033.9,0.028,0.24201,0.55237,232.3,942.9,0.714,0.30658,0.60785,294.3,1037.6,0.03,0.34571,0.74166,331.9,1266.0,1.0,0.38917,0.74734,373.6,1275.7,1.0,0.22223,0.70675,213.3,1206.4,0.886,0.30447,0.70085,292.3,1196.3,0.324,0.16516,0.78688,158.6,1343.2,0.96,0.25185,0.77319,241.8,1319.8,0.74,0.16083,0.80527,154.4,1374.6,0.928,0.24877,0.79218,238.8,1352.3,0.758,0.10812,0.76552,103.8,1306.7,0.918,0.19062,0.76667,183.0,1308.7,0.629
59,1.629,960,1707,0.35202,0.61794,337.9,1054.8,0.997,0.35301,0.61182,338.9,1044.4,0.997,0.35417,0.6113,340.0,1043.5,0.997,0.35498,0.6109,340.8,1042.8,0.998,0.35528,0.61231,341.1,1045.2,0.998,0.358,0.61213,343.7,1044.9,0.998,0.36051,0.61193,346.1,1044.6,0.999,0.37107,0.60998,356.2,1041.2,0.998,0.37754,0.61171,362.4,1044.2,0.998,0.35967,0.62186,345.3,1061.5,0.993,0.36231,0.62369,347.8,1064.6,0.992,0.38895,0.62597,373.4,1068.5,1.0,0.43859,0.64053,421.0,1093.4,0.999,0.30402,0.60418,291.9,1031.3,0.803,0.36475,0.64447,350.2,1100.1,0.006,0.25045,0.56313,240.4,961.3,0.798,0.31479,0.60997,302.2,1041.2,0.022,0.22404,0.55559,215.1,948.4,0.808,0.30737,0.6028,295.1,1029.0,0.044,0.23391,0.55171,224.6,941.8,0.806,0.2997,0.59595,287.7,1017.3,0.042,0.24301,0.55548,233.3,948.2,0.733,0.29991,0.60017,287.9,1024.5,0.046,0.34709,0.74086,333.2,1264.6,1.0,0.38866,0.746,373.1,1273.4,1.0,0.22235,0.7052,213.5,1203.8,0.893,0.30226,0.70069,290.2,1196.1,0.315,0.1653,0.78614,158.7,1341.9,0.96,0.24015,0.77485,230.5,1322.7,0.73,0.16109,0.80399,154.6,1372.4,0.928,0.2384,0.7947,228.9,1356.6,0.75,0.10645,0.76553,102.2,1306.8,0.921,0.17665,0.77078,169.6,1315.7,0.629
60,1.657,960,1707,0.35209,0.62028,338.0,1058.8,0.997,0.35291,0.61257,338.8,1045.7,0.998,0.35388,0.61177,339.7,1044.3,0.997,0.35445,0.61126,340.3,1043.4,0.998,0.35547,0.61322,341.3,1046.8,0.999,0.35828,0.61281,343.9,1046.1,0.999,0.36084,0.61251,346.4,1045.6,0.999,0.37042,0.61063,355.6,1042.3,0.999,0.37772,0.61207,362.6,1044.8,0.998,0.35976,0.62277,345.4,1063.1,0.993,0.36279,0.62472,348.3,1066.4,0.993,0.39135,0.62549,375.7,1067.7,1.0,0.4385,0.64162,421.0,1095.2,0.999,0.30459,0.60433,292.4,1031.6,0.816,0.36334,0.64701,348.8,1104.4,0.006,0.2525,0.56411,242.4,962.9,0.815,0.30666,0.61669,294.4,1052.7,0.031,0.22608,0.55695,217.0,950.7,0.823,0.29422,0.60564,282.4,1033.8,0.06,0.23583,0.55343,226.4,944.7,0.821,0.29374,0.60418,282.0,1031.3,0.058,0.24513,0.5569,235.3,950.6,0.753,0.29419,0.60944,282.4,1040.3,0.063,0.34768,0.73807,333.8,1259.9,1.0,0.3884,0.74516,372.9,1272.0,1.0,0.22223,0.70278,213.3,1199.7,0.902,0.29958,0.70462,287.6,1202.8,0.318,0.16481,0.78473,158.2,1339.5,0.963,0.23412,0.77625,224.8,1325.1,0.736,0.16141,0.80144,155.0,1368.1,0.933,0.23656,0.79433,227.1,1355.9,0.754,0.10502,0.76555,100.8,1306.8,0.927,0.17269,0.77537,165.8,1323.6,0.644
61,1.685,960,1707,0.35212,0.62041,338.0,1059.0,0.997,0.35282,0.61283,338.7,1046.1,0.998,0.35374,0.61206,339.6,1044.8,0.998,0.3543,0.61156,340.1,1043.9,0.998,0.35544,0.61342,341.2,1047.1,0.999,0.35832,0.61299,344.0,1046.4,0.999,0.36097,0.61263,346.5,1045.8,0.999,0.36986,0.61052,355.1,1042.2,0.999,0.37783,0.61197,362.7,1044.6,0.999,0.36006,0.62306,345.7,1063.6,0.994,0.36326,0.62485,348.7,1066.6,0.994,0.39015,0.62418,374.5,1065.5,1.0,0.43907,0.6411,421.5,1094.4,0.999,0.30437,0.60443,292.2,1031.8,0.829,0.36376,0.65085,349.2,1111.0,0.007,0.25118,0.56346,241.1,961.8,0.83,0.30759,0.61611,295.3,1051.7,0.036,0.22197,0.55523,213.1,947.8,0.837,0.30158,0.60942,289.5,1040.3,0.07,0.23189,0.55071,222.6,940.1,0.835,0.29385,0.60726,282.1,1036.6,0.067,0.24339,0.55543,233.7,948.1,0.772,0.29731,0.61082,285.4,1042.7,0.073,0.34623,0.73471,332.4,1254.1,1.0,0.3882,0.74582,372.7,1273.1,1.0,0.22111,0.70021,212.3,1195.3,0.909,0.29142,0.70769,279.8,1208.0,0.323,0.16485,0.78317,158.3,1336.9,0.965,0.22855,0.78027,219.4,1331.9,0.744,0.16318,0.8001,156.6,1365.8,0.936,0.22938,0.7979,220.2,1362.0,0.758,0.10528,0.76557,101.1,1306.8,0.932,0.16662,0.77975,160.0,1331.0,0.658
62,1.712,960,1707,0.35552,0.61673,341.3,1052.8,0.998,0.35583,0.61039,341.6,1041.9,0.998,0.35655,0.60981,342.3,1040.9,0.998,0.35719,0.60934,342.9,1040.1,0.998,0.35858,0.61096,344.2,1042.9,0.999,0.36145,0.61072,347.0,1042.5,0.999,0.36434,0.6104,349.8,1042.0,0.999,0.37216,0.6086,357.3,1038.9,0.999,0.38063,0.61025,365.4,1041.7,0.999,0.36186,0.62055,347.4,1059.3,0.995,0.36562,0.62242,351.0,1062.5,0.994,0.38934,0.62273,373.8,1063.0,1.0,0.43851,0.64148,421.0,1095.0,0.999,0.30424,0.60536,292.1,1033.4,0.841,0.36239,0.65137,347.9,1111.9,0.008,0.25181,0.56504,241.7,964.5,0.843,0.30789,0.62118,295.6,1060.4,0.05,0.22574,0.55861,216.7,953.5,0.849,0.29942,0.61588,287.4,1051.3,0.094,0.23751,0.55528,228.0,947.9,0.848,0.29443,0.61073,282.7,1042.5,0.09,0.24723,0.5584,237.3,953.2,0.788,0.2955,0.61537,283.7,1050.4,0.098,0.34556,0.73295,331.7,1251.1,1.0,0.3869,0.74621,371.4,1273.8,1.0,0.22,0.69924,211.2,1193.6,0.916,0.28122,0.71205,270.0,1215.5,0.339,0.16288,0.7827,156.4,1336.1,0.967,0.22399,0.78177,215.0,1334.5,0.754,0.16247,0.80013,156.0,1365.8,0.94,0.22364,0.7996,214.7,1364.9,0.766,0.10164,0.76629,97.6,1308.1,0.937,0.16461,0.78214,158.0,1335.1,0.674
63,1.74,960,1707,0.35558,0.61532,341.4,1050.4,0.998,0.35624,0.60927,342.0,1040.0,0.998,0.35709,0.60871,342.8,1039.1,0.998,0.35792,0.60815,343.6,1038.1,0.999,0.3587,0.60977,344.4,1040.9,0.999,0.36149,0.60953,347.0,1040.5,0.999,0.36437,0.60914,349.8,1039.8,0.999,0.37364,0.60715,358.7,1036.4,0.999,0.381,0.60878,365.8,1039.2,0.999,0.3619,0.61974,347.4,1057.9,0.995,0.36561,0.62144,351.0,1060.8,0.995,0.38992,0.62332,374.3,1064.0,1.0,0.4357,0.64142,418.3,1094.9,0.999,0.30176,0.60593,289.7,1034.3,0.848,0.3583,0.6485,344.0,1107.0,0.008,0.25224,0.56551,242.1,965.3,0.852,0.30783,0.61817,295.5,1055.2,0.057,0.22765,0.55901,218.5,954.2,0.858,0.29866,0.61043,286.7,1042.0,0.106,0.24118,0.55586,231.5,948.9,0.856,0.29543,0.60693,283.6,1036.0,0.102,0.24964,0.55898,239.7,954.2,0.8,0.29519,0.60916,283.4,1039.8,0.111,0.34487,0.73496,331.1,1254.6,1.0,0.38469,0.74598,369.3,1273.4,1.0,0.21899,0.69886,210.2,1192.9,0.921,0.27425,0.70794,263.3,1208.5,0.344,0.15575,0.78274,149.5,1336.1,0.968,0.21909,0.78116,210.3,1333.4,0.756,0.15386,0.80031,147.7,1366.1,0.942,0.21951,0.80019,210.7,1365.9,0.765,0.08707,0.7682,83.6,1311.3,0.94,0.15312,0.78107,147.0,1333.3,0.682
64,1.768,960,1707,0.35432,0.61433,340.1,1048.7,0.998,0.35594,0.60852,341.7,1038.7,0.998,0.35696,0.60799,342.7,1037.8,0.998,0.35791,0.60745,343.6,1036.9,0.999,0.35789,0.60886,343.6,1039.3,0.999,0.3605,0.60855,346.1,1038.8,0.999,0.36319,0.60809,348.7,1038.0,0.999,0.37366,0.60645,358.7,1035.2,0.999,0.38041,0.60777,365.2,1037.5,0.999,0.36111,0.61891,346.7,1056.5,0.995,0.36384,0.62037,349.3,1059.0,0.995,0.39027,0.6236,374.7,1064.5,1.0,0.43384,0.64032,416.5,1093.0,0.999,0.30105,0.60653,289.0,1035.4,0.853,0.36203,0.64742,347.5,1105.1,0.008,0.25224,0.56614,242.1,966.4,0.857,0.31102,0.62104,298.6,1060.1,0.058,0.22966,0.55937,220.5,954.8,0.864,0.30192,0.61484,289.8,1049.5,0.109,0.24311,0.55631,233.4,949.6,0.862,0.29727,0.60972,285.4,1040.8,0.105,0.25047,0.55936,240.5,954.8,0.807,0.29702,0.61358,285.1,1047.4,0.115,0.34472,0.73548,330.9,1255.5,1.0,0.38106,0.74525,365.8,1272.1,1.0,0.21825,0.69916,209.5,1193.5,0.926,0.27195,0.70414,261.1,1202.0,0.35,0.14903,0.78262,143.1,1335.9,0.969,0.2205,0.78001,211.7,1331.5,0.757,0.14559,0.80041,139.8,1366.3,0.944,0.22355,0.79964,214.6,1365.0,0.765,0.07743,0.77058,74.3,1315.4,0.943,0.15532,0.78142,149.1,1333.9,0.687
65,1.795,960,1707,0.34236,0.61909,328.7,1056.8,0.998,0.34518,0.61139,331.4,1043.6,0.998,0.34752,0.61039,333.6,1041.9,0.998,0.34948,0.60949,335.5,1040.4,0.999,0.34475,0.6121,331.0,1044.8,0.999,0.34696,0.61157,333.1,1044.0,0.999,0.34907,0.61097,335.1,1042.9,0.999,0.36588,0.6074,351.2,1036.8,0.999,0.36874,0.60859,354.0,1038.9,0.999,0.35327,0.62193,339.1,1061.6,0.996,0.35345,0.62354,339.3,1064.4,0.995,0.39118,0.6251,375.5,1067.0,1.0,0.4313,0.63791,414.0,1088.9,0.999,0.30094,0.60658,288.9,1035.4,0.854,0.3746,0.64976,359.6,1109.1,0.008,0.25104,0.56477,241.0,964.1,0.856,0.31276,0.62223,300.3,1062.1,0.054,0.22946,0.55688,220.3,950.6,0.864,0.30346,0.61436,291.3,1048.7,0.102,0.24166,0.55218,232.0,942.6,0.862,0.29714,0.61141,285.3,1043.7,0.098,0.24981,0.55744,239.8,951.5,0.807,0.298,0.61502,286.1,1049.8,0.108,0.34495,0.73647,331.2,1257.2,1.0,0.37679,0.74321,361.7,1268.7,1.0,0.21485,0.69933,206.3,1193.8,0.931,0.27096,0.69997,260.1,1194.8,0.351,0.13298,0.78002,127.7,1331.5,0.97,0.21765,0.77884,208.9,1329.5,0.76,0.13037,0.79906,125.2,1364.0,0.946,0.22495,0.79933,216.0,1364.5,0.766,0.0637,0.77092,61.2,1316.0,0.946,0.14686,0.77778,141.0,1327.7,0.692
66,1.823,960,1707,0.3436,0.61725,329.9,1053.6,0.998,0.3459,0.61086,332.1,1042.7,0.998,0.34794,0.61,334.0,1041.3,0.998,0.35,0.60886,336.0,1039.3,0.999,0.34641,0.61125,332.6,1043.4,0.999,0.34896,0.61068,335.0,1042.4,0.999,0.35137,0.61001,337.3,1041.3,0.999,0.36636,0.60747,351.7,1037.0,0.999,0.37045,0.60838,355.6,1038.5,0.999,0.35375,0.62007,339.6,1058.5,0.996,0.35486,0.62131,340.7,1060.6,0.996,0.39092,0.62625,375.3,1069.0,1.0,0.42775,0.63614,410.6,1085.9,0.999,0.3009,0.60676,288.9,1035.7,0.853,0.37462,0.63867,359.6,1090.2,0.008,0.2507,0.56477,240.7,964.1,0.85,0.30971,0.61207,297.3,1044.8,0.052,0.22885,0.55672,219.7,950.3,0.859,0.30109,0.60676,289.0,1035.7,0.098,0.2415,0.55185,231.8,942.0,0.857,0.29453,0.60518,282.8,1033.0,0.094,0.24958,0.55726,239.6,951.2,0.799,0.29591,0.60827,284.1,1038.3,0.104,0.34472,0.73794,330.9,1259.7,1.0,0.37376,0.74274,358.8,1267.9,1.0,0.20922,0.70052,200.8,1195.8,0.935,0.26729,0.70231,256.6,1198.8,0.35,0.09456,0.77706,90.8,1326.4,0.972,0.21889,0.7795,210.1,1330.6,0.76,0.08853,0.79792,85.0,1362.1,0.949,0.22843,0.79961,219.3,1364.9,0.765,0.03215,0.76547,30.9,1306.7,0.949,0.14872,0.77854,142.8,1329.0,0.695
67,1.85,960,1707,0.36173,0.61081,347.3,1042.7,0.998,0.36645,0.60523,351.8,1033.1,0.998,0.36702,0.60495,352.3,1032.7,0.998,0.36766,0.60445,353.0,1031.8,0.999,0.37021,0.60486,355.4,1032.5,0.999,0.37375,0.60433,358.8,1031.6,0.999,0.37707,0.6037,362.0,1030.5,0.999,0.37904,0.60536,363.9,1033.3,0.999,0.3904,0.60564,374.8,1033.8,0.999,0.36497,0.61601,350.4,1051.5,0.996,0.36849,0.61677,353.8,1052.8,0.996,0.39075,0.62783,375.1,1071.7,1.0,0.42851,0.63685,411.4,1087.1,0.999,0.29994,0.60785,287.9,1037.6,0.85,0.3803,0.64451,365.1,1100.2,0.008,0.2513,0.5659,241.2,966.0,0.839,0.31376,0.6206,301.2,1059.4,0.052,0.22865,0.55882,219.5,953.9,0.849,0.3042,0.6157,292.0,1051.0,0.098,0.24127,0.55392,231.6,945.5,0.846,0.30097,0.61248,288.9,1045.5,0.094,0.24943,0.55821,239.5,952.9,0.788,0.30001,0.61449,288.0,1048.9,0.105,0.33992,0.73901,326.3,1261.5,0.999,0.3683,0.7426,353.6,1267.6,0.999,0.19757,0.7051,189.7,1203.6,0.935,0.2684,0.70269,257.7,1199.5,0.33,0.06932,0.77605,66.5,1324.7,0.97,0.21935,0.77655,210.6,1325.6,0.716,0.06215,0.79757,59.7,1361.5,0.948,0.23015,0.79734,220.9,1361.1,0.733,-0.00047,0.76561,-0.5,1306.9,0.945,0.15349,0.77676,147.4,1325.9,0.646
68,1.878,960,1707,0.37809,0.60698,363.0,1036.1,0.998,0.38249,0.60105,367.2,1026.0,0.998,0.38164,0.60097,366.4,1025.9,0.998,0.3809,0.60074,365.7,1025.5,0.999,0.38926,0.60074,373.7,1025.5,0.999,0.39314,0.60048,377.4,1025.0,0.999,0.39683,0.60022,381.0,1024.6,0.999,0.38819,0.60288,372.7,1029.1,0.999,0.40874,0.60353,392.4,1030.2,0.999,0.377,0.61294,361.9,1046.3,0.996,0.38347,0.6137,368.1,1047.6,0.995,0.38765,0.62902,372.1,1073.7,1.0,0.43043,0.63759,413.2,1088.4,0.999,0.29889,0.60811,286.9,1038.0,0.849,0.3925,0.65309,376.8,1114.8,0.008,0.2513,0.56651,241.2,967.0,0.83,0.3343,0.62997,320.9,1075.4,0.051,0.22852,0.55972,219.4,955.4,0.841,0.32371,0.62536,310.8,1067.5,0.096,0.24107,0.555,231.4,947.4,0.838,0.3228,0.6251,309.9,1067.0,0.092,0.24925,0.55874,239.3,953.8,0.779,0.32266,0.62584,309.8,1068.3,0.102,0.33235,0.74024,319.1,1263.6,0.999,0.36597,0.74321,351.3,1268.7,0.999,0.18827,0.70759,180.7,1207.9,0.933,0.26906,0.70317,258.3,1200.3,0.307,0.05497,0.77189,52.8,1317.6,0.968,0.21967,0.77525,210.9,1323.4,0.666,0.0527,0.79401,50.6,1355.4,0.946,0.23115,0.79589,221.9,1358.6,0.698,0.0007,0.76012,0.7,1297.5,0.937,0.1568,0.77611,150.5,1324.8,0.594
69,1.906,960,1707,0.40183,0.60552,385.8,1033.6,0.996,0.40555,0.59902,389.3,1022.5,0.997,0.40358,0.59902,387.4,1022.5,0.997,0.40153,0.599,385.5,1022.5,0.998,0.41362,0.59915,397.1,1022.8,0.997,0.417,0.59932,400.3,1023.0,0.997,0.42036,0.59954,403.5,1023.4,0.998,0.39955,0.60132,383.6,1026.5,0.999,0.43014,0.6034,412.9,1030.0,0.998,0.39688,0.61191,381.0,1044.5,0.994,0.40448,0.61294,388.3,1046.3,0.991,0.38807,0.63001,372.6,1075.4,1.0,0.43474,0.63861,417.3,1090.1,0.998,0.2979,0.60907,286.0,1039.7,0.848,0.40216,0.67019,386.1,1144.0,0.007,0.2513,0.56737,241.2,968.5,0.818,0.35865,0.67178,344.3,1146.7,0.046,0.22842,0.56149,219.3,958.5,0.828,0.35311,0.67435,339.0,1151.1,0.088,0.24097,0.55648,231.3,949.9,0.825,0.34721,0.67085,333.3,1145.1,0.084,0.24903,0.55984,239.1,955.7,0.763,0.34584,0.67004,332.0,1143.8,0.093,0.32626,0.74073,313.2,1264.4,0.999,0.36261,0.74319,348.1,1268.6,0.999,0.18283,0.70973,175.5,1211.5,0.922,0.27036,0.70343,259.5,1200.8,0.281,0.05208,0.76565,50.0,1307.0,0.959,0.21698,0.77251,208.3,1318.7,0.612,0.04921,0.78574,47.2,1341.3,0.938,0.23051,0.7935,221.3,1354.5,0.654,-0.00196,0.75083,-1.9,1281.7,0.911,0.15706,0.77176,150.8,1317.4,0.54
70,1.933,960,1707,0.41622,0.60563,399.6,1033.8,0.99,0.42239,0.5988,405.5,1022.1,0.991,0.42089,0.59885,404.1,1022.2,0.992,0.41923,0.59895,402.5,1022.4,0.995,0.42905,0.59911,411.9,1022.7,0.993,0.43268,0.59947,415.4,1023.3,0.993,0.43532,0.59982,417.9,1023.9,0.994,0.41613,0.60145,399.5,1026.7,0.997,0.44196,0.6038,424.3,1030.7,0.994,0.40895,0.61229,392.6,1045.2,0.989,0.41433,0.6131,397.8,1046.6,0.982,0.38715,0.62522,371.7,1067.3,1.0,0.4347,0.6388,417.3,1090.4,0.997,0.29791,0.60985,286.0,1041.0,0.846,0.39756,0.677,381.7,1155.6,0.007,0.25158,0.56769,241.5,969.0,0.802,0.3636,0.69229,349.1,1181.7,0.042,0.2289,0.56176,219.7,958.9,0.81,0.36048,0.69961,346.1,1194.2,0.08,0.24094,0.55664,231.3,950.2,0.807,0.35708,0.69582,342.8,1187.8,0.077,0.24894,0.56016,239.0,956.2,0.74,0.35514,0.6931,340.9,1183.1,0.085,0.32529,0.74104,312.3,1265.0,0.999,0.3521,0.73921,338.0,1261.8,0.999,0.18194,0.71235,174.7,1216.0,0.9,0.26101,0.70369,250.6,1201.2,0.257,0.04503,0.76486,43.2,1305.6,0.944,0.218,0.77109,209.3,1316.2,0.558,0.03594,0.78835,34.5,1345.7,0.921,0.2308,0.79278,221.6,1353.3,0.609,-0.0112,0.74583,-10.7,1273.1,0.874,0.15761,0.77232,151.3,1318.4,0.489
71,1.961,960,1707,0.41312,0.60431,396.6,1031.5,0.987,0.42172,0.59723,404.9,1019.5,0.989,0.42076,0.59736,403.9,1019.7,0.991,0.4195,0.59755,402.7,1020.0,0.993,0.4278,0.59769,410.7,1020.3,0.991,0.43089,0.59819,413.7,1021.1,0.991,0.4336,0.59873,416.3,1022.0,0.992,0.41988,0.60057,403.1,1025.2,0.997,0.44275,0.60354,425.0,1030.2,0.992,0.40807,0.61154,391.7,1043.9,0.986,0.41341,0.61259,396.9,1045.7,0.977,0.39584,0.62946,380.0,1074.5,1.0,0.43506,0.63905,417.7,1090.9,0.996,0.29827,0.61039,286.3,1041.9,0.843,0.39527,0.67697,379.5,1155.6,0.006,0.25151,0.56776,241.4,969.2,0.789,0.35811,0.68645,343.8,1171.8,0.038,0.22885,0.56189,219.7,959.1,0.796,0.3536,0.6914,339.5,1180.2,0.073,0.24081,0.55654,231.2,950.0,0.793,0.34947,0.68728,335.5,1173.2,0.07,0.24886,0.56006,238.9,956.0,0.723,0.34818,0.68534,334.3,1169.9,0.078,0.31942,0.7411,306.6,1265.1,0.999,0.34432,0.73978,330.5,1262.8,0.998,0.172,0.71284,165.1,1216.8,0.891,0.25735,0.70401,247.1,1201.7,0.235,0.01892,0.75953,18.2,1296.5,0.94,0.219,0.77149,210.2,1316.9,0.508,-0.00371,0.78799,-3.6,1345.1,0.917,0.23162,0.79353,222.4,1354.6,0.565,-0.07342,0.74617,-70.5,1273.7,0.859,0.15739,0.77307,151.1,1319.6,0.443
72,1.988,960,1707,0.42877,0.60474,411.6,1032.3,0.987,0.43277,0.59787,415.5,1020.6,0.988,0.43034,0.59781,413.1,1020.5,0.99,0.42775,0.59783,410.6,1020.5,0.993,0.44162,0.59889,424.0,1022.3,0.99,0.44505,0.59939,427.2,1023.2,0.99,0.4483,0.59966,430.4,1023.6,0.992,0.42446,0.60079,407.5,1025.5,0.997,0.45425,0.60465,436.1,1032.1,0.992,0.41902,0.61156,402.3,1043.9,0.986,0.42699,0.61319,409.9,1046.7,0.977,0.39688,0.63286,381.0,1080.3,1.0,0.43626,0.6395,418.8,1091.6,0.996,0.2983,0.61109,286.4,1043.1,0.839,0.36767,0.63005,353.0,1075.5,0.007,0.25028,0.56772,240.3,969.1,0.782,0.32712,0.61345,314.0,1047.2,0.039,0.22713,0.5606,218.0,956.9,0.787,0.31718,0.60766,304.5,1037.3,0.073,0.23854,0.55537,229.0,948.0,0.784,0.31047,0.60452,298.1,1031.9,0.071,0.24717,0.55997,237.3,955.9,0.712,0.31127,0.60698,298.8,1036.1,0.078,0.31137,0.74046,298.9,1264.0,0.999,0.34168,0.74031,328.0,1263.7,0.998,0.16159,0.71493,155.1,1220.4,0.884,0.26013,0.70543,249.7,1204.2,0.218,0.02724,0.75966,26.2,1296.7,0.933,0.22013,0.7704,211.3,1315.1,0.47,0.01577,0.78882,15.1,1346.5,0.909,0.23478,0.7916,225.4,1351.3,0.536,-0.0532,0.74597,-51.1,1273.4,0.844,0.1615,0.76819,155.0,1311.3,0.405
73,2.016,960,1707,0.42653,0.60452,409.5,1031.9,0.988,0.43215,0.59824,414.9,1021.2,0.989,0.43047,0.59825,413.2,1021.2,0.991,0.42857,0.5983,411.4,1021.3,0.994,0.43937,0.59927,421.8,1023.0,0.991,0.44261,0.59988,424.9,1024.0,0.991,0.4457,0.60029,427.9,1024.7,0.992,0.42821,0.6012,411.1,1026.3,0.997,0.45267,0.60482,434.6,1032.4,0.993,0.41939,0.61151,402.6,1043.8,0.987,0.42593,0.61328,408.9,1046.9,0.978,0.39691,0.63477,381.0,1083.6,1.0,0.43773,0.64049,420.2,1093.3,0.996,0.29832,0.611,286.4,1043.0,0.835,0.37567,0.64148,360.6,1095.0,0.007,0.25028,0.56822,240.3,970.0,0.78,0.32801,0.61818,314.9,1055.2,0.039,0.22694,0.5608,217.9,957.3,0.786,0.31904,0.61266,306.3,1045.8,0.073,0.23854,0.55535,229.0,948.0,0.783,0.31179,0.60895,299.3,1039.5,0.071,0.24731,0.55995,237.4,955.8,0.71,0.31217,0.6114,299.7,1043.7,0.078,0.30562,0.7405,293.4,1264.0,0.999,0.33901,0.73976,325.4,1262.8,0.998,0.16085,0.71571,154.4,1221.7,0.863,0.25825,0.70487,247.9,1203.2,0.203,0.05202,0.77645,49.9,1325.4,0.902,0.22123,0.76695,212.4,1309.2,0.435,0.06565,0.79685,63.0,1360.2,0.884,0.23539,0.78622,226.0,1342.1,0.505,-0.00629,0.76461,-6.0,1305.2,0.806,0.1656,0.76496,159.0,1305.8,0.372
74,2.044,960,1707,0.43246,0.60466,415.2,1032.1,0.988,0.43689,0.59874,419.4,1022.1,0.989,0.43491,0.5987,417.5,1022.0,0.99,0.43276,0.59872,415.4,1022.0,0.993,0.44509,0.59977,427.3,1023.8,0.99,0.44862,0.60015,430.7,1024.5,0.99,0.45194,0.60058,433.9,1025.2,0.992,0.43146,0.60147,414.2,1026.7,0.997,0.45745,0.60633,439.2,1035.0,0.992,0.4238,0.61145,406.8,1043.7,0.986,0.43144,0.6134,414.2,1047.1,0.977,0.39638,0.63465,380.5,1083.4,1.0,0.44015,0.64288,422.5,1097.4,0.996,0.29897,0.61174,287.0,1044.2,0.813,0.39602,0.67366,380.2,1149.9,0.006,0.25128,0.5707,241.2,974.2,0.766,0.34189,0.68404,328.2,1167.6,0.035,0.2286,0.56434,219.5,963.3,0.773,0.33153,0.68856,318.3,1175.4,0.068,0.23938,0.55899,229.8,954.2,0.772,0.32321,0.68649,310.3,1171.8,0.065,0.24831,0.56266,238.4,960.5,0.694,0.32429,0.68509,311.3,1169.4,0.072,0.29935,0.73949,287.4,1262.3,0.999,0.3369,0.7405,323.4,1264.0,0.998,0.16642,0.71688,159.8,1223.7,0.786,0.25482,0.70848,244.6,1209.4,0.184,0.20573,0.77302,197.5,1319.5,0.821,0.22505,0.76586,216.0,1307.3,0.394,0.22227,0.78746,213.4,1344.2,0.81,0.23719,0.78194,227.7,1334.8,0.462,0.1541,0.77201,147.9,1317.8,0.734,0.17002,0.76651,163.2,1308.4,0.338
75,2.071,960,1707,0.43608,0.60499,418.6,1032.7,0.988,0.44141,0.59888,423.8,1022.3,0.988,0.43961,0.59881,422.0,1022.2,0.99,0.43755,0.59905,420.0,1022.6,0.993,0.44857,0.60003,430.6,1024.2,0.99,0.45158,0.60087,433.5,1025.7,0.99,0.45429,0.60175,436.1,1027.2,0.992,0.43726,0.60276,419.8,1028.9,0.996,0.45965,0.60835,441.3,1038.5,0.991,0.42792,0.61171,410.8,1044.2,0.984,0.43423,0.6136,416.9,1047.4,0.976,0.39812,0.63795,382.2,1089.0,1.0,0.44021,0.64381,422.6,1099.0,0.996,0.30335,0.61188,291.2,1044.5,0.792,0.39646,0.67687,380.6,1155.4,0.006,0.25291,0.57044,242.8,973.7,0.746,0.34681,0.69293,332.9,1182.8,0.032,0.22863,0.56402,219.5,962.8,0.756,0.3376,0.69938,324.1,1193.8,0.062,0.23888,0.55874,229.3,953.8,0.755,0.33093,0.69753,317.7,1190.7,0.06,0.2483,0.56263,238.4,960.4,0.67,0.33157,0.69527,318.3,1186.8,0.066,0.29507,0.73943,283.3,1262.2,0.999,0.33276,0.74005,319.5,1263.3,0.999,0.16463,0.71677,158.0,1223.5,0.715,0.24903,0.70883,239.1,1210.0,0.166,0.21526,0.77262,206.6,1318.9,0.745,0.22604,0.76354,217.0,1303.4,0.356,0.23053,0.7855,221.3,1340.8,0.741,0.23847,0.77709,228.9,1326.5,0.419,0.1665,0.77442,159.8,1321.9,0.666,0.17182,0.76358,164.9,1303.4,0.305
76,2.099,960,1707,0.44099,0.6054,423.3,1033.4,0.988,0.44519,0.5998,427.4,1023.9,0.988,0.44297,0.59957,425.3,1023.5,0.989,0.44051,0.59966,422.9,1023.6,0.993,0.45348,0.6019,435.3,1027.4,0.99,0.45686,0.6032,438.6,1029.7,0.99,0.46007,0.60457,441.7,1032.0,0.992,0.4379,0.60331,420.4,1029.8,0.996,0.46486,0.61143,446.3,1043.7,0.991,0.43172,0.61174,414.5,1044.2,0.984,0.4393,0.614,421.7,1048.1,0.976,0.39823,0.63757,382.3,1088.3,1.0,0.4413,0.64566,423.6,1102.1,0.997,0.30419,0.61181,292.0,1044.4,0.772,0.39726,0.68891,381.4,1176.0,0.006,0.25283,0.57035,242.7,973.6,0.732,0.34513,0.7102,331.3,1212.3,0.03,0.22747,0.56395,218.4,962.7,0.743,0.33244,0.7176,319.1,1224.9,0.058,0.23481,0.55752,225.4,951.7,0.743,0.32559,0.71499,312.6,1220.5,0.055,0.24516,0.56165,235.4,958.7,0.653,0.3278,0.71247,314.7,1216.2,0.061,0.29211,0.7385,280.4,1260.6,0.999,0.32737,0.74008,314.3,1263.3,0.999,0.16517,0.71608,158.6,1222.4,0.652,0.2395,0.70795,229.9,1208.5,0.15,0.20523,0.77247,197.0,1318.6,0.678,0.22479,0.76256,215.8,1301.7,0.321,0.22454,0.78608,215.6,1341.8,0.68,0.23716,0.77532,227.7,1323.5,0.381,0.16115,0.77595,154.7,1324.5,0.606,0.17397,0.76289,167.0,1302.3,0.275
77,2.127,960,1707,0.44412,0.60969,426.4,1040.7,0.986,0.44747,0.60397,429.6,1031.0,0.986,0.44488,0.6035,427.1,1030.2,0.987,0.44202,0.60325,424.3,1029.8,0.991,0.45604,0.60706,437.8,1036.2,0.987,0.45933,0.60865,441.0,1039.0,0.988,0.4626,0.61034,444.1,1041.8,0.991,0.43791,0.60625,420.4,1034.9,0.995,0.46691,0.61673,448.2,1052.8,0.99,0.43339,0.615,416.1,1049.8,0.981,0.44156,0.61763,423.9,1054.3,0.972,0.39795,0.63967,382.0,1091.9,1.0,0.44148,0.6465,423.8,1103.6,0.996,0.30437,0.61188,292.2,1044.5,0.773,0.39276,0.68031,377.1,1161.3,0.006,0.25418,0.57058,244.0,974.0,0.73,0.3408,0.69106,327.2,1179.6,0.028,0.22972,0.56495,220.5,964.4,0.74,0.32837,0.69661,315.2,1189.1,0.054,0.23723,0.55957,227.7,955.2,0.741,0.32338,0.69403,310.4,1184.7,0.052,0.24707,0.56249,237.2,960.2,0.65,0.32529,0.69221,312.3,1181.6,0.057,0.28979,0.73859,278.2,1260.8,0.999,0.32026,0.73821,307.4,1260.1,0.999,0.15531,0.71598,149.1,1222.2,0.609,0.2267,0.70772,217.6,1208.1,0.138,0.14424,0.77857,138.5,1329.0,0.627,0.21671,0.76271,208.0,1301.9,0.293,0.15961,0.7938,153.2,1355.0,0.636,0.22996,0.77377,220.8,1320.8,0.353,0.11953,0.77873,114.7,1329.3,0.555,0.17189,0.76401,165.0,1304.2,0.25
78,2.154,960,1707,0.44202,0.61226,424.3,1045.1,0.987,0.44617,0.60668,428.3,1035.6,0.986,0.44384,0.60628,426.1,1034.9,0.987,0.44127,0.60603,423.6,1034.5,0.991,0.45459,0.60955,436.4,1040.5,0.988,0.45802,0.61107,439.7,1043.1,0.988,0.46133,0.61264,442.9,1045.8,0.991,0.43811,0.60901,420.6,1039.6,0.995,0.46592,0.61851,447.3,1055.8,0.99,0.43193,0.61776,414.7,1054.5,0.982,0.43904,0.62003,421.5,1058.4,0.973,0.40213,0.64614,386.0,1103.0,1.0,0.43979,0.64624,422.2,1103.1,0.997,0.30739,0.61288,295.1,1046.2,0.739,0.35338,0.6099,339.2,1041.1,0.006,0.25707,0.57119,246.8,975.0,0.693,0.29844,0.57242,286.5,977.1,0.027,0.23121,0.56553,222.0,965.4,0.703,0.2692,0.56624,258.4,966.6,0.052,0.23855,0.56003,229.0,956.0,0.705,0.27177,0.56334,260.9,961.6,0.051,0.24851,0.56251,238.6,960.2,0.614,0.27867,0.56503,267.5,964.5,0.055,0.28922,0.73866,277.7,1260.9,0.999,0.31217,0.73851,299.7,1260.6,0.999,0.17583,0.70816,168.8,1208.8,0.551,0.20917,0.70318,200.8,1200.3,0.125,0.18152,0.77737,174.3,1327.0,0.566,0.16796,0.74582,161.2,1273.1,0.265,0.19308,0.79364,185.4,1354.7,0.577,0.16641,0.7595,159.8,1296.5,0.32,0.15358,0.77557,147.4,1323.9,0.502,0.13405,0.73094,128.7,1247.7,0.226
79,2.182,960,1707,0.4416,0.61486,423.9,1049.6,0.986,0.44548,0.60916,427.7,1039.8,0.985,0.443,0.60864,425.3,1038.9,0.986,0.4403,0.6082,422.7,1038.2,0.99,0.45385,0.61203,435.7,1044.7,0.987,0.4572,0.61346,438.9,1047.2,0.987,0.46048,0.61492,442.1,1049.7,0.99,0.43671,0.61071,419.2,1042.5,0.994,0.46506,0.62059,446.5,1059.4,0.988,0.43105,0.62001,413.8,1058.4,0.981,0.43823,0.62213,420.7,1062.0,0.972,0.39813,0.64738,382.2,1105.1,0.999,0.43977,0.64821,422.2,1106.5,0.996,0.30707,0.61278,294.8,1046.0,0.731,0.35372,0.61655,339.6,1052.5,0.006,0.2562,0.57013,246.0,973.2,0.684,0.28554,0.5713,274.1,975.2,0.028,0.22843,0.56143,219.3,958.4,0.694,0.26378,0.56674,253.2,967.4,0.053,0.23549,0.55687,226.1,950.6,0.697,0.2652,0.56328,254.6,961.5,0.051,0.24445,0.55978,234.7,955.5,0.604,0.26936,0.56397,258.6,962.7,0.056,0.28066,0.73991,269.4,1263.0,0.999,0.30623,0.73597,294.0,1256.3,0.999,0.13252,0.72144,127.2,1231.5,0.527,0.20451,0.701,196.3,1196.6,0.115,0.0491,0.78609,47.1,1341.9,0.551,0.18603,0.75431,178.6,1287.6,0.241,0.04875,0.80178,46.8,1368.6,0.565,0.1691,0.76697,162.3,1309.2,0.297,-0.0054,0.77835,-5.2,1328.6,0.478,0.15956,0.74916,153.2,1278.8,0.206
80,2.209,960,1707,0.44388,0.61548,426.1,1050.6,0.987,0.44827,0.60971,430.3,1040.8,0.986,0.44589,0.60909,428.1,1039.7,0.987,0.44324,0.60857,425.5,1038.8,0.991,0.45627,0.61276,438.0,1046.0,0.988,0.45955,0.61422,441.2,1048.5,0.988,0.46291,0.61575,444.4,1051.1,0.991,0.4384,0.6108,420.9,1042.6,0.995,0.46663,0.62146,448.0,1060.8,0.989,0.43293,0.62027,415.6,1058.8,0.982,0.44031,0.62273,422.7,1063.0,0.974,0.38967,0.64555,374.1,1102.0,1.0,0.44491,0.65522,427.1,1118.5,0.996,0.30689,0.61277,294.6,1046.0,0.725,0.38058,0.69466,365.4,1185.8,0.007,0.25616,0.57013,245.9,973.2,0.68,0.32896,0.71756,315.8,1224.9,0.027,0.22881,0.56231,219.7,959.9,0.69,0.31541,0.72447,302.8,1236.7,0.052,0.23591,0.55926,226.5,954.7,0.692,0.30897,0.72063,296.6,1230.1,0.05,0.24464,0.56177,234.9,958.9,0.595,0.31197,0.71783,299.5,1225.3,0.054,0.27829,0.73996,267.2,1263.1,0.999,0.31098,0.73813,298.5,1260.0,0.999,0.1384,0.72672,132.9,1240.5,0.509,0.21625,0.70696,207.6,1206.8,0.104,0.19306,0.78392,185.3,1338.1,0.513,0.20651,0.75706,198.3,1292.3,0.219,0.21935,0.79897,210.6,1363.8,0.538,0.19335,0.7718,185.6,1317.5,0.273,0.15104,0.78674,145.0,1343.0,0.445,0.17359,0.75062,166.6,1281.3,0.187
81,2.237,960,1707,0.44557,0.61686,427.7,1053.0,0.988,0.44943,0.61083,431.5,1042.7,0.987,0.44703,0.61013,429.1,1041.5,0.988,0.44434,0.6095,426.6,1040.4,0.992,0.45724,0.61396,439.0,1048.0,0.989,0.46049,0.61543,442.1,1050.5,0.989,0.46387,0.61701,445.3,1053.2,0.992,0.43857,0.61119,421.0,1043.3,0.995,0.46763,0.62289,448.9,1063.3,0.99,0.43457,0.62145,417.2,1060.8,0.983,0.44217,0.62409,424.5,1065.3,0.975,0.38596,0.64539,370.5,1101.7,1.0,0.4491,0.65883,431.1,1124.6,0.997,0.3075,0.61269,295.2,1045.9,0.708,0.39982,0.70651,383.8,1206.0,0.008,0.25824,0.57033,247.9,973.6,0.665,0.34004,0.72935,326.4,1245.0,0.026,0.23276,0.56393,223.4,962.6,0.675,0.32732,0.73725,314.2,1258.5,0.049,0.23966,0.56078,230.1,957.2,0.678,0.31909,0.73342,306.3,1251.9,0.047,0.24761,0.56269,237.7,960.5,0.576,0.32184,0.73031,309.0,1246.6,0.051,0.27617,0.73966,265.1,1262.6,0.999,0.31357,0.74321,301.0,1268.7,0.999,0.14209,0.72453,136.4,1236.8,0.472,0.22053,0.71095,211.7,1213.6,0.095,0.20557,0.77983,197.4,1331.2,0.47,0.21566,0.75697,207.0,1292.1,0.198,0.22903,0.7915,219.9,1351.1,0.503,0.2026,0.77329,194.5,1320.0,0.251,0.18013,0.78582,172.9,1341.4,0.408,0.1794,0.7518,172.2,1283.3,0.17
82,2.265,960,1707,0.44679,0.61813,428.9,1055.1,0.989,0.44994,0.6118,431.9,1044.3,0.988,0.44738,0.611,429.5,1043.0,0.989,0.44453,0.61026,426.7,1041.7,0.992,0.45804,0.61503,439.7,1049.9,0.99,0.46136,0.61648,442.9,1052.3,0.99,0.4648,0.61801,446.2,1055.0,0.993,0.43828,0.61153,420.8,1043.9,0.995,0.4685,0.62391,449.8,1065.0,0.99,0.43574,0.62266,418.3,1062.9,0.984,0.44368,0.6255,425.9,1067.7,0.977,0.37961,0.64276,364.4,1097.2,1.0,0.4546,0.6614,436.4,1129.0,0.997,0.30796,0.61251,295.6,1045.6,0.707,0.40484,0.7064,388.6,1205.8,0.008,0.25924,0.57055,248.9,973.9,0.658,0.34854,0.72451,334.6,1236.7,0.025,0.23467,0.56513,225.3,964.7,0.666,0.33773,0.73132,324.2,1248.4,0.046,0.24089,0.56204,231.3,959.4,0.669,0.32969,0.72731,316.5,1241.5,0.045,0.24848,0.56359,238.5,962.0,0.563,0.33134,0.72439,318.1,1236.5,0.047,0.27113,0.73959,260.3,1262.5,0.999,0.3151,0.74896,302.5,1278.5,0.999,0.13599,0.72984,130.6,1245.8,0.461,0.24023,0.71176,230.6,1215.0,0.086,0.20501,0.77934,196.8,1330.3,0.44,0.21665,0.75782,208.0,1293.6,0.18,0.22869,0.79,219.5,1348.5,0.484,0.2062,0.77579,198.0,1324.3,0.232,0.1787,0.78691,171.5,1343.3,0.381,0.18111,0.75209,173.9,1283.8,0.154
83,2.292,960,1707,0.4468,0.61881,428.9,1056.3,0.99,0.44969,0.61239,431.7,1045.3,0.989,0.447,0.61156,429.1,1043.9,0.99,0.44405,0.61076,426.3,1042.6,0.993,0.45768,0.61555,439.4,1050.7,0.991,0.46099,0.617,442.6,1053.2,0.991,0.4644,0.61851,445.8,1055.8,0.993,0.4376,0.61202,420.1,1044.7,0.996,0.46868,0.62484,449.9,1066.6,0.991,0.43594,0.62351,418.5,1064.3,0.986,0.44393,0.62639,426.2,1069.3,0.979,0.3797,0.64094,364.5,1094.1,1.0,0.45716,0.66479,438.9,1134.8,0.997,0.30796,0.61178,295.6,1044.3,0.696,0.40606,0.70704,389.8,1206.9,0.008,0.25916,0.57052,248.8,973.9,0.651,0.3488,0.72708,334.8,1241.1,0.023,0.23469,0.56503,225.3,964.5,0.658,0.33713,0.73423,323.6,1253.3,0.044,0.24127,0.56179,231.6,959.0,0.66,0.33012,0.73049,316.9,1246.9,0.042,0.24869,0.56346,238.7,961.8,0.551,0.33213,0.72754,318.8,1241.9,0.044,0.27133,0.73963,260.5,1262.6,0.999,0.3165,0.75208,303.8,1283.8,0.999,0.13953,0.72748,133.9,1241.8,0.437,0.2448,0.71114,235.0,1213.9,0.078,0.19995,0.77648,192.0,1325.5,0.407,0.21793,0.75843,209.2,1294.6,0.163,0.22284,0.78867,213.9,1346.3,0.458,0.2089,0.77873,200.5,1329.3,0.213,0.16122,0.7844,154.8,1339.0,0.353,0.1826,0.75523,175.3,1289.2,0.14
84,2.32,960,1707,0.4455,0.61964,427.7,1057.7,0.991,0.44807,0.61328,430.1,1046.9,0.99,0.44557,0.61259,427.7,1045.7,0.991,0.44283,0.61194,425.1,1044.6,0.994,0.45596,0.61614,437.7,1051.8,0.991,0.45929,0.61753,440.9,1054.1,0.991,0.46268,0.61898,444.2,1056.6,0.994,0.43762,0.61402,420.1,1048.1,0.996,0.46778,0.62543,449.1,1067.6,0.991,0.43457,0.62475,417.2,1066.4,0.987,0.44258,0.62705,424.9,1070.4,0.98,0.38098,0.641,365.7,1094.2,1.0,0.4572,0.6637,438.9,1132.9,0.996,0.30812,0.61137,295.8,1043.6,0.721,0.405,0.62644,388.8,1069.3,0.009,0.25896,0.57049,248.6,973.8,0.679,0.34891,0.58374,335.0,996.4,0.024,0.23454,0.56494,225.2,964.4,0.684,0.33905,0.57407,325.5,979.9,0.045,0.24108,0.56155,231.4,958.6,0.686,0.32939,0.56897,316.2,971.2,0.044,0.2484,0.56328,238.5,961.5,0.582,0.33286,0.57645,319.5,984.0,0.047,0.26744,0.74,256.7,1263.2,0.999,0.31626,0.75237,303.6,1284.3,0.999,0.11294,0.74123,108.4,1265.3,0.467,0.2634,0.71313,252.9,1217.3,0.076,0.00941,0.789,9.0,1346.8,0.452,0.22098,0.76332,212.1,1303.0,0.156,0.00351,0.80321,3.4,1371.1,0.492,0.22372,0.77882,214.8,1329.4,0.209,-0.04484,0.78268,-43.0,1336.0,0.385,0.18532,0.7655,177.9,1306.7,0.133
85,2.347,960,1707,0.44414,0.62035,426.4,1058.9,0.991,0.44738,0.61399,429.5,1048.1,0.991,0.44501,0.61339,427.2,1047.1,0.991,0.44244,0.61285,424.7,1046.1,0.994,0.45523,0.61668,437.0,1052.7,0.992,0.45866,0.61802,440.3,1055.0,0.992,0.46216,0.61941,443.7,1057.3,0.994,0.43791,0.61483,420.4,1049.5,0.997,0.46783,0.626,449.1,1068.6,0.992,0.4339,0.62568,416.5,1068.0,0.988,0.44164,0.62801,424.0,1072.0,0.982,0.37875,0.64044,363.6,1093.2,1.0,0.46003,0.66948,441.6,1142.8,0.997,0.30805,0.60965,295.7,1040.7,0.736,0.40463,0.6982,388.4,1191.8,0.011,0.25875,0.57065,248.4,974.1,0.697,0.34658,0.7205,332.7,1229.9,0.025,0.23441,0.56568,225.0,965.6,0.699,0.33591,0.72624,322.5,1239.7,0.045,0.24054,0.56152,230.9,958.5,0.702,0.32745,0.72088,314.3,1230.5,0.044,0.24792,0.5632,238.0,961.4,0.6,0.33055,0.71851,317.3,1226.5,0.046,0.26014,0.74048,249.7,1264.0,1.0,0.31434,0.75738,301.8,1292.8,0.999,0.10634,0.74546,102.1,1272.5,0.5,0.27448,0.71374,263.5,1218.3,0.07,0.07977,0.79765,76.6,1361.6,0.47,0.22243,0.76586,213.5,1307.3,0.146,0.08747,0.81445,84.0,1390.3,0.516,0.22682,0.77877,217.8,1329.4,0.203,0.0358,0.78995,34.4,1348.4,0.398,0.18619,0.76867,178.7,1312.1,0.124
86,2.375,960,1707,0.44801,0.62268,430.1,1062.9,0.988,0.45113,0.61607,433.1,1051.6,0.988,0.44856,0.61539,430.6,1050.5,0.99,0.44563,0.61477,427.8,1049.4,0.993,0.45938,0.61886,441.0,1056.4,0.99,0.46277,0.62014,444.3,1058.6,0.99,0.46625,0.6215,447.6,1060.9,0.992,0.44,0.61624,422.4,1051.9,0.996,0.47108,0.62789,452.2,1071.8,0.99,0.43694,0.6279,419.5,1071.8,0.985,0.44542,0.63027,427.6,1075.9,0.976,0.37952,0.64036,364.3,1093.1,1.0,0.4611,0.67269,442.7,1148.3,0.996,0.3101,0.60882,297.7,1039.3,0.758,0.40224,0.71158,386.1,1214.7,0.013,0.25868,0.57029,248.3,973.5,0.712,0.34891,0.74167,335.0,1266.0,0.024,0.23457,0.56544,225.2,965.2,0.711,0.33828,0.74956,324.7,1279.5,0.044,0.2405,0.5615,230.9,958.5,0.713,0.32866,0.7429,315.5,1268.1,0.042,0.24778,0.56277,237.9,960.7,0.611,0.33092,0.73933,317.7,1262.0,0.044,0.26145,0.74025,251.0,1263.6,1.0,0.31336,0.75921,300.8,1296.0,0.999,0.10541,0.74491,101.2,1271.6,0.549,0.28631,0.71403,274.9,1218.8,0.072,-0.01046,0.79963,-10.0,1365.0,0.521,0.22259,0.76802,213.7,1311.0,0.158,-0.0197,0.81606,-18.9,1393.0,0.564,0.22641,0.7812,217.4,1333.5,0.236,-0.06728,0.7875,-64.6,1344.3,0.451,0.18577,0.77015,178.3,1314.6,0.124
87,2.403,960,1707,0.45167,0.62325,433.6,1063.9,0.99,0.45416,0.6168,436.0,1052.9,0.989,0.45147,0.61612,433.4,1051.7,0.991,0.44841,0.61549,430.5,1050.6,0.993,0.46248,0.61961,444.0,1057.7,0.991,0.46582,0.62094,447.2,1060.0,0.991,0.46919,0.62232,450.4,1062.3,0.993,0.44146,0.61674,423.8,1052.8,0.996,0.47339,0.62897,454.5,1073.6,0.991,0.44066,0.62855,423.0,1072.9,0.986,0.44934,0.63098,431.4,1077.1,0.978,0.38027,0.64029,365.1,1093.0,1.0,0.46238,0.67322,443.9,1149.2,0.996,0.31308,0.60823,300.6,1038.2,0.744,0.40087,0.71241,384.8,1216.1,0.014,0.25903,0.57008,248.7,973.1,0.693,0.34773,0.74321,333.8,1268.7,0.023,0.23556,0.5654,226.1,965.1,0.688,0.33651,0.74964,323.1,1279.6,0.041,0.24055,0.56138,230.9,958.3,0.69,0.32773,0.74527,314.6,1272.2,0.04,0.24778,0.56261,237.9,960.4,0.584,0.32986,0.74249,316.7,1267.4,0.041,0.25861,0.74032,248.3,1263.7,1.0,0.31227,0.76115,299.8,1299.3,0.999,0.11461,0.73883,110.0,1261.2,0.531,0.27533,0.71874,264.3,1226.9,0.065,0.19446,0.78239,186.7,1335.5,0.485,0.22261,0.76768,213.7,1310.4,0.143,0.21028,0.79064,201.9,1349.6,0.538,0.22704,0.77886,218.0,1329.5,0.217,0.16926,0.78353,162.5,1337.5,0.421,0.18453,0.76973,177.1,1313.9,0.113
88,2.43,960,1707,0.45361,0.62459,435.5,1066.2,0.99,0.45619,0.61814,437.9,1055.2,0.99,0.45352,0.6174,435.4,1053.9,0.991,0.45046,0.6167,432.4,1052.7,0.994,0.46433,0.62105,445.8,1060.1,0.991,0.46754,0.62238,448.8,1062.4,0.992,0.47075,0.62375,451.9,1064.7,0.993,0.44329,0.61778,425.6,1054.5,0.997,0.47456,0.63027,455.6,1075.9,0.991,0.44283,0.62965,425.1,1074.8,0.986,0.45115,0.63228,433.1,1079.3,0.979,0.38081,0.64014,365.6,1092.7,1.0,0.46545,0.67585,446.8,1153.7,0.997,0.31388,0.60765,301.3,1037.3,0.736,0.40002,0.71503,384.0,1220.6,0.013,0.25921,0.57007,248.8,973.1,0.686,0.34548,0.7425,331.7,1267.4,0.021,0.23578,0.56559,226.3,965.5,0.678,0.33436,0.74876,321.0,1278.1,0.038,0.2407,0.56131,231.1,958.2,0.68,0.32476,0.74378,311.8,1269.6,0.036,0.24798,0.56257,238.1,960.3,0.569,0.32683,0.74087,313.8,1264.7,0.037,0.25637,0.74048,246.1,1264.0,1.0,0.30973,0.76324,297.3,1302.9,0.999,0.1121,0.7393,107.6,1262.0,0.492,0.28389,0.72014,272.5,1229.3,0.059,0.20174,0.7796,193.7,1330.8,0.446,0.22237,0.76738,213.5,1309.9,0.13,0.21593,0.78577,207.3,1341.3,0.505,0.22679,0.77735,217.7,1326.9,0.199,0.1595,0.78582,153.1,1341.4,0.386,0.18881,0.7695,181.3,1313.5,0.103
89,2.458,960,1707,0.45556,0.62492,437.3,1066.7,0.991,0.45812,0.61859,439.8,1055.9,0.991,0.45557,0.61791,437.4,1054.8,0.992,0.45271,0.61727,434.6,1053.7,0.994,0.46605,0.62147,447.4,1060.8,0.992,0.46923,0.62283,450.5,1063.2,0.992,0.4725,0.62425,453.6,1065.6,0.994,0.44607,0.61867,428.2,1056.1,0.997,0.47604,0.63112,457.0,1077.3,0.991,0.44524,0.63014,427.4,1075.6,0.987,0.45304,0.6328,434.9,1080.2,0.979,0.38285,0.64013,367.5,1092.7,1.0,0.46697,0.675,448.3,1152.2,0.997,0.31841,0.60721,305.7,1036.5,0.731,0.39923,0.71629,383.3,1222.7,0.013,0.26043,0.57007,250.0,973.1,0.68,0.345,0.74572,331.2,1273.0,0.02,0.23749,0.56556,228.0,965.4,0.67,0.33369,0.75292,320.3,1285.2,0.035,0.24106,0.56129,231.4,958.1,0.671,0.32453,0.7478,311.5,1276.5,0.034,0.24815,0.56254,238.2,960.2,0.558,0.32662,0.74451,313.6,1270.9,0.034,0.25771,0.74068,247.4,1264.3,1.0,0.30995,0.76364,297.5,1303.5,0.999,0.114,0.73801,109.4,1259.8,0.463,0.27861,0.71947,267.5,1228.1,0.053,0.17413,0.77394,167.2,1321.1,0.417,0.22244,0.76717,213.5,1309.6,0.118,0.19639,0.78545,188.5,1340.8,0.487,0.22708,0.7763,218.0,1325.1,0.184,0.12675,0.78585,121.7,1341.4,0.359,0.18999,0.76921,182.4,1313.0,0.094
90,2.486,960,1707,0.45545,0.62481,437.2,1066.6,0.987,0.45861,0.61881,440.3,1056.3,0.988,0.45617,0.61818,437.9,1055.2,0.989,0.45341,0.61758,435.3,1054.2,0.992,0.46621,0.62154,447.6,1061.0,0.989,0.46932,0.62289,450.5,1063.3,0.99,0.47253,0.62429,453.6,1065.7,0.991,0.44751,0.61935,429.6,1057.2,0.996,0.47604,0.63145,457.0,1077.9,0.989,0.44552,0.63012,427.7,1075.6,0.983,0.45282,0.63267,434.7,1080.0,0.973,0.38291,0.64014,367.6,1092.7,1.0,0.46838,0.67587,449.6,1153.7,0.997,0.31869,0.60658,305.9,1035.4,0.752,0.39728,0.71855,381.4,1226.6,0.014,0.26034,0.56981,249.9,972.7,0.696,0.34263,0.74916,328.9,1278.8,0.019,0.23736,0.56511,227.9,964.6,0.683,0.33194,0.75806,318.7,1294.0,0.034,0.24092,0.56089,231.3,957.4,0.684,0.32264,0.75144,309.7,1282.7,0.032,0.24738,0.56203,237.5,959.4,0.572,0.32416,0.74741,311.2,1275.8,0.033,0.2577,0.74069,247.4,1264.4,1.0,0.31011,0.76479,297.7,1305.5,0.999,0.11061,0.7383,106.2,1260.3,0.508,0.28395,0.71872,272.6,1226.9,0.054,0.00185,0.77993,1.8,1331.3,0.468,0.22106,0.76728,212.2,1309.8,0.12,-0.00709,0.79395,-6.8,1355.3,0.534,0.2223,0.77623,213.4,1325.0,0.198,-0.04948,0.77728,-47.5,1326.8,0.396,0.18969,0.76911,182.1,1312.9,0.09
91,2.513,960,1707,0.45799,0.62678,439.7,1069.9,0.986,0.46144,0.62083,443.0,1059.8,0.986,0.45911,0.6202,440.7,1058.7,0.988,0.45647,0.61959,438.2,1057.6,0.991,0.46868,0.62352,449.9,1064.4,0.987,0.47162,0.62481,452.8,1066.6,0.989,0.47475,0.62621,455.8,1068.9,0.99,0.44989,0.62113,431.9,1060.3,0.996,0.47677,0.6331,457.7,1080.7,0.988,0.44756,0.63204,429.7,1078.9,0.981,0.45443,0.63455,436.3,1083.2,0.969,0.38346,0.64059,368.1,1093.5,1.0,0.47028,0.67719,451.5,1156.0,0.996,0.31873,0.60629,306.0,1034.9,0.771,0.39789,0.71713,382.0,1224.1,0.018,0.26019,0.5697,249.8,972.5,0.708,0.34389,0.7501,330.1,1280.4,0.02,0.23727,0.56501,227.8,964.5,0.693,0.33303,0.75953,319.7,1296.5,0.034,0.24068,0.56069,231.1,957.1,0.693,0.32392,0.7527,311.0,1284.9,0.032,0.24646,0.56166,236.6,958.7,0.582,0.32522,0.74852,312.2,1277.7,0.032,0.2579,0.74115,247.6,1265.1,1.0,0.31028,0.76571,297.9,1307.1,0.999,0.10913,0.74046,104.8,1264.0,0.553,0.28769,0.71836,276.2,1226.2,0.056,0.0095,0.78713,9.1,1343.6,0.515,0.22102,0.76773,212.2,1310.5,0.128,0.00088,0.80817,0.8,1379.5,0.576,0.22236,0.77658,213.5,1325.6,0.22,-0.04492,0.78069,-43.1,1332.6,0.432,0.18916,0.76929,181.6,1313.2,0.09
92,2.541,960,1707,0.46024,0.62829,441.8,1072.5,0.984,0.46353,0.62232,445.0,1062.3,0.984,0.46117,0.62159,442.7,1061.1,0.987,0.45852,0.62087,440.2,1059.8,0.99,0.47084,0.62528,452.0,1067.4,0.986,0.47377,0.62665,454.8,1069.7,0.988,0.47696,0.62816,457.9,1072.3,0.989,0.45129,0.62193,433.2,1061.6,0.996,0.47833,0.6349,459.2,1083.8,0.986,0.4496,0.63327,431.6,1081.0,0.978,0.45633,0.63599,438.1,1085.6,0.965,0.38355,0.6407,368.2,1093.7,1.0,0.4734,0.67838,454.5,1158.0,0.996,0.31831,0.60599,305.6,1034.4,0.788,0.40041,0.71769,384.4,1225.1,0.02,0.26015,0.5699,249.7,972.8,0.725,0.34376,0.74701,330.0,1275.2,0.02,0.23722,0.56513,227.7,964.7,0.707,0.33388,0.76031,320.5,1297.8,0.033,0.24067,0.56074,231.0,957.2,0.708,0.3255,0.75374,312.5,1286.6,0.032,0.24646,0.56166,236.6,958.7,0.599,0.32634,0.74951,313.3,1279.4,0.031,0.25851,0.74125,248.2,1265.3,1.0,0.31042,0.76624,298.0,1308.0,0.999,0.11154,0.74004,107.1,1263.2,0.586,0.29168,0.71799,280.0,1225.6,0.056,0.01095,0.7912,10.5,1350.6,0.552,0.22023,0.76781,211.4,1310.7,0.131,0.00406,0.8092,3.9,1381.3,0.612,0.21949,0.77664,210.7,1325.7,0.234,-0.04087,0.78088,-39.2,1333.0,0.452,0.18821,0.76939,180.7,1313.3,0.088
93,2.568,960,1707,0.45919,0.63138,440.8,1077.8,0.984,0.46296,0.62547,444.4,1067.7,0.984,0.46077,0.62466,442.3,1066.3,0.987,0.45829,0.62387,440.0,1064.9,0.99,0.47005,0.62862,451.2,1073.1,0.986,0.47295,0.62997,454.0,1075.4,0.988,0.47609,0.63144,457.0,1077.9,0.989,0.45129,0.62467,433.2,1066.3,0.996,0.47777,0.6374,458.7,1088.0,0.987,0.44865,0.63605,430.7,1085.7,0.978,0.45536,0.63889,437.1,1090.6,0.965,0.38399,0.64136,368.6,1094.8,1.0,0.47396,0.68037,455.0,1161.4,0.996,0.31935,0.60602,306.6,1034.5,0.806,0.4038,0.71849,387.7,1226.5,0.023,0.26065,0.57029,250.2,973.5,0.743,0.34543,0.7459,331.6,1273.3,0.02,0.2379,0.5655,228.4,965.3,0.725,0.33818,0.75889,324.6,1295.4,0.034,0.24076,0.56099,231.1,957.6,0.725,0.33009,0.7523,316.9,1284.2,0.032,0.24651,0.56178,236.7,959.0,0.62,0.3304,0.74814,317.2,1277.1,0.031,0.25903,0.74197,248.7,1266.5,1.0,0.31055,0.76754,298.1,1310.2,0.999,0.11248,0.74031,108.0,1263.7,0.621,0.29344,0.71814,281.7,1225.9,0.057,0.00872,0.79142,8.4,1351.0,0.591,0.22,0.76792,211.2,1310.8,0.141,-0.00099,0.81284,-1.0,1387.5,0.647,0.21375,0.77776,205.2,1327.6,0.259,-0.04624,0.78189,-44.4,1334.7,0.489,0.18267,0.76888,175.4,1312.5,0.093
94,2.596,960,1707,0.46068,0.63242,442.2,1079.5,0.985,0.46437,0.6265,445.8,1069.4,0.986,0.4621,0.62558,443.6,1067.9,0.988,0.45947,0.62466,441.1,1066.3,0.991,0.47129,0.62975,452.4,1075.0,0.987,0.47407,0.63112,455.1,1077.3,0.989,0.47715,0.63266,458.1,1080.0,0.99,0.45132,0.62513,433.3,1067.1,0.996,0.47833,0.63887,459.2,1090.6,0.988,0.44984,0.63701,431.8,1087.4,0.98,0.45626,0.63999,438.0,1092.5,0.968,0.38407,0.64167,368.7,1095.3,1.0,0.47406,0.68115,455.1,1162.7,0.996,0.31905,0.60576,306.3,1034.0,0.817,0.40554,0.71877,389.3,1226.9,0.025,0.25847,0.56903,248.1,971.3,0.754,0.34526,0.74958,331.4,1279.5,0.021,0.23679,0.56372,227.3,962.3,0.735,0.33793,0.75961,324.4,1296.7,0.034,0.23979,0.55913,230.2,954.4,0.735,0.32952,0.75392,316.3,1286.9,0.033,0.24521,0.56029,235.4,956.4,0.63,0.33004,0.74971,316.8,1279.7,0.031,0.25935,0.74314,249.0,1268.5,1.0,0.31065,0.76809,298.2,1311.1,0.999,0.11671,0.73977,112.0,1262.8,0.645,0.29095,0.71793,279.3,1225.5,0.056,0.01263,0.79612,12.1,1359.0,0.61,0.21939,0.76786,210.6,1310.7,0.146,0.0014,0.81491,1.3,1391.1,0.669,0.21433,0.77774,205.8,1327.6,0.271,-0.00513,0.78808,-4.9,1345.3,0.502,0.17872,0.76884,171.6,1312.4,0.096
95,2.624,960,1707,0.46212,0.6325,443.6,1079.7,0.985,0.46546,0.62653,446.8,1069.5,0.985,0.46307,0.62555,444.5,1067.8,0.988,0.46031,0.62457,441.9,1066.1,0.991,0.47254,0.62985,453.6,1075.2,0.986,0.47533,0.6312,456.3,1077.5,0.989,0.47844,0.63272,459.3,1080.0,0.989,0.45164,0.62494,433.6,1066.8,0.996,0.47927,0.63882,460.1,1090.5,0.987,0.45121,0.63704,433.2,1087.4,0.979,0.45777,0.64007,439.5,1092.6,0.967,0.38412,0.64187,368.8,1095.7,1.0,0.47602,0.6805,457.0,1161.6,0.996,0.31881,0.6058,306.1,1034.1,0.824,0.40609,0.71833,389.8,1226.2,0.024,0.25716,0.56899,246.9,971.3,0.76,0.34615,0.74644,332.3,1274.2,0.02,0.23578,0.56349,226.3,961.9,0.74,0.34172,0.75855,328.0,1294.8,0.032,0.23913,0.55901,229.6,954.2,0.74,0.33467,0.75263,321.3,1284.7,0.031,0.24448,0.56018,234.7,956.2,0.634,0.33453,0.74832,321.1,1277.4,0.029,0.25973,0.74323,249.3,1268.7,1.0,0.31172,0.76797,299.3,1310.9,0.999,0.12717,0.72891,122.1,1244.2,0.628,0.28952,0.72017,277.9,1229.3,0.055,0.03718,0.78507,35.7,1340.1,0.603,0.21882,0.7677,210.1,1310.5,0.143,0.0351,0.80184,33.7,1368.7,0.672,0.21033,0.77702,201.9,1326.4,0.271,0.0004,0.77461,0.4,1322.3,0.481,0.17524,0.76625,168.2,1308.0,0.093
96,2.651,960,1707,0.46137,0.63213,442.9,1079.0,0.984,0.46485,0.62625,446.3,1069.0,0.984,0.46248,0.62532,444.0,1067.4,0.987,0.45975,0.62438,441.4,1065.8,0.99,0.47199,0.62947,453.1,1074.5,0.985,0.47483,0.6308,455.8,1076.8,0.988,0.47795,0.63227,458.8,1079.3,0.989,0.45136,0.62492,433.3,1066.7,0.996,0.47908,0.63843,459.9,1089.8,0.986,0.45061,0.63676,432.6,1086.9,0.978,0.45721,0.63978,438.9,1092.1,0.964,0.38417,0.64245,368.8,1096.7,1.0,0.47658,0.68035,457.5,1161.4,0.996,0.31877,0.60583,306.0,1034.1,0.828,0.40595,0.71862,389.7,1226.7,0.022,0.2568,0.56889,246.5,971.1,0.76,0.34765,0.74854,333.7,1277.8,0.018,0.23541,0.56329,226.0,961.5,0.739,0.34115,0.75822,327.5,1294.3,0.03,0.23887,0.55877,229.3,953.8,0.74,0.33381,0.75188,320.5,1283.5,0.029,0.24418,0.55998,234.4,955.9,0.631,0.33396,0.74775,320.6,1276.4,0.027,0.2601,0.74341,249.7,1269.0,1.0,0.3127,0.76801,300.2,1311.0,0.999,0.13486,0.72478,129.5,1237.2,0.6,0.28835,0.72006,276.8,1229.1,0.053,0.04634,0.7782,44.5,1328.4,0.587,0.21844,0.76774,209.7,1310.5,0.137,0.04194,0.79436,40.3,1356.0,0.666,0.2096,0.77704,201.2,1326.4,0.261,0.00604,0.76646,5.8,1308.3,0.452,0.17552,0.7661,168.5,1307.7,0.087
97,2.679,960,1707,0.46095,0.63185,442.5,1078.6,0.984,0.46438,0.62618,445.8,1068.9,0.985,0.46204,0.62531,443.6,1067.4,0.987,0.45934,0.62443,441.0,1065.9,0.99,0.47155,0.62933,452.7,1074.3,0.986,0.47442,0.63067,455.4,1076.6,0.988,0.47755,0.63212,458.4,1079.0,0.989,0.45128,0.62518,433.2,1067.2,0.996,0.47886,0.63823,459.7,1089.5,0.986,0.45018,0.63654,432.2,1086.6,0.977,0.45696,0.63956,438.7,1091.7,0.964,0.38422,0.64289,368.8,1097.4,1.0,0.47666,0.6803,457.6,1161.3,0.996,0.31868,0.60588,305.9,1034.2,0.815,0.40556,0.71859,389.3,1226.6,0.021,0.25647,0.56859,246.2,970.6,0.746,0.34762,0.74767,333.7,1276.3,0.017,0.23492,0.56265,225.5,960.4,0.725,0.34189,0.75987,328.2,1297.1,0.028,0.23865,0.55821,229.1,952.9,0.726,0.33427,0.75397,320.9,1287.0,0.027,0.24402,0.55962,234.3,955.3,0.613,0.33486,0.75012,321.5,1280.5,0.025,0.26023,0.74386,249.8,1269.8,1.0,0.3138,0.76856,301.2,1311.9,0.999,0.1493,0.71883,143.3,1227.1,0.553,0.28975,0.72135,278.2,1231.3,0.049,0.11216,0.77931,107.7,1330.3,0.544,0.21887,0.76703,210.1,1309.3,0.127,0.11377,0.79575,109.2,1358.4,0.63,0.21035,0.77618,201.9,1324.9,0.246,0.08482,0.76961,81.4,1313.7,0.416,0.17516,0.76483,168.2,1305.6,0.081
98,2.707,960,1707,0.4607,0.63386,442.3,1082.0,0.984,0.46408,0.62807,445.5,1072.1,0.984,0.46175,0.62713,443.3,1070.5,0.986,0.45907,0.62618,440.7,1068.9,0.99,0.47125,0.63135,452.4,1077.7,0.985,0.47413,0.63267,455.2,1080.0,0.987,0.47726,0.63408,458.2,1082.4,0.988,0.45118,0.62671,433.1,1069.8,0.996,0.4787,0.6399,459.6,1092.3,0.985,0.45005,0.63836,432.0,1089.7,0.975,0.45682,0.64146,438.5,1095.0,0.961,0.38444,0.64406,369.1,1099.4,1.0,0.47622,0.68064,457.2,1161.9,0.996,0.31859,0.6063,305.8,1034.9,0.811,0.40646,0.71821,390.2,1226.0,0.019,0.25658,0.56863,246.3,970.6,0.743,0.35699,0.74411,342.7,1270.2,0.016,0.23505,0.56267,225.6,960.5,0.722,0.35177,0.75286,337.7,1285.1,0.026,0.23872,0.55825,229.2,952.9,0.724,0.34563,0.74705,331.8,1275.2,0.025,0.24403,0.55967,234.3,955.4,0.607,0.3446,0.74298,330.8,1268.3,0.023,0.26027,0.74447,249.9,1270.8,1.0,0.31409,0.7695,301.5,1313.5,0.999,0.15442,0.71884,148.2,1227.1,0.512,0.30049,0.72123,288.5,1231.1,0.046,0.10221,0.7778,98.1,1327.7,0.513,0.21915,0.76622,210.4,1307.9,0.121,0.10012,0.79407,96.1,1355.5,0.607,0.20986,0.7762,201.5,1325.0,0.235,0.07394,0.76989,71.0,1314.2,0.387,0.17762,0.76492,170.5,1305.7,0.076
99,2.734,960,1707,0.46029,0.63402,441.9,1082.3,0.985,0.46398,0.6283,445.4,1072.5,0.985,0.4616,0.62742,443.1,1071.0,0.987,0.4589,0.62652,440.5,1069.5,0.99,0.47118,0.63142,452.3,1077.8,0.985,0.47404,0.63272,455.1,1080.1,0.987,0.47715,0.63409,458.1,1082.4,0.989,0.45103,0.62734,433.0,1070.9,0.996,0.47857,0.64,459.4,1092.5,0.986,0.45001,0.6388,432.0,1090.4,0.976,0.45668,0.64182,438.4,1095.6,0.961,0.38462,0.64533,369.2,1101.6,1.0,0.47759,0.68084,458.5,1162.2,0.996,0.32005,0.60647,307.2,1035.2,0.786,0.4089,0.71966,392.5,1228.5,0.017,0.25734,0.56913,247.0,971.5,0.726,0.36485,0.74237,350.3,1267.2,0.014,0.23567,0.56363,226.2,962.1,0.706,0.35916,0.74909,344.8,1278.7,0.024,0.23909,0.5591,229.5,954.4,0.709,0.35356,0.74378,339.4,1269.6,0.023,0.24451,0.5603,234.7,956.4,0.587,0.35282,0.74006,338.7,1263.3,0.022,0.26096,0.74544,250.5,1272.5,0.999,0.3155,0.76964,302.9,1313.8,0.999,0.15427,0.71495,148.1,1220.4,0.463,0.31021,0.721,297.8,1230.8,0.042,0.20072,0.77366,192.7,1320.6,0.464,0.21913,0.76665,210.4,1308.7,0.11,0.21209,0.78628,203.6,1342.2,0.553,0.21555,0.77554,206.9,1323.8,0.214,0.16463,0.77887,158.0,1329.5,0.35,0.19088,0.76251,183.2,1301.6,0.069
100,2.762,960,1707,0.46016,0.63368,441.8,1081.7,0.986,0.46383,0.628,445.3,1072.0,0.986,0.46144,0.62719,443.0,1070.6,0.988,0.45874,0.62634,440.4,1069.2,0.991,0.47101,0.63105,452.2,1077.2,0.986,0.47386,0.63235,454.9,1079.4,0.988,0.47696,0.63373,457.9,1081.8,0.989,0.45099,0.62742,432.9,1071.0,0.996,0.47854,0.63979,459.4,1092.1,0.986,0.44974,0.6386,431.7,1090.1,0.977,0.4564,0.64161,438.1,1095.2,0.962,0.38461,0.6459,369.2,1102.5,1.0,0.4787,0.68068,459.5,1161.9,0.997,0.32045,0.6067,307.6,1035.6,0.762,0.41052,0.72233,394.1,1233.0,0.016,0.25734,0.56924,247.0,971.7,0.709,0.36197,0.74269,347.5,1267.8,0.013,0.23566,0.56371,226.2,962.3,0.689,0.3554,0.74942,341.2,1279.3,0.022,0.23907,0.55919,229.5,954.5,0.692,0.3493,0.7445,335.3,1270.9,0.021,0.24451,0.56046,234.7,956.7,0.567,0.34894,0.74098,335.0,1264.9,0.02,0.26127,0.746,250.8,1273.4,0.999,0.31562,0.76939,303.0,1313.3,0.999,0.14816,0.71787,142.2,1225.4,0.419,0.3052,0.72085,293.0,1230.5,0.038,0.20935,0.7732,201.0,1319.9,0.418,0.2225,0.76556,213.6,1306.8,0.099,0.22785,0.78652,218.7,1342.6,0.502,0.22384,0.77578,214.9,1324.3,0.194,0.18917,0.78377,181.6,1337.9,0.316,0.19167,0.76119,184.0,1299.4,0.063
101,2.789,960,1707,0.45996,0.63362,441.6,1081.6,0.984,0.46369,0.62796,445.1,1071.9,0.984,0.46134,0.62715,442.9,1070.5,0.987,0.45867,0.62632,440.3,1069.1,0.99,0.47082,0.63099,452.0,1077.1,0.985,0.4737,0.6323,454.8,1079.3,0.987,0.47684,0.63367,457.8,1081.7,0.988,0.45091,0.62736,432.9,1070.9,0.996,0.4786,0.63976,459.5,1092.1,0.984,0.44954,0.63853,431.6,1090.0,0.974,0.45619,0.64149,437.9,1095.0,0.957,0.38455,0.64654,369.2,1103.6,1.0,0.47857,0.68011,459.4,1161.0,0.996,0.3204,0.60748,307.6,1037.0,0.759,0.41049,0.72144,394.1,1231.5,0.015,0.25779,0.5699,247.5,972.8,0.704,0.36346,0.73977,348.9,1262.8,0.012,0.2362,0.56437,226.7,963.4,0.685,0.35688,0.74654,342.6,1274.3,0.021,0.23974,0.55999,230.2,955.9,0.689,0.35088,0.74095,336.8,1264.8,0.02,0.24517,0.56116,235.4,957.9,0.561,0.35029,0.7374,336.3,1258.7,0.018,0.26235,0.74594,251.9,1273.3,0.999,0.31579,0.76917,303.2,1313.0,0.999,0.14722,0.71678,141.3,1223.5,0.389,0.30254,0.71555,290.4,1221.4,0.035,0.12193,0.77339,117.1,1320.2,0.393,0.21111,0.76573,202.7,1307.1,0.093,0.12078,0.78813,115.9,1345.3,0.485,0.22056,0.77526,211.7,1323.4,0.184,0.09702,0.77227,93.1,1318.3,0.292,0.19074,0.76144,183.1,1299.8,0.058
102,2.817,960,1707,0.45831,0.63347,440.0,1081.3,0.986,0.46276,0.62778,444.2,1071.6,0.985,0.46065,0.62699,442.2,1070.3,0.987,0.45816,0.62619,439.8,1068.9,0.991,0.46976,0.63079,451.0,1076.8,0.986,0.4728,0.6321,453.9,1079.0,0.987,0.47604,0.63347,457.0,1081.3,0.989,0.45085,0.62737,432.8,1070.9,0.996,0.47855,0.63957,459.4,1091.7,0.985,0.44886,0.63847,430.9,1089.9,0.975,0.45532,0.64136,437.1,1094.8,0.959,0.38448,0.64728,369.1,1104.9,1.0,0.47854,0.67972,459.4,1160.3,0.996,0.32054,0.60805,307.7,1037.9,0.742,0.41622,0.72123,399.6,1231.1,0.014,0.25809,0.57006,247.8,973.1,0.695,0.36504,0.73914,350.4,1261.7,0.012,0.23641,0.56453,227.0,963.7,0.676,0.35708,0.74585,342.8,1273.2,0.02,0.23993,0.56008,230.3,956.1,0.68,0.35025,0.74067,336.2,1264.3,0.019,0.24544,0.56125,235.6,958.1,0.549,0.35028,0.73729,336.3,1258.5,0.018,0.2657,0.7461,255.1,1273.6,0.999,0.31767,0.76904,305.0,1312.8,0.999,0.17307,0.71246,166.1,1216.2,0.354,0.30096,0.71581,288.9,1221.9,0.032,0.21205,0.77257,203.6,1318.8,0.358,0.22248,0.76289,213.6,1302.3,0.085,0.22422,0.78713,215.3,1343.6,0.45,0.21638,0.77987,207.7,1331.2,0.17,0.17858,0.77972,171.4,1331.0,0.267,0.18971,0.76156,182.1,1300.0,0.054
103,2.845,960,1707,0.45376,0.63167,435.6,1078.3,0.985,0.45846,0.62631,440.1,1069.1,0.985,0.45664,0.62588,438.4,1068.4,0.987,0.45445,0.62544,436.3,1067.6,0.991,0.46535,0.62875,446.7,1073.3,0.985,0.46847,0.63001,449.7,1075.4,0.987,0.47165,0.63125,452.8,1077.6,0.988,0.44971,0.62725,431.7,1070.7,0.996,0.47667,0.63805,457.6,1089.1,0.985,0.44596,0.63767,428.1,1088.5,0.975,0.45235,0.64029,434.3,1093.0,0.958,0.3844,0.64762,369.0,1105.5,1.0,0.47848,0.67835,459.3,1157.9,0.996,0.31997,0.60833,307.2,1038.4,0.76,0.41774,0.71973,401.0,1228.6,0.013,0.258,0.57019,247.7,973.3,0.716,0.36453,0.73738,349.9,1258.7,0.011,0.23593,0.56461,226.5,963.8,0.697,0.35632,0.74468,342.1,1271.2,0.019,0.23993,0.56005,230.3,956.0,0.701,0.3489,0.73892,334.9,1261.3,0.018,0.2455,0.56119,235.7,958.0,0.575,0.349,0.73541,335.0,1255.3,0.017,0.26857,0.74637,257.8,1274.1,0.999,0.31878,0.76911,306.0,1312.9,0.999,0.15542,0.72097,149.2,1230.7,0.368,0.29242,0.71478,280.7,1220.1,0.032,0.02619,0.76647,25.1,1308.4,0.387,0.22271,0.76315,213.8,1302.7,0.082,0.02335,0.77092,22.4,1316.0,0.483,0.21972,0.77966,210.9,1330.9,0.168,-0.01979,0.75231,-19.0,1284.2,0.278,0.18497,0.7638,177.6,1303.8,0.051
104,2.872,960,1707,0.4489,0.62911,430.9,1073.9,0.985,0.45312,0.6242,435.0,1065.5,0.985,0.45156,0.62411,433.5,1065.4,0.987,0.4497,0.624,431.7,1065.2,0.991,0.4602,0.6257,441.8,1068.1,0.986,0.46365,0.62664,445.1,1069.7,0.987,0.46709,0.62752,448.4,1071.2,0.989,0.44756,0.62653,429.7,1069.5,0.996,0.4744,0.63447,455.4,1083.0,0.985,0.4428,0.63578,425.1,1085.3,0.975,0.44954,0.63754,431.6,1088.3,0.959,0.3845,0.64745,369.1,1105.2,1.0,0.47859,0.6761,459.4,1154.1,0.996,0.31821,0.60836,305.5,1038.5,0.777,0.42202,0.71939,405.1,1228.0,0.013,0.25795,0.57025,247.6,973.4,0.733,0.36416,0.74042,349.6,1263.9,0.011,0.23455,0.56468,225.2,963.9,0.714,0.35544,0.7491,341.2,1278.7,0.018,0.23987,0.55998,230.3,955.9,0.718,0.34848,0.74315,334.5,1268.5,0.018,0.24552,0.56106,235.7,957.7,0.595,0.34842,0.73928,334.5,1261.9,0.016,0.27301,0.74677,262.1,1274.7,0.999,0.32136,0.76907,308.5,1312.8,0.999,0.15466,0.72481,148.5,1237.2,0.394,0.27705,0.71539,266.0,1221.2,0.033,0.02941,0.75417,28.2,1287.4,0.423,0.21892,0.76343,210.2,1303.2,0.081,0.02216,0.76567,21.3,1307.0,0.518,0.2183,0.77905,209.6,1329.8,0.169,-0.03452,0.7425,-33.1,1267.4,0.299,0.1692,0.76474,162.4,1305.4,0.05
105,2.9,960,1707,0.4398,0.62674,422.2,1069.8,0.985,0.4456,0.62215,427.8,1062.0,0.986,0.44464,0.62241,426.9,1062.5,0.988,0.44344,0.62268,425.7,1062.9,0.991,0.45154,0.62276,433.5,1063.1,0.986,0.45471,0.62345,436.5,1064.2,0.988,0.45778,0.62408,439.5,1065.3,0.989,0.44404,0.62596,426.3,1068.5,0.996,0.46691,0.63052,448.2,1076.3,0.986,0.43537,0.63408,418.0,1082.4,0.976,0.44078,0.63504,423.2,1084.0,0.96,0.38471,0.64732,369.3,1105.0,1.0,0.47856,0.67381,459.4,1150.2,0.995,0.31768,0.6086,305.0,1038.9,0.794,0.42176,0.71822,404.9,1226.0,0.013,0.25737,0.57031,247.1,973.5,0.752,0.36355,0.73926,349.0,1261.9,0.012,0.23332,0.56474,224.0,964.0,0.734,0.35486,0.7474,340.7,1275.8,0.02,0.23963,0.55999,230.0,955.9,0.738,0.34696,0.7416,333.1,1265.9,0.019,0.24541,0.56106,235.6,957.7,0.62,0.34792,0.73803,334.0,1259.8,0.018,0.27766,0.7468,266.6,1274.8,0.999,0.32556,0.769,312.5,1312.7,0.999,0.15408,0.7255,147.9,1238.4,0.451,0.27957,0.71459,268.4,1219.8,0.039,0.00086,0.75244,0.8,1284.4,0.479,0.22712,0.77022,218.0,1314.8,0.099,-0.0342,0.77164,-32.8,1317.2,0.564,0.22851,0.7854,219.4,1340.7,0.205,-0.0708,0.73721,-68.0,1258.4,0.363,0.17129,0.77009,164.4,1314.5,0.061
106,2.927,960,1707,0.43571,0.62602,418.3,1068.6,0.985,0.44162,0.62106,424.0,1060.2,0.986,0.44052,0.62118,422.9,1060.4,0.988,0.43934,0.62134,421.8,1060.6,0.992,0.44779,0.62172,429.9,1061.3,0.987,0.45098,0.62229,432.9,1062.2,0.989,0.45416,0.62282,436.0,1063.1,0.99,0.44079,0.62474,423.2,1066.4,0.996,0.46377,0.62851,445.2,1072.9,0.986,0.43069,0.63322,413.5,1080.9,0.977,0.43597,0.6339,418.5,1082.1,0.961,0.38537,0.64712,370.0,1104.6,1.0,0.47918,0.67096,460.0,1145.3,0.995,0.3175,0.6086,304.8,1038.9,0.809,0.4332,0.71699,415.9,1223.9,0.014,0.25653,0.57019,246.3,973.3,0.769,0.37162,0.73424,356.8,1253.3,0.012,0.23259,0.56473,223.3,964.0,0.752,0.36056,0.7408,346.1,1264.5,0.021,0.23923,0.55998,229.7,955.9,0.754,0.3502,0.73485,336.2,1254.4,0.02,0.24472,0.56105,234.9,957.7,0.642,0.35183,0.73222,337.8,1249.9,0.018,0.28482,0.74678,273.4,1274.8,0.999,0.32951,0.76728,316.3,1309.8,0.999,0.15482,0.72435,148.6,1236.5,0.502,0.28082,0.71268,269.6,1216.5,0.041,0.01671,0.75409,16.0,1287.2,0.528,0.22918,0.77096,220.0,1316.0,0.107,-0.02084,0.77417,-20.0,1321.5,0.605,0.2311,0.78604,221.9,1341.8,0.228,-0.06223,0.74215,-59.7,1266.8,0.416,0.17206,0.76951,165.2,1313.6,0.065
107,2.955,960,1707,0.43175,0.62391,414.5,1065.0,0.986,0.43746,0.61888,420.0,1056.4,0.987,0.4364,0.61894,418.9,1056.5,0.989,0.43532,0.61906,417.9,1056.7,0.992,0.44295,0.61941,425.2,1057.3,0.988,0.44579,0.61984,428.0,1058.1,0.989,0.44865,0.62026,430.7,1058.8,0.99,0.43847,0.62281,420.9,1063.1,0.996,0.45855,0.62529,440.2,1067.4,0.987,0.42724,0.63093,410.1,1077.0,0.978,0.43217,0.63141,414.9,1077.8,0.962,0.38629,0.64577,370.8,1102.3,1.0,0.48012,0.6685,460.9,1141.1,0.995,0.31743,0.60873,304.7,1039.1,0.823,0.43159,0.70599,414.3,1205.1,0.014,0.25601,0.56982,245.8,972.7,0.784,0.37851,0.71998,363.4,1229.0,0.012,0.23048,0.56401,221.3,962.8,0.768,0.36851,0.72494,353.8,1237.5,0.021,0.23799,0.55891,228.5,954.1,0.77,0.35734,0.71911,343.1,1227.5,0.02,0.24389,0.56012,234.1,956.1,0.662,0.35849,0.71728,344.1,1224.4,0.019,0.29382,0.74661,282.1,1274.5,0.999,0.33336,0.76368,320.0,1303.6,0.999,0.1591,0.7213,152.7,1231.3,0.547,0.28186,0.71076,270.6,1213.3,0.046,0.01779,0.75292,17.1,1285.2,0.573,0.23174,0.77123,222.5,1316.5,0.12,0.00724,0.76801,6.9,1311.0,0.642,0.2362,0.78693,226.8,1343.3,0.253,-0.06294,0.73915,-60.4,1261.7,0.466,0.17248,0.77076,165.6,1315.7,0.072
108,2.983,960,1707,0.42904,0.62126,411.9,1060.5,0.987,0.43391,0.61556,416.6,1050.8,0.988,0.43249,0.61536,415.2,1050.4,0.99,0.43117,0.61525,413.9,1050.2,0.993,0.44001,0.6162,422.4,1051.9,0.989,0.44284,0.61646,425.1,1052.3,0.99,0.44567,0.61669,427.8,1052.7,0.991,0.43506,0.61893,417.7,1056.5,0.997,0.45518,0.62086,437.0,1059.8,0.988,0.42432,0.62784,407.3,1071.7,0.979,0.4304,0.62848,413.2,1072.8,0.965,0.39103,0.6443,375.4,1099.8,1.0,0.48075,0.66474,461.5,1134.7,0.995,0.31903,0.6092,306.3,1039.9,0.836,0.43077,0.70305,413.5,1200.1,0.015,0.25557,0.56982,245.3,972.7,0.798,0.38021,0.71895,365.0,1227.2,0.013,0.22957,0.56403,220.4,962.8,0.783,0.36975,0.72456,355.0,1236.8,0.022,0.23727,0.55893,227.8,954.1,0.786,0.35901,0.71904,344.7,1227.4,0.021,0.24336,0.56013,233.6,956.1,0.682,0.36034,0.71699,345.9,1223.9,0.02,0.29955,0.74456,287.6,1271.0,0.999,0.33556,0.75861,322.1,1294.9,0.999,0.16316,0.71689,156.6,1223.7,0.59,0.27294,0.70705,262.0,1206.9,0.054,0.0213,0.75537,20.5,1289.4,0.614,0.23241,0.77102,223.1,1316.1,0.138,0.01492,0.77063,14.3,1315.5,0.676,0.23898,0.78709,229.4,1343.6,0.284,-0.0318,0.73497,-30.5,1254.6,0.515,0.17307,0.77117,166.1,1316.4,0.086
109,3.01,960,1707,0.41623,0.61862,399.6,1056.0,0.988,0.42385,0.61289,406.9,1046.2,0.989,0.4238,0.61279,406.9,1046.0,0.991,0.42375,0.61274,406.8,1045.9,0.993,0.4274,0.61319,410.3,1046.7,0.99,0.42996,0.61322,412.8,1046.8,0.991,0.43266,0.61313,415.4,1046.6,0.992,0.43075,0.61614,413.5,1051.7,0.997,0.44427,0.61667,426.5,1052.6,0.989,0.4143,0.62542,397.7,1067.6,0.981,0.41745,0.62573,400.8,1068.1,0.968,0.40608,0.64236,389.8,1096.5,1.0,0.48391,0.65685,464.6,1121.2,0.994,0.32083,0.60945,308.0,1040.3,0.841,0.47778,0.64735,458.7,1105.0,0.015,0.25509,0.56964,244.9,972.4,0.811,0.48983,0.61071,470.2,1042.5,0.014,0.22945,0.56398,220.3,962.7,0.798,0.49899,0.60321,479.0,1029.7,0.024,0.237,0.5586,227.5,953.5,0.8,0.49373,0.59758,474.0,1020.1,0.022,0.24323,0.56004,233.5,956.0,0.7,0.48788,0.59986,468.4,1024.0,0.022,0.31612,0.74517,303.5,1272.0,0.999,0.34002,0.74622,326.4,1273.8,0.999,0.16703,0.71352,160.3,1218.0,0.623,0.25359,0.69459,243.5,1185.7,0.056,0.02355,0.77328,22.6,1320.0,0.649,0.23159,0.7698,222.3,1314.1,0.134,0.0045,0.80395,4.3,1372.3,0.704,0.24058,0.78705,231.0,1343.5,0.281,-0.06437,0.76421,-61.8,1304.5,0.556,0.1622,0.77293,155.7,1319.4,0.085
110,3.038,960,1707,0.4108,0.61512,394.4,1050.0,0.989,0.41784,0.60973,401.1,1040.8,0.99,0.41824,0.60984,401.5,1041.0,0.992,0.41852,0.60994,401.8,1041.2,0.994,0.42101,0.60964,404.2,1040.7,0.991,0.4238,0.6097,406.8,1040.8,0.992,0.42668,0.6097,409.6,1040.8,0.993,0.42843,0.61343,411.3,1047.1,0.997,0.43982,0.61326,422.2,1046.8,0.99,0.4104,0.62243,394.0,1062.5,0.983,0.41364,0.62256,397.1,1062.7,0.971,0.40319,0.64019,387.1,1092.8,1.0,0.48793,0.65354,468.4,1115.6,0.994,0.32077,0.60924,307.9,1040.0,0.846,0.45882,0.67541,440.5,1152.9,0.014,0.25347,0.56887,243.3,971.1,0.813,0.44006,0.66547,422.5,1136.0,0.013,0.22861,0.56315,219.5,961.3,0.802,0.44578,0.67075,427.9,1145.0,0.023,0.23659,0.55745,227.1,951.6,0.804,0.45352,0.66453,435.4,1134.4,0.021,0.24307,0.55908,233.3,954.3,0.704,0.44353,0.66105,425.8,1128.4,0.021,0.31672,0.74216,304.1,1266.9,1.0,0.34711,0.74581,333.2,1273.1,0.999,0.17465,0.71048,167.7,1212.8,0.655,0.25777,0.69743,247.5,1190.5,0.063,0.0278,0.77145,26.7,1316.9,0.681,0.23113,0.76975,221.9,1314.0,0.143,0.01448,0.79705,13.9,1360.6,0.729,0.23929,0.78831,229.7,1345.7,0.299,-0.02244,0.75357,-21.5,1286.3,0.593,0.1611,0.77242,154.7,1318.5,0.093
111,3.066,960,1707,0.40985,0.61295,393.5,1046.3,0.99,0.41645,0.60757,399.8,1037.1,0.991,0.41679,0.6077,400.1,1037.3,0.992,0.41698,0.60779,400.3,1037.5,0.995,0.41972,0.60747,402.9,1037.0,0.991,0.42251,0.60755,405.6,1037.1,0.993,0.42535,0.60758,408.3,1037.1,0.993,0.42733,0.61101,410.2,1043.0,0.997,0.43903,0.61107,421.5,1043.1,0.991,0.40971,0.62013,393.3,1058.6,0.984,0.41261,0.62019,396.1,1058.7,0.973,0.40519,0.63891,389.0,1090.6,1.0,0.4905,0.6478,470.9,1105.8,0.994,0.32222,0.60838,309.3,1038.5,0.838,0.45151,0.6549,433.4,1117.9,0.013,0.2535,0.56806,243.4,969.7,0.796,0.40035,0.62529,384.3,1067.4,0.013,0.22838,0.56258,219.2,960.3,0.786,0.3888,0.61733,373.2,1053.8,0.022,0.23645,0.55668,227.0,950.3,0.788,0.37962,0.6143,364.4,1048.6,0.021,0.24308,0.55849,233.4,953.3,0.686,0.38113,0.61785,365.9,1054.7,0.021,0.32166,0.73932,308.8,1262.0,1.0,0.35216,0.74264,338.1,1267.7,0.999,0.18244,0.70471,175.1,1202.9,0.673,0.26227,0.69775,251.8,1191.1,0.059,0.03052,0.77972,29.3,1331.0,0.706,0.23081,0.77086,221.6,1315.9,0.135,0.03177,0.80225,30.5,1369.4,0.747,0.23958,0.79213,230.0,1352.2,0.286,-0.03368,0.7852,-32.3,1340.3,0.62,0.15757,0.77457,151.3,1322.2,0.089
112,3.093,960,1707,0.40647,0.61088,390.2,1042.8,0.991,0.41298,0.60526,396.5,1033.2,0.992,0.41367,0.60533,397.1,1033.3,0.993,0.41422,0.60532,397.7,1033.3,0.995,0.41543,0.60504,398.8,1032.8,0.992,0.41798,0.60497,401.3,1032.7,0.993,0.42061,0.6048,403.8,1032.4,0.994,0.42566,0.6083,408.6,1038.4,0.998,0.43554,0.60827,418.1,1038.3,0.992,0.40762,0.61781,391.3,1054.6,0.986,0.40958,0.61801,393.2,1054.9,0.976,0.40848,0.63494,392.1,1083.8,1.0,0.49171,0.6434,472.0,1098.3,0.995,0.3232,0.60663,310.3,1035.5,0.842,0.46017,0.6716,441.8,1146.4,0.012,0.25439,0.56794,244.2,969.5,0.797,0.41373,0.65877,397.2,1124.5,0.012,0.22876,0.5626,219.6,960.4,0.79,0.40583,0.65501,389.6,1118.1,0.021,0.23668,0.55674,227.2,950.4,0.792,0.39491,0.64942,379.1,1108.6,0.02,0.24362,0.55853,233.9,953.4,0.69,0.39521,0.65039,379.4,1110.2,0.02,0.32686,0.73458,313.8,1253.9,1.0,0.35736,0.73965,343.1,1262.6,0.999,0.18943,0.7005,181.9,1195.7,0.702,0.26523,0.69785,254.6,1191.2,0.067,0.05889,0.77734,56.5,1326.9,0.734,0.23214,0.77237,222.9,1318.4,0.153,0.04987,0.80035,47.9,1366.2,0.77,0.24294,0.79506,233.2,1357.2,0.315,-0.00624,0.76624,-6.0,1308.0,0.655,0.15922,0.7753,152.9,1323.4,0.105
113,3.121,960,1707,0.40864,0.60363,392.3,1030.4,0.992,0.41447,0.59799,397.9,1020.8,0.993,0.41467,0.59818,398.1,1021.1,0.994,0.4147,0.59835,398.1,1021.4,0.996,0.41806,0.59778,401.3,1020.4,0.993,0.42089,0.59781,404.1,1020.5,0.994,0.42368,0.59787,406.7,1020.6,0.995,0.42494,0.60129,407.9,1026.4,0.998,0.43802,0.60161,420.5,1026.9,0.993,0.40907,0.61095,392.7,1042.9,0.987,0.41194,0.6112,395.5,1043.3,0.978,0.40759,0.62835,391.3,1072.6,1.0,0.49429,0.63718,474.5,1087.7,0.995,0.32322,0.60609,310.3,1034.6,0.848,0.46255,0.64005,444.0,1092.6,0.012,0.2552,0.56799,245.0,969.6,0.808,0.41458,0.60117,398.0,1026.2,0.014,0.22917,0.56312,220.0,961.2,0.802,0.40795,0.59014,391.6,1007.4,0.024,0.23718,0.55717,227.7,951.1,0.804,0.39627,0.58635,380.4,1000.9,0.023,0.24496,0.55876,235.2,953.8,0.705,0.39615,0.5907,380.3,1008.3,0.024,0.33305,0.73033,319.7,1246.7,1.0,0.36399,0.73658,349.4,1257.3,0.999,0.19781,0.69438,189.9,1185.3,0.729,0.26561,0.69959,255.0,1194.2,0.078,0.09707,0.77559,93.2,1323.9,0.759,0.23206,0.77369,222.8,1320.7,0.179,0.09242,0.79774,88.7,1361.7,0.791,0.24164,0.79682,232.0,1360.2,0.349,0.03166,0.76583,30.4,1307.3,0.688,0.16027,0.77491,153.9,1322.8,0.135
114,3.148,960,1707,0.40823,0.60161,391.9,1027.0,0.993,0.41387,0.59581,397.3,1017.0,0.994,0.41429,0.59561,397.7,1016.7,0.994,0.41451,0.59542,397.9,1016.4,0.996,0.41672,0.59569,400.1,1016.8,0.994,0.41927,0.59533,402.5,1016.2,0.994,0.42177,0.59493,404.9,1015.5,0.995,0.42548,0.5976,408.5,1020.1,0.998,0.43708,0.59748,419.6,1019.9,0.993,0.40931,0.6075,392.9,1037.0,0.988,0.41206,0.60779,395.6,1037.5,0.98,0.41122,0.62099,394.8,1060.0,1.0,0.49748,0.63347,477.6,1081.3,0.996,0.32343,0.60531,310.5,1033.3,0.859,0.47887,0.65883,459.7,1124.6,0.017,0.25624,0.56822,246.0,970.0,0.808,0.43562,0.63105,418.2,1077.2,0.013,0.23285,0.56401,223.5,962.8,0.803,0.42404,0.62012,407.1,1058.6,0.023,0.23987,0.55903,230.3,954.3,0.805,0.41488,0.61554,398.3,1050.7,0.021,0.24738,0.56072,237.5,957.1,0.706,0.41738,0.61977,400.7,1058.0,0.022,0.33893,0.72562,325.4,1238.6,1.0,0.37161,0.73286,356.7,1251.0,0.999,0.20311,0.69172,195.0,1180.8,0.75,0.26458,0.70069,254.0,1196.1,0.09,0.12653,0.77457,121.5,1322.2,0.78,0.23352,0.77452,224.2,1322.1,0.2,0.13032,0.79655,125.1,1359.7,0.808,0.24131,0.79645,231.7,1359.5,0.377,0.07211,0.76482,69.2,1305.5,0.712,0.16221,0.77448,155.7,1322.0,0.151
115,3.176,960,1707,0.40547,0.59875,389.3,1022.1,0.993,0.41039,0.59286,394.0,1012.0,0.994,0.41097,0.59244,394.5,1011.3,0.995,0.4113,0.59202,394.8,1010.6,0.996,0.41314,0.59301,396.6,1012.3,0.994,0.41574,0.59258,399.1,1011.5,0.995,0.41835,0.59203,401.6,1010.6,0.995,0.42356,0.59313,406.6,1012.5,0.998,0.43422,0.59368,416.8,1013.4,0.994,0.40737,0.60359,391.1,1030.3,0.989,0.41027,0.60412,393.9,1031.2,0.982,0.41224,0.61458,395.8,1049.1,1.0,0.50307,0.62938,482.9,1074.4,0.996,0.3249,0.60461,311.9,1032.1,0.864,0.49298,0.66258,473.3,1131.0,0.022,0.25665,0.56933,246.4,971.8,0.796,0.44765,0.65257,429.7,1113.9,0.012,0.2355,0.56498,226.1,964.4,0.793,0.43958,0.64965,422.0,1108.9,0.021,0.24414,0.55975,234.4,955.5,0.795,0.42817,0.64505,411.0,1101.1,0.019,0.25111,0.56128,241.1,958.1,0.691,0.43119,0.64643,413.9,1103.5,0.021,0.34372,0.72195,330.0,1232.4,1.0,0.37906,0.73024,363.9,1246.5,0.999,0.20703,0.69057,198.8,1178.8,0.745,0.26431,0.7004,253.7,1195.6,0.086,0.15332,0.77424,147.2,1321.6,0.772,0.23543,0.77342,226.0,1320.2,0.19,0.16691,0.796,160.2,1358.8,0.806,0.24137,0.79616,231.7,1359.0,0.366,0.10351,0.76442,99.4,1304.9,0.701,0.17233,0.77424,165.4,1321.6,0.142
116,3.204,960,1707,0.40148,0.59717,385.4,1019.4,0.994,0.40651,0.59079,390.2,1008.5,0.995,0.40778,0.59026,391.5,1007.6,0.995,0.40873,0.58972,392.4,1006.7,0.997,0.40824,0.59083,391.9,1008.5,0.995,0.41072,0.59023,394.3,1007.5,0.995,0.41313,0.58951,396.6,1006.3,0.996,0.4233,0.59017,406.4,1007.4,0.998,0.43044,0.59032,413.2,1007.7,0.995,0.4055,0.60196,389.3,1027.5,0.99,0.40777,0.60261,391.5,1028.7,0.983,0.41302,0.61059,396.5,1042.3,1.0,0.50338,0.6265,483.2,1069.4,0.996,0.32479,0.6021,311.8,1027.8,0.873,0.48156,0.66567,462.3,1136.3,0.025,0.25451,0.56881,244.3,971.0,0.797,0.43673,0.65324,419.3,1115.1,0.012,0.2351,0.56411,225.7,962.9,0.796,0.42661,0.65135,409.5,1111.8,0.02,0.24378,0.55861,234.0,953.5,0.797,0.42208,0.64649,405.2,1103.6,0.018,0.25093,0.56056,240.9,956.9,0.692,0.42376,0.64785,406.8,1105.9,0.02,0.34493,0.71877,331.1,1226.9,1.0,0.38176,0.72939,366.5,1245.1,0.999,0.21235,0.68869,203.9,1175.6,0.761,0.26508,0.70071,254.5,1196.1,0.092,0.16767,0.77443,161.0,1321.9,0.79,0.23505,0.77637,225.7,1325.3,0.207,0.18065,0.79552,173.4,1357.9,0.821,0.24126,0.79707,231.6,1360.6,0.388,0.10995,0.76558,105.5,1306.8,0.725,0.17216,0.77532,165.3,1323.5,0.158
117,3.231,960,1707,0.40162,0.59479,385.6,1015.3,0.995,0.40617,0.58858,389.9,1004.7,0.995,0.40758,0.58802,391.3,1003.7,0.996,0.40867,0.58743,392.3,1002.7,0.997,0.40795,0.58871,391.6,1004.9,0.995,0.41055,0.58817,394.1,1004.0,0.996,0.41298,0.58748,396.5,1002.8,0.996,0.42382,0.58751,406.9,1002.9,0.999,0.43084,0.58799,413.6,1003.7,0.995,0.40607,0.59961,389.8,1023.5,0.991,0.4084,0.60037,392.1,1024.8,0.985,0.41751,0.60675,400.8,1035.7,1.0,0.50363,0.62429,483.5,1065.7,0.997,0.32701,0.59998,313.9,1024.2,0.882,0.47827,0.66724,459.1,1139.0,0.027,0.25405,0.56876,243.9,970.9,0.804,0.43224,0.65732,415.0,1122.0,0.011,0.23243,0.56361,223.1,962.1,0.804,0.42218,0.65353,405.3,1115.6,0.019,0.24111,0.55721,231.5,951.2,0.805,0.4154,0.65018,398.8,1109.9,0.017,0.24906,0.55966,239.1,955.3,0.7,0.41733,0.65172,400.6,1112.5,0.018,0.34919,0.7149,335.2,1220.3,1.0,0.38561,0.72751,370.2,1241.9,0.999,0.21606,0.68605,207.4,1171.1,0.779,0.27149,0.70104,260.6,1196.7,0.102,0.18122,0.77409,174.0,1321.4,0.809,0.23531,0.77713,225.9,1326.6,0.236,0.19201,0.79521,184.3,1357.4,0.836,0.24081,0.79673,231.2,1360.0,0.419,0.1143,0.76537,109.7,1306.5,0.748,0.17206,0.77508,165.2,1323.1,0.186
118,3.259,960,1707,0.40058,0.59236,384.6,1011.2,0.995,0.40457,0.58603,388.4,1000.3,0.996,0.40614,0.58539,389.9,999.3,0.996,0.40733,0.58471,391.0,998.1,0.997,0.40621,0.5862,390.0,1000.6,0.996,0.40882,0.58562,392.5,999.7,0.996,0.41119,0.58484,394.7,998.3,0.997,0.42387,0.58428,406.9,997.4,0.999,0.42967,0.58492,412.5,998.5,0.996,0.40574,0.59714,389.5,1019.3,0.992,0.40799,0.59794,391.7,1020.7,0.986,0.41836,0.60264,401.6,1028.7,1.0,0.50627,0.62219,486.0,1062.1,0.997,0.32791,0.59857,314.8,1021.8,0.886,0.47953,0.66833,460.3,1140.8,0.029,0.25657,0.56955,246.3,972.2,0.796,0.43061,0.66339,413.4,1132.4,0.01,0.23602,0.56483,226.6,964.2,0.8,0.42099,0.66425,404.1,1133.9,0.017,0.24378,0.55889,234.0,954.0,0.8,0.41268,0.65522,396.2,1118.5,0.016,0.25138,0.56094,241.3,957.5,0.691,0.41592,0.65991,399.3,1126.5,0.017,0.34988,0.711,335.9,1213.7,1.0,0.39075,0.72611,375.1,1239.5,0.999,0.21739,0.68549,208.7,1170.1,0.785,0.27367,0.7025,262.7,1199.2,0.102,0.19213,0.77388,184.4,1321.0,0.821,0.2358,0.77748,226.4,1327.2,0.243,0.20292,0.79505,194.8,1357.2,0.847,0.24033,0.79674,230.7,1360.0,0.432,0.12323,0.76507,118.3,1306.0,0.763,0.17605,0.77636,169.0,1325.2,0.193
119,3.286,960,1707,0.39975,0.59081,383.8,1008.5,0.996,0.4032,0.58424,387.1,997.3,0.996,0.40462,0.5836,388.4,996.2,0.997,0.40571,0.58282,389.5,994.9,0.998,0.40539,0.58466,389.2,998.0,0.996,0.40815,0.58427,391.8,997.3,0.997,0.41067,0.58359,394.2,996.2,0.997,0.42325,0.58206,406.3,993.6,0.999,0.4291,0.58363,411.9,996.3,0.996,0.40555,0.59556,389.3,1016.6,0.992,0.40821,0.59651,391.9,1018.2,0.987,0.41866,0.59941,401.9,1023.2,1.0,0.50584,0.62041,485.6,1059.0,0.997,0.32778,0.59764,314.7,1020.2,0.892,0.47813,0.66908,459.0,1142.1,0.031,0.25749,0.56952,247.2,972.2,0.795,0.43034,0.66427,413.1,1133.9,0.01,0.2363,0.5648,226.9,964.1,0.801,0.42133,0.66437,404.5,1134.1,0.017,0.24407,0.55888,234.3,954.0,0.801,0.41129,0.65716,394.8,1121.8,0.015,0.25213,0.56094,242.0,957.5,0.69,0.4142,0.66065,397.6,1127.7,0.017,0.35064,0.70685,336.6,1206.6,1.0,0.39479,0.72367,379.0,1235.3,0.999,0.21828,0.68579,209.5,1170.6,0.799,0.27582,0.70319,264.8,1200.3,0.112,0.18867,0.77369,181.1,1320.7,0.836,0.23565,0.7772,226.2,1326.7,0.268,0.19864,0.79481,190.7,1356.7,0.859,0.23848,0.79633,228.9,1359.3,0.458,0.12459,0.76495,119.6,1305.8,0.782,0.17707,0.77616,170.0,1324.9,0.214
120,3.314,960,1707,0.40073,0.58781,384.7,1003.4,0.996,0.40442,0.58151,388.2,992.6,0.996,0.40571,0.5809,389.5,991.6,0.997,0.40668,0.58014,390.4,990.3,0.998,0.4066,0.58191,390.3,993.3,0.997,0.40923,0.58156,392.9,992.7,0.997,0.41159,0.58091,395.1,991.6,0.997,0.42348,0.57953,406.5,989.3,0.999,0.42946,0.58122,412.3,992.1,0.996,0.40604,0.59251,389.8,1011.4,0.993,0.40877,0.59341,392.4,1013.0,0.988,0.4183,0.59706,401.6,1019.2,1.0,0.50806,0.61806,487.7,1055.0,0.997,0.32784,0.59667,314.7,1018.5,0.895,0.47977,0.66844,460.6,1141.0,0.033,0.25795,0.56875,247.6,970.9,0.789,0.42904,0.66721,411.9,1138.9,0.01,0.23631,0.56436,226.9,963.4,0.797,0.41991,0.67091,403.1,1145.2,0.016,0.24399,0.55846,234.2,953.3,0.796,0.41012,0.66166,393.7,1129.5,0.015,0.25229,0.56045,242.2,956.7,0.682,0.41282,0.66391,396.3,1133.3,0.016,0.35179,0.70523,337.7,1203.8,1.0,0.39771,0.72235,381.8,1233.0,0.999,0.22204,0.68576,213.2,1170.6,0.808,0.27826,0.70435,267.1,1202.3,0.117,0.19222,0.77355,184.5,1320.5,0.848,0.23555,0.77713,226.1,1326.6,0.29,0.20602,0.79467,197.8,1356.5,0.87,0.23754,0.79603,228.0,1358.8,0.48,0.12844,0.7648,123.3,1305.5,0.797,0.17799,0.77646,170.9,1325.4,0.232
121,3.342,960,1707,0.40146,0.58459,385.4,997.9,0.996,0.40529,0.57871,389.1,987.9,0.997,0.4065,0.57808,390.2,986.8,0.997,0.40738,0.57732,391.1,985.5,0.998,0.40748,0.57914,391.2,988.6,0.997,0.41002,0.57881,393.6,988.0,0.997,0.41223,0.57821,395.7,987.0,0.998,0.42364,0.57694,406.7,984.8,0.999,0.42967,0.57862,412.5,987.7,0.997,0.40633,0.58914,390.1,1005.7,0.993,0.40914,0.59003,392.8,1007.2,0.989,0.41763,0.59384,400.9,1013.7,1.0,0.50854,0.61556,488.2,1050.8,0.997,0.32773,0.59685,314.6,1018.8,0.894,0.48443,0.66701,465.0,1138.6,0.033,0.25893,0.56875,248.6,970.9,0.765,0.43207,0.66727,414.8,1139.0,0.009,0.23651,0.56456,227.1,963.7,0.775,0.4232,0.67089,406.3,1145.2,0.015,0.24471,0.55901,234.9,954.2,0.775,0.41282,0.66202,396.3,1130.1,0.014,0.2534,0.56073,243.3,957.2,0.659,0.41652,0.66406,399.9,1133.6,0.015,0.35361,0.70174,339.5,1197.9,1.0,0.40191,0.72009,385.8,1229.2,0.999,0.22442,0.68568,215.4,1170.5,0.812,0.28082,0.70437,269.6,1202.4,0.122,0.19351,0.77352,185.8,1320.4,0.856,0.23612,0.77739,226.7,1327.0,0.307,0.20795,0.79454,199.6,1356.3,0.875,0.23751,0.79582,228.0,1358.5,0.494,0.13044,0.76474,125.2,1305.4,0.803,0.18393,0.77695,176.6,1326.2,0.24
122,3.369,960,1707,0.40198,0.58308,385.9,995.3,0.997,0.4059,0.57703,389.7,985.0,0.997,0.40703,0.57652,390.7,984.1,0.997,0.40784,0.57588,391.5,983.0,0.998,0.40817,0.57741,391.8,985.6,0.997,0.41069,0.57713,394.3,985.2,0.997,0.41292,0.57655,396.4,984.2,0.998,0.42374,0.57548,406.8,982.3,0.999,0.43017,0.57665,413.0,984.3,0.997,0.4064,0.58774,390.1,1003.3,0.994,0.40918,0.58859,392.8,1004.7,0.99,0.41716,0.59192,400.5,1010.4,1.0,0.51113,0.61289,490.7,1046.2,0.998,0.32553,0.59709,312.5,1019.2,0.892,0.49526,0.66541,475.5,1135.9,0.035,0.25908,0.56804,248.7,969.6,0.74,0.44245,0.6608,424.7,1128.0,0.009,0.23643,0.5642,227.0,963.1,0.752,0.4356,0.66194,418.2,1129.9,0.015,0.24462,0.55823,234.8,952.9,0.752,0.42518,0.65621,408.2,1120.1,0.013,0.25318,0.55981,243.1,955.6,0.635,0.42803,0.65734,410.9,1122.1,0.014,0.3541,0.70227,339.9,1198.8,1.0,0.40548,0.71952,389.3,1228.2,0.999,0.22519,0.68544,216.2,1170.1,0.817,0.28422,0.70435,272.9,1202.3,0.125,0.19137,0.77363,183.7,1320.6,0.861,0.23641,0.77728,227.0,1326.8,0.31,0.20466,0.79446,196.5,1356.1,0.88,0.2373,0.79525,227.8,1357.5,0.499,0.13155,0.76469,126.3,1305.3,0.807,0.18801,0.77691,180.5,1326.2,0.237
123,3.397,960,1707,0.40213,0.58049,386.0,990.9,0.997,0.40616,0.57436,389.9,980.4,0.997,0.40722,0.57379,390.9,979.5,0.998,0.40793,0.57309,391.6,978.3,0.998,0.4085,0.57486,392.2,981.3,0.997,0.41099,0.57463,394.5,980.9,0.998,0.41316,0.57411,396.6,980.0,0.998,0.42365,0.57256,406.7,977.4,0.999,0.43021,0.57429,413.0,980.3,0.997,0.40664,0.5851,390.4,998.8,0.994,0.40945,0.58582,393.1,1000.0,0.991,0.41675,0.58905,400.1,1005.5,1.0,0.51089,0.61376,490.5,1047.7,0.998,0.32313,0.59689,310.2,1018.9,0.895,0.49642,0.66531,476.6,1135.7,0.037,0.25706,0.56768,246.8,969.0,0.737,0.44334,0.66127,425.6,1128.8,0.009,0.23283,0.56371,223.5,962.3,0.75,0.43214,0.66093,414.9,1128.2,0.014,0.24053,0.5578,230.9,952.2,0.75,0.42546,0.65617,408.4,1120.1,0.013,0.24905,0.55926,239.1,954.6,0.63,0.42964,0.65732,412.5,1122.0,0.014,0.35434,0.70064,340.2,1196.0,1.0,0.40595,0.71799,389.7,1225.6,0.999,0.22605,0.68564,217.0,1170.4,0.823,0.28599,0.706,274.5,1205.1,0.124,0.19091,0.77404,183.3,1321.3,0.869,0.23643,0.77816,227.0,1328.3,0.32,0.20336,0.79443,195.2,1356.1,0.887,0.23699,0.79555,227.5,1358.0,0.513,0.13102,0.76468,125.8,1305.3,0.817,0.18645,0.77797,179.0,1328.0,0.245
124,3.425,960,1707,0.40235,0.57774,386.3,986.2,0.997,0.4064,0.57205,390.1,976.5,0.998,0.40734,0.57149,391.1,975.5,0.998,0.40789,0.57085,391.6,974.4,0.998,0.40881,0.57255,392.5,977.3,0.998,0.41127,0.57232,394.8,976.9,0.998,0.41339,0.57183,396.9,976.1,0.998,0.42294,0.57049,406.0,973.8,0.999,0.43011,0.57215,412.9,976.7,0.998,0.40672,0.58214,390.4,993.7,0.995,0.40958,0.58275,393.2,994.8,0.992,0.41368,0.58707,397.1,1002.1,1.0,0.51176,0.61107,491.3,1043.1,0.998,0.32342,0.59701,310.5,1019.1,0.898,0.49623,0.6642,476.4,1133.8,0.039,0.25855,0.56809,248.2,969.7,0.728,0.44331,0.66084,425.6,1128.1,0.009,0.23395,0.56489,224.6,964.3,0.741,0.4318,0.66134,414.5,1128.9,0.013,0.24242,0.55899,232.7,954.2,0.741,0.42368,0.65646,406.7,1120.6,0.012,0.25138,0.55991,241.3,955.8,0.62,0.42838,0.65731,411.2,1122.0,0.013,0.3556,0.69875,341.4,1192.8,1.0,0.40814,0.71574,391.8,1221.8,0.999,0.22667,0.68623,217.6,1171.4,0.83,0.28663,0.70677,275.2,1206.5,0.132,0.18947,0.77468,181.9,1322.4,0.877,0.23678,0.77935,227.3,1330.3,0.338,0.20224,0.79526,194.1,1357.5,0.893,0.23679,0.79622,227.3,1359.1,0.528,0.13263,0.76516,127.3,1306.1,0.824,0.1879,0.77812,180.4,1328.3,0.253
125,3.452,960,1707,0.40255,0.57692,386.4,984.8,0.998,0.40658,0.57115,390.3,975.0,0.998,0.40745,0.57063,391.1,974.1,0.998,0.40791,0.57002,391.6,973.0,0.999,0.40903,0.5717,392.7,975.9,0.998,0.41149,0.57153,395.0,975.6,0.998,0.41363,0.57111,397.1,974.9,0.998,0.42224,0.56967,405.3,972.4,0.999,0.43013,0.5716,412.9,975.7,0.998,0.40687,0.58144,390.6,992.5,0.995,0.40977,0.58206,393.4,993.6,0.992,0.41336,0.5867,396.8,1001.5,1.0,0.51276,0.61053,492.2,1042.2,0.998,0.32361,0.59718,310.7,1019.4,0.899,0.4993,0.66267,479.3,1131.2,0.043,0.25867,0.56818,248.3,969.9,0.715,0.45078,0.65751,432.7,1122.4,0.008,0.23421,0.56493,224.8,964.3,0.729,0.43931,0.65531,421.7,1118.6,0.013,0.243,0.55923,233.3,954.6,0.728,0.43278,0.65251,415.5,1113.8,0.012,0.2518,0.56007,241.7,956.0,0.606,0.43625,0.6534,418.8,1115.4,0.013,0.3546,0.69755,340.4,1190.7,1.0,0.40646,0.71553,390.2,1221.4,0.999,0.22619,0.68844,217.1,1175.2,0.836,0.28599,0.70766,274.6,1208.0,0.141,0.18723,0.77663,179.7,1325.7,0.883,0.23505,0.78045,225.7,1332.2,0.358,0.19925,0.79668,191.3,1359.9,0.898,0.23389,0.79778,224.5,1361.8,0.545,0.13325,0.76622,127.9,1307.9,0.831,0.18594,0.77966,178.5,1330.9,0.264
126,3.48,960,1707,0.40269,0.5764,386.6,983.9,0.998,0.40667,0.57045,390.4,973.8,0.998,0.40746,0.56995,391.2,972.9,0.998,0.40784,0.56937,391.5,971.9,0.999,0.40919,0.57081,392.8,974.4,0.998,0.41164,0.57051,395.2,973.9,0.998,0.41379,0.56999,397.2,973.0,0.998,0.42157,0.56875,404.7,970.9,0.999,0.43022,0.57021,413.0,973.3,0.998,0.40699,0.58074,390.7,991.3,0.996,0.40991,0.58129,393.5,992.3,0.993,0.41159,0.58571,395.1,999.8,1.0,0.51301,0.60893,492.5,1039.4,0.998,0.32308,0.59725,310.2,1019.5,0.905,0.50136,0.66079,481.3,1128.0,0.048,0.25867,0.56814,248.3,969.8,0.72,0.44989,0.65554,431.9,1119.0,0.008,0.23422,0.56474,224.9,964.0,0.733,0.43694,0.65553,419.5,1119.0,0.013,0.24319,0.55904,233.5,954.3,0.733,0.43146,0.65105,414.2,1111.3,0.012,0.25195,0.55984,241.9,955.7,0.611,0.43517,0.65153,417.8,1112.2,0.013,0.35392,0.69713,339.8,1190.0,1.0,0.40661,0.71445,390.3,1219.6,0.999,0.2266,0.6894,217.5,1176.8,0.847,0.2855,0.70784,274.1,1208.3,0.161,0.18783,0.7777,180.3,1327.5,0.892,0.23431,0.78088,224.9,1333.0,0.389,0.19991,0.79781,191.9,1361.9,0.905,0.23222,0.79874,222.9,1363.4,0.568,0.13435,0.76679,129.0,1308.9,0.841,0.18562,0.78039,178.2,1332.1,0.287
127,3.507,960,1707,0.40276,0.5746,386.6,980.8,0.998,0.40671,0.56879,390.4,970.9,0.998,0.4074,0.56825,391.1,970.0,0.998,0.40769,0.56766,391.4,969.0,0.999,0.4093,0.56913,392.9,971.5,0.998,0.41173,0.5688,395.3,970.9,0.998,0.41388,0.56828,397.3,970.1,0.999,0.42078,0.56699,403.9,967.9,0.999,0.4302,0.56841,413.0,970.3,0.998,0.40706,0.57882,390.8,988.0,0.996,0.41001,0.57929,393.6,988.9,0.994,0.41046,0.58413,394.0,997.1,1.0,0.513,0.60766,492.5,1037.3,0.998,0.32305,0.59713,310.1,1019.3,0.911,0.50531,0.65849,485.1,1124.0,0.05,0.25857,0.56777,248.2,969.2,0.733,0.44873,0.65653,430.8,1120.7,0.008,0.23395,0.56422,224.6,963.1,0.744,0.43637,0.65704,418.9,1121.6,0.012,0.24294,0.55844,233.2,953.3,0.744,0.42966,0.65227,412.5,1113.4,0.011,0.25186,0.55921,241.8,954.6,0.624,0.43354,0.65265,416.2,1114.1,0.012,0.35338,0.69568,339.2,1187.5,1.0,0.40589,0.71333,389.7,1217.7,0.999,0.22743,0.6916,218.3,1180.6,0.854,0.28528,0.70794,273.9,1208.5,0.172,0.18897,0.77811,181.4,1328.2,0.899,0.23434,0.78115,225.0,1333.4,0.414,0.20179,0.79822,193.7,1362.6,0.911,0.23183,0.79937,222.6,1364.5,0.587,0.13615,0.76755,130.7,1310.2,0.85,0.1835,0.78114,176.2,1333.4,0.307
128,3.535,960,1707,0.40449,0.57215,388.3,976.7,0.998,0.40774,0.5665,391.4,967.0,0.998,0.4081,0.56595,391.8,966.1,0.999,0.40814,0.5654,391.8,965.1,0.999,0.41071,0.5668,394.3,967.5,0.998,0.413,0.5664,396.5,966.8,0.999,0.41502,0.5659,398.4,966.0,0.999,0.42082,0.56531,404.0,965.0,0.999,0.43072,0.56638,413.5,966.8,0.998,0.4081,0.57638,391.8,983.9,0.996,0.41145,0.57675,395.0,984.5,0.994,0.4092,0.58253,392.8,994.4,1.0,0.51448,0.60534,493.9,1033.3,0.998,0.32306,0.5968,310.1,1018.7,0.917,0.50362,0.657,483.5,1121.5,0.055,0.25723,0.56744,246.9,968.6,0.746,0.4519,0.65696,433.8,1121.4,0.008,0.23195,0.56354,222.7,962.0,0.755,0.43993,0.65712,422.3,1121.7,0.012,0.24043,0.55743,230.8,951.5,0.754,0.42994,0.65112,412.7,1111.5,0.011,0.24952,0.55851,239.5,953.4,0.636,0.43318,0.65124,415.8,1111.7,0.012,0.35239,0.69473,338.3,1185.9,1.0,0.40486,0.71235,388.7,1216.0,1.0,0.22823,0.69408,219.1,1184.8,0.864,0.28515,0.70895,273.7,1210.2,0.196,0.18732,0.77902,179.8,1329.8,0.907,0.23326,0.78154,223.9,1334.1,0.451,0.19916,0.79864,191.2,1363.3,0.917,0.22967,0.79992,220.5,1365.5,0.613,0.1345,0.76795,129.1,1310.9,0.86,0.17779,0.78175,170.7,1334.5,0.336
129,3.563,960,1707,0.40438,0.56999,388.2,973.0,0.998,0.40765,0.56413,391.3,963.0,0.999,0.40804,0.56356,391.7,962.0,0.999,0.40809,0.56302,391.8,961.1,0.999,0.41061,0.56429,394.2,963.2,0.999,0.4129,0.56379,396.4,962.4,0.999,0.41494,0.56322,398.3,961.4,0.999,0.42072,0.56291,403.9,960.9,0.999,0.43071,0.5634,413.5,961.7,0.999,0.40813,0.57448,391.8,980.6,0.997,0.41147,0.57474,395.0,981.1,0.995,0.40895,0.58111,392.6,991.9,1.0,0.51581,0.60492,495.2,1032.6,0.999,0.32277,0.59615,309.9,1017.6,0.921,0.51015,0.65684,489.7,1121.2,0.059,0.25716,0.5675,246.9,968.7,0.741,0.46241,0.65231,443.9,1113.5,0.008,0.23174,0.56371,222.5,962.2,0.749,0.45158,0.65373,433.5,1115.9,0.012,0.24025,0.55796,230.6,952.4,0.748,0.43931,0.64732,421.7,1105.0,0.011,0.24936,0.55898,239.4,954.2,0.629,0.44217,0.64765,424.5,1105.5,0.012,0.35309,0.69304,339.0,1183.0,1.0,0.40796,0.71077,391.6,1213.3,1.0,0.23082,0.69589,221.6,1187.9,0.874,0.28659,0.7106,275.1,1213.0,0.217,0.18795,0.78148,180.4,1334.0,0.914,0.23368,0.78265,224.3,1336.0,0.479,0.19767,0.80096,189.8,1367.2,0.923,0.22966,0.80067,220.5,1366.7,0.634,0.13479,0.76831,129.4,1311.5,0.868,0.1778,0.78206,170.7,1335.0,0.355
130,3.59,960,1707,0.40406,0.56802,387.9,969.6,0.998,0.4073,0.56229,391.0,959.8,0.999,0.40775,0.56172,391.4,958.9,0.999,0.40785,0.56118,391.5,957.9,0.999,0.41031,0.5624,393.9,960.0,0.999,0.41269,0.56189,396.2,959.1,0.999,0.41476,0.56132,398.2,958.2,0.999,0.42033,0.56111,403.5,957.8,1.0,0.4307,0.56148,413.5,958.5,0.999,0.40813,0.5724,391.8,977.1,0.997,0.41149,0.57263,395.0,977.5,0.995,0.40857,0.57855,392.2,987.6,1.0,0.51619,0.60151,495.5,1026.8,0.999,0.32277,0.59561,309.9,1016.7,0.925,0.51131,0.65527,490.9,1118.6,0.062,0.25685,0.56754,246.6,968.8,0.738,0.46588,0.65055,447.2,1110.5,0.008,0.23167,0.56369,222.4,962.2,0.744,0.45402,0.65314,435.9,1114.9,0.011,0.23998,0.55803,230.4,952.5,0.744,0.44199,0.64669,424.3,1103.9,0.01,0.24895,0.55924,239.0,954.6,0.623,0.44478,0.64687,427.0,1104.2,0.011,0.35546,0.6908,341.2,1179.2,1.0,0.41125,0.70841,394.8,1209.2,1.0,0.23348,0.69861,224.1,1192.5,0.883,0.29056,0.71232,278.9,1215.9,0.232,0.18844,0.78337,180.9,1337.2,0.921,0.23386,0.78373,224.5,1337.8,0.504,0.1969,0.80302,189.0,1370.7,0.929,0.22978,0.80175,220.6,1368.6,0.652,0.1346,0.76917,129.2,1313.0,0.877,0.17752,0.78252,170.4,1335.8,0.373
131,3.618,960,1707,0.40407,0.56669,387.9,967.3,0.999,0.40715,0.56094,390.9,957.5,0.999,0.40751,0.56036,391.2,956.5,0.999,0.40749,0.55976,391.2,955.5,0.999,0.41033,0.56134,393.9,958.2,0.999,0.4127,0.56103,396.2,957.7,0.999,0.41483,0.56063,398.2,957.0,0.999,0.41913,0.55972,402.4,955.4,1.0,0.4308,0.5609,413.6,957.5,0.999,0.40814,0.571,391.8,974.7,0.997,0.41162,0.5714,395.2,975.4,0.995,0.40728,0.57622,391.0,983.6,1.0,0.51649,0.5985,495.8,1021.6,0.999,0.31902,0.59397,306.3,1013.9,0.93,0.51481,0.65361,494.2,1115.7,0.067,0.25674,0.56663,246.5,967.2,0.739,0.46783,0.65053,449.1,1110.5,0.008,0.23138,0.56357,222.1,962.0,0.743,0.45643,0.65097,438.2,1111.2,0.011,0.23995,0.55797,230.3,952.5,0.743,0.44409,0.64431,426.3,1099.8,0.01,0.24883,0.55897,238.9,954.2,0.621,0.44664,0.64432,428.8,1099.9,0.011,0.35618,0.68904,341.9,1176.2,1.0,0.41343,0.70684,396.9,1206.6,1.0,0.2373,0.69992,227.8,1194.8,0.892,0.29144,0.71286,279.8,1216.9,0.253,0.18989,0.78395,182.3,1338.2,0.928,0.23476,0.78427,225.4,1338.8,0.534,0.19786,0.80308,189.9,1370.9,0.934,0.2303,0.80201,221.1,1369.0,0.674,0.13548,0.76963,130.1,1313.8,0.885,0.17745,0.78289,170.3,1336.4,0.397
132,3.646,960,1707,0.40414,0.56606,388.0,966.3,0.999,0.40717,0.5601,390.9,956.1,0.999,0.40752,0.55955,391.2,955.1,0.999,0.40752,0.55897,391.2,954.2,0.999,0.41034,0.56041,393.9,956.6,0.999,0.41271,0.56004,396.2,956.0,0.999,0.41483,0.55954,398.2,955.1,0.999,0.41919,0.55882,402.4,953.9,1.0,0.43082,0.55918,413.6,954.5,0.999,0.40833,0.5703,392.0,973.5,0.997,0.41196,0.57073,395.5,974.2,0.996,0.40746,0.57428,391.2,980.3,1.0,0.51747,0.5968,496.8,1018.7,0.999,0.31794,0.59309,305.2,1012.4,0.933,0.51752,0.65243,496.8,1113.7,0.069,0.25401,0.56544,243.9,965.2,0.73,0.46494,0.65064,446.3,1110.6,0.008,0.22833,0.56284,219.2,960.8,0.733,0.45307,0.65074,435.0,1110.8,0.011,0.2356,0.55722,226.2,951.2,0.732,0.4415,0.64454,423.8,1100.2,0.01,0.24465,0.55825,234.9,952.9,0.609,0.44422,0.64457,426.4,1100.3,0.011,0.35928,0.68636,344.9,1171.6,1.0,0.41589,0.70495,399.3,1203.3,1.0,0.24159,0.70105,231.9,1196.7,0.898,0.29396,0.71344,282.2,1217.8,0.267,0.19027,0.78356,182.7,1337.5,0.933,0.2367,0.78399,227.2,1338.3,0.558,0.19756,0.80261,189.7,1370.1,0.939,0.231,0.80175,221.8,1368.6,0.69,0.13599,0.76961,130.5,1313.7,0.891,0.17773,0.78275,170.6,1336.2,0.415
133,3.673,960,1707,0.40436,0.56502,388.2,964.5,0.999,0.40719,0.55901,390.9,954.2,0.999,0.40754,0.55844,391.2,953.3,0.999,0.40754,0.55784,391.2,952.2,0.999,0.41043,0.55935,394.0,954.8,0.999,0.4128,0.55901,396.3,954.2,0.999,0.41492,0.55851,398.3,953.4,0.999,0.41926,0.55761,402.5,951.8,1.0,0.43106,0.55799,413.8,952.5,0.999,0.40869,0.56914,392.3,971.5,0.997,0.41272,0.56954,396.2,972.2,0.996,0.4075,0.57265,391.2,977.5,1.0,0.51912,0.59536,498.4,1016.3,0.999,0.31799,0.59262,305.3,1011.6,0.936,0.52247,0.65104,501.6,1111.3,0.07,0.25429,0.56526,244.1,964.9,0.729,0.46404,0.65051,445.5,1110.4,0.007,0.22849,0.56307,219.4,961.2,0.728,0.45144,0.65085,433.4,1111.0,0.01,0.23575,0.5572,226.3,951.1,0.728,0.44004,0.64516,422.4,1101.3,0.009,0.24481,0.55796,235.0,952.4,0.604,0.44282,0.64512,425.1,1101.2,0.01,0.36126,0.6861,346.8,1171.2,1.0,0.41907,0.70424,402.3,1202.1,1.0,0.24451,0.70153,234.7,1197.5,0.902,0.30174,0.71301,289.7,1217.1,0.26,0.19104,0.78348,183.4,1337.4,0.936,0.24572,0.78169,235.9,1334.3,0.554,0.19731,0.80277,189.4,1370.3,0.941,0.24033,0.80027,230.7,1366.1,0.691,0.13518,0.7695,129.8,1313.5,0.893,0.18676,0.78003,179.3,1331.5,0.406
134,3.701,960,1707,0.40435,0.56437,388.2,963.4,0.999,0.40708,0.55848,390.8,953.3,0.999,0.40744,0.55795,391.1,952.4,0.999,0.40745,0.55734,391.2,951.4,0.999,0.41033,0.55879,393.9,953.9,0.999,0.41272,0.55846,396.2,953.3,0.999,0.41485,0.55793,398.3,952.4,0.999,0.4193,0.55699,402.5,950.8,1.0,0.43105,0.55732,413.8,951.3,0.999,0.40874,0.56837,392.4,970.2,0.998,0.41282,0.56874,396.3,970.8,0.996,0.40785,0.57172,391.5,975.9,1.0,0.51978,0.59428,499.0,1014.4,0.999,0.31821,0.59187,305.5,1010.3,0.937,0.52597,0.64905,504.9,1107.9,0.069,0.25285,0.5645,242.7,963.6,0.719,0.46534,0.6476,446.7,1105.4,0.007,0.22751,0.56243,218.4,960.1,0.716,0.45176,0.64712,433.7,1104.6,0.01,0.2336,0.55641,224.3,949.8,0.716,0.4393,0.64183,421.7,1095.6,0.009,0.24304,0.55735,233.3,951.4,0.592,0.44238,0.64203,424.7,1095.9,0.01,0.36213,0.68477,347.6,1168.9,1.0,0.42102,0.70263,404.2,1199.4,1.0,0.24517,0.7009,235.4,1196.4,0.907,0.30934,0.71225,297.0,1215.8,0.25,0.19134,0.78374,183.7,1337.8,0.94,0.25742,0.7817,247.1,1334.4,0.551,0.19898,0.80286,191.0,1370.5,0.945,0.25,0.80026,240.0,1366.0,0.693,0.13651,0.77021,131.0,1314.7,0.898,0.21415,0.77845,205.6,1328.8,0.398
135,3.728,960,1707,0.40432,0.56313,388.1,961.3,0.999,0.40707,0.5573,390.8,951.3,0.999,0.40742,0.55677,391.1,950.4,0.999,0.40743,0.5562,391.1,949.4,0.999,0.41033,0.55745,393.9,951.6,0.999,0.41271,0.55706,396.2,950.9,0.999,0.41484,0.55652,398.2,950.0,0.999,0.41914,0.55596,402.4,949.0,1.0,0.431,0.55605,413.8,949.2,0.999,0.40875,0.56688,392.4,967.7,0.998,0.41282,0.56718,396.3,968.2,0.996,0.40787,0.57055,391.6,973.9,1.0,0.5203,0.59421,499.5,1014.3,0.999,0.31772,0.59178,305.0,1010.2,0.936,0.52404,0.647,503.1,1104.4,0.069,0.25282,0.56389,242.7,962.6,0.697,0.46452,0.64342,445.9,1098.3,0.007,0.22684,0.56185,217.8,959.1,0.694,0.45095,0.64558,432.9,1102.0,0.01,0.23339,0.55536,224.1,948.0,0.695,0.43915,0.64023,421.6,1092.9,0.009,0.24311,0.55653,233.4,950.0,0.57,0.4452,0.6388,427.4,1090.4,0.009,0.3623,0.68406,347.8,1167.7,1.0,0.42115,0.70043,404.3,1195.6,1.0,0.24503,0.7005,235.2,1195.8,0.911,0.31407,0.71137,301.5,1214.3,0.238,0.19145,0.78424,183.8,1338.7,0.944,0.26774,0.78139,257.0,1333.8,0.538,0.19966,0.80287,191.7,1370.5,0.948,0.25964,0.79941,249.3,1364.6,0.69,0.13804,0.7702,132.5,1314.7,0.901,0.22814,0.7751,219.0,1323.1,0.383
136,3.756,960,1707,0.40448,0.56214,388.3,959.6,0.999,0.40721,0.55637,390.9,949.7,0.999,0.40748,0.55581,391.2,948.8,0.999,0.40745,0.5552,391.2,947.7,0.999,0.41057,0.55654,394.1,950.0,0.999,0.41295,0.55613,396.4,949.3,0.999,0.41506,0.55559,398.5,948.4,0.999,0.41909,0.5548,402.3,947.0,1.0,0.43142,0.55508,414.2,947.5,0.999,0.40882,0.56587,392.5,965.9,0.998,0.41298,0.5661,396.5,966.3,0.996,0.40708,0.56998,390.8,972.9,1.0,0.52015,0.59445,499.3,1014.7,0.999,0.31688,0.59138,304.2,1009.5,0.937,0.52011,0.64756,499.3,1105.4,0.069,0.25288,0.56378,242.8,962.4,0.684,0.45877,0.65081,440.4,1110.9,0.006,0.22714,0.56187,218.1,959.1,0.678,0.44455,0.6521,426.8,1113.1,0.009,0.2339,0.55536,224.5,948.0,0.679,0.43194,0.64686,414.7,1104.2,0.008,0.24325,0.55632,233.5,949.6,0.553,0.43634,0.64576,418.9,1102.3,0.009,0.36191,0.68373,347.4,1167.1,1.0,0.42007,0.69908,403.3,1193.3,1.0,0.24454,0.70091,234.8,1196.5,0.916,0.31711,0.71145,304.4,1214.4,0.229,0.19073,0.78694,183.1,1343.3,0.947,0.26851,0.78256,257.8,1335.8,0.536,0.19612,0.80423,188.3,1372.8,0.951,0.26145,0.79953,251.0,1364.8,0.694,0.1378,0.77036,132.3,1315.0,0.906,0.22681,0.77556,217.7,1323.9,0.375
137,3.784,960,1707,0.40465,0.56211,388.5,959.5,0.999,0.4073,0.55653,391.0,950.0,0.999,0.40755,0.55602,391.2,949.1,0.999,0.4075,0.55545,391.2,948.2,1.0,0.4107,0.5567,394.3,950.3,0.999,0.41307,0.55632,396.5,949.6,0.999,0.41518,0.55582,398.6,948.8,0.999,0.41912,0.55507,402.4,947.5,1.0,0.43155,0.55521,414.3,947.7,0.999,0.40897,0.56562,392.6,965.5,0.998,0.41316,0.56596,396.6,966.1,0.997,0.40711,0.56905,390.8,971.4,1.0,0.52009,0.5933,499.3,1012.8,0.999,0.31649,0.59134,303.8,1009.4,0.941,0.51817,0.64786,497.4,1105.9,0.071,0.25295,0.56386,242.8,962.5,0.683,0.4581,0.65365,439.8,1115.8,0.006,0.22728,0.56156,218.2,958.6,0.675,0.44376,0.65551,426.0,1119.0,0.009,0.23415,0.55533,224.8,948.0,0.676,0.43117,0.65069,413.9,1110.7,0.008,0.24351,0.55635,233.8,949.7,0.548,0.43508,0.64958,417.7,1108.8,0.009,0.36165,0.68368,347.2,1167.0,1.0,0.4197,0.6992,402.9,1193.5,1.0,0.24535,0.70257,235.5,1199.3,0.923,0.31488,0.71323,302.3,1217.5,0.24,0.18678,0.78732,179.3,1344.0,0.952,0.26393,0.78369,253.4,1337.8,0.557,0.18975,0.80479,182.2,1373.8,0.954,0.25729,0.79984,247.0,1365.3,0.709,0.13692,0.7703,131.4,1314.9,0.912,0.21994,0.77607,211.1,1324.8,0.389
138,3.811,960,1707,0.40503,0.56279,388.8,960.7,0.999,0.40755,0.55708,391.2,950.9,0.999,0.40774,0.55656,391.4,950.0,0.999,0.40765,0.55599,391.3,949.1,1.0,0.41119,0.55727,394.7,951.3,0.999,0.41371,0.5569,397.2,950.6,0.999,0.41603,0.55641,399.4,949.8,0.999,0.41922,0.55551,402.4,948.3,1.0,0.43264,0.55559,415.3,948.4,0.999,0.40957,0.56626,393.2,966.6,0.998,0.41437,0.56662,397.8,967.2,0.997,0.40704,0.56912,390.8,971.5,1.0,0.52081,0.59392,500.0,1013.8,0.999,0.31687,0.59119,304.2,1009.2,0.943,0.51929,0.64828,498.5,1106.6,0.07,0.25374,0.5644,243.6,963.4,0.686,0.45925,0.6507,440.9,1110.7,0.006,0.22781,0.56273,218.7,960.6,0.676,0.44536,0.65108,427.5,1111.4,0.008,0.23598,0.55607,226.5,949.2,0.676,0.43174,0.64619,414.5,1103.1,0.007,0.24491,0.55664,235.1,950.2,0.548,0.43515,0.64577,417.7,1102.3,0.008,0.36227,0.6841,347.8,1167.8,1.0,0.42172,0.70022,404.8,1195.3,1.0,0.24838,0.70338,238.4,1200.7,0.928,0.31458,0.71564,302.0,1221.6,0.245,0.18661,0.78701,179.1,1343.4,0.955,0.26168,0.78456,251.2,1339.2,0.567,0.18949,0.80475,181.9,1373.7,0.957,0.25287,0.80019,242.8,1365.9,0.717,0.13655,0.77013,131.1,1314.6,0.916,0.21837,0.77588,209.6,1324.4,0.393
139,3.839,960,1707,0.40586,0.56298,389.6,961.0,0.999,0.40823,0.55711,391.9,951.0,0.999,0.40838,0.55657,392.0,950.1,0.999,0.40826,0.55596,391.9,949.0,1.0,0.41207,0.55736,395.6,951.4,0.999,0.41476,0.55701,398.2,950.8,0.999,0.41731,0.55653,400.6,950.0,1.0,0.42003,0.55531,403.2,947.9,1.0,0.43431,0.55552,416.9,948.3,0.999,0.41051,0.56632,394.1,966.7,0.998,0.41572,0.56672,399.1,967.4,0.997,0.40707,0.56887,390.8,971.1,1.0,0.52068,0.59379,499.9,1013.6,0.999,0.31721,0.59083,304.5,1008.5,0.947,0.51373,0.64805,493.2,1106.2,0.07,0.25382,0.56448,243.7,963.6,0.696,0.45761,0.65421,439.3,1116.7,0.006,0.22787,0.56307,218.8,961.2,0.683,0.44461,0.65568,426.8,1119.2,0.008,0.23649,0.55621,227.0,949.4,0.683,0.4311,0.65046,413.9,1110.3,0.007,0.24537,0.55666,235.6,950.2,0.556,0.4339,0.64951,416.5,1108.7,0.008,0.3625,0.68455,348.0,1168.5,1.0,0.4226,0.70083,405.7,1196.3,1.0,0.25011,0.7042,240.1,1202.1,0.934,0.31311,0.71793,300.6,1225.5,0.276,0.18629,0.78777,178.8,1344.7,0.959,0.26005,0.78895,249.6,1346.7,0.598,0.1885,0.80576,181.0,1375.4,0.961,0.24849,0.80422,238.5,1372.8,0.737,0.13626,0.77008,130.8,1314.5,0.922,0.21577,0.77877,207.1,1329.4,0.427
140,3.866,960,1707,0.4065,0.56162,390.2,958.7,0.999,0.40905,0.55568,392.7,948.5,0.999,0.40923,0.55504,392.9,947.4,0.999,0.40914,0.55434,392.8,946.3,1.0,0.41288,0.55594,396.4,949.0,0.999,0.41563,0.55553,399.0,948.3,1.0,0.41822,0.55501,401.5,947.4,1.0,0.42114,0.55343,404.3,944.7,1.0,0.43533,0.55396,417.9,945.6,0.999,0.41119,0.56482,394.7,964.1,0.998,0.41637,0.5652,399.7,964.8,0.997,0.40733,0.56823,391.0,970.0,1.0,0.52058,0.59371,499.8,1013.5,0.999,0.31727,0.5908,304.6,1008.5,0.95,0.51241,0.64819,491.9,1106.5,0.074,0.25405,0.56456,243.9,963.7,0.707,0.45678,0.66457,438.5,1134.4,0.006,0.2283,0.56383,219.2,962.5,0.693,0.44375,0.66803,426.0,1140.3,0.008,0.23721,0.55658,227.7,950.1,0.693,0.43052,0.66292,413.3,1131.6,0.007,0.246,0.55674,236.2,950.4,0.566,0.43336,0.66124,416.0,1128.7,0.008,0.36293,0.6846,348.4,1168.6,1.0,0.4228,0.70119,405.9,1196.9,1.0,0.25049,0.70403,240.5,1201.8,0.94,0.31215,0.72021,299.7,1229.4,0.304,0.18617,0.78845,178.7,1345.9,0.962,0.25884,0.7933,248.5,1354.2,0.626,0.18819,0.80656,180.7,1376.8,0.963,0.24581,0.80941,236.0,1381.7,0.755,0.13668,0.77103,131.2,1316.1,0.928,0.21434,0.78242,205.8,1335.6,0.458
141,3.894,960,1707,0.40772,0.56133,391.4,958.2,0.999,0.41061,0.55537,394.2,948.0,0.999,0.41077,0.55474,394.3,946.9,1.0,0.41067,0.55403,394.2,945.7,1.0,0.41462,0.55573,398.0,948.6,1.0,0.41753,0.55536,400.8,948.0,1.0,0.42034,0.55488,403.5,947.2,1.0,0.42329,0.55315,406.4,944.2,1.0,0.43749,0.55381,420.0,945.3,0.999,0.41212,0.56458,395.6,963.7,0.998,0.4174,0.56509,400.7,964.6,0.998,0.40818,0.56809,391.8,969.7,1.0,0.52049,0.59386,499.7,1013.7,0.999,0.31776,0.59086,305.0,1008.6,0.954,0.51131,0.64898,490.9,1107.8,0.08,0.25441,0.5648,244.2,964.1,0.724,0.45394,0.66518,435.8,1135.5,0.006,0.22939,0.5646,220.2,963.8,0.71,0.44271,0.67386,425.0,1150.3,0.008,0.23861,0.55679,229.1,950.4,0.709,0.42993,0.66897,412.7,1141.9,0.007,0.24726,0.55689,237.4,950.6,0.586,0.43298,0.66711,415.7,1138.8,0.008,0.36393,0.68455,349.4,1168.5,1.0,0.42314,0.70135,406.2,1197.2,1.0,0.25144,0.70314,241.4,1200.3,0.944,0.31161,0.72199,299.1,1232.4,0.345,0.18739,0.78822,179.9,1345.5,0.965,0.25767,0.79711,247.4,1360.7,0.655,0.1912,0.8064,183.6,1376.5,0.966,0.24507,0.81307,235.3,1387.9,0.773,0.13835,0.77109,132.8,1316.3,0.933,0.21431,0.78725,205.7,1343.8,0.492
142,3.922,960,1707,0.40858,0.56098,392.2,957.6,0.999,0.41165,0.55495,395.2,947.3,1.0,0.41169,0.55432,395.2,946.2,1.0,0.41152,0.55362,395.1,945.0,1.0,0.41588,0.55538,399.2,948.0,1.0,0.41888,0.55507,402.1,947.5,1.0,0.4218,0.55462,404.9,946.7,1.0,0.42397,0.55301,407.0,944.0,1.0,0.43881,0.55378,421.3,945.3,0.999,0.41249,0.56444,396.0,963.5,0.999,0.41787,0.565,401.2,964.5,0.998,0.40814,0.56804,391.8,969.7,1.0,0.51892,0.59363,498.2,1013.3,0.999,0.31783,0.5915,305.1,1009.7,0.957,0.50227,0.64958,482.2,1108.8,0.082,0.25559,0.56505,245.4,964.5,0.737,0.44382,0.66863,426.1,1141.3,0.006,0.23117,0.56494,221.9,964.4,0.722,0.43251,0.67659,415.2,1154.9,0.008,0.24043,0.55703,230.8,950.9,0.721,0.4202,0.67176,403.4,1146.7,0.007,0.24904,0.55716,239.1,951.1,0.599,0.42336,0.66976,406.4,1143.3,0.008,0.36629,0.68311,351.6,1166.1,1.0,0.4243,0.70124,407.3,1197.0,1.0,0.25387,0.70287,243.7,1199.8,0.949,0.31206,0.72439,299.6,1236.5,0.382,0.1929,0.78487,185.2,1339.8,0.968,0.25709,0.79809,246.8,1362.3,0.684,0.19826,0.80392,190.3,1372.3,0.968,0.24374,0.81445,234.0,1390.3,0.791,0.14246,0.77104,136.8,1316.2,0.937,0.21604,0.7893,207.4,1347.3,0.527
143,3.949,960,1707,0.40881,0.56123,392.5,958.0,1.0,0.4118,0.55514,395.3,947.6,1.0,0.41178,0.55453,395.3,946.6,1.0,0.41156,0.55386,395.1,945.4,1.0,0.41611,0.55558,399.5,948.4,1.0,0.41911,0.55529,402.3,947.9,1.0,0.42202,0.55486,405.1,947.1,1.0,0.42379,0.55335,406.8,944.6,1.0,0.43874,0.55408,421.2,945.8,1.0,0.41255,0.56474,396.0,964.0,0.999,0.418,0.56528,401.3,964.9,0.998,0.4079,0.56838,391.6,970.2,1.0,0.5189,0.59479,498.1,1015.3,0.999,0.31656,0.59231,303.9,1011.1,0.959,0.5037,0.64963,483.5,1108.9,0.083,0.25657,0.56536,246.3,965.1,0.745,0.44618,0.66696,428.3,1138.5,0.006,0.23231,0.56491,223.0,964.3,0.73,0.43652,0.67408,419.1,1150.7,0.008,0.24261,0.5573,232.9,951.3,0.729,0.42395,0.66904,407.0,1142.1,0.007,0.25104,0.55752,241.0,951.7,0.608,0.42627,0.66739,409.2,1139.2,0.008,0.36742,0.68337,352.7,1166.5,1.0,0.42565,0.70165,408.6,1197.7,1.0,0.25775,0.69808,247.4,1191.6,0.952,0.31239,0.72418,299.9,1236.2,0.418,0.20289,0.7819,194.8,1334.7,0.97,0.2567,0.79857,246.4,1363.2,0.709,0.2082,0.80165,199.9,1368.4,0.97,0.24367,0.81503,233.9,1391.3,0.807,0.1543,0.771,148.1,1316.1,0.94,0.21724,0.79145,208.6,1351.0,0.558
144,3.977,960,1707,0.40754,0.5614,391.2,958.3,1.0,0.41089,0.55531,394.5,947.9,1.0,0.41083,0.55471,394.4,946.9,1.0,0.41053,0.55406,394.1,945.8,1.0,0.41523,0.55575,398.6,948.7,1.0,0.41816,0.55546,401.4,948.2,1.0,0.42097,0.55504,404.1,947.5,1.0,0.42219,0.55357,405.3,944.9,1.0,0.4375,0.55429,420.0,946.2,1.0,0.4112,0.56494,394.8,964.4,0.999,0.41649,0.56546,399.8,965.2,0.998,0.40473,0.56868,388.5,970.7,1.0,0.51828,0.59484,497.6,1015.4,0.999,0.31411,0.59333,301.5,1012.8,0.96,0.50471,0.64669,484.5,1103.9,0.081,0.25655,0.56538,246.3,965.1,0.748,0.45086,0.65248,432.8,1113.8,0.006,0.23229,0.56474,223.0,964.0,0.734,0.44228,0.65246,424.6,1113.7,0.008,0.24252,0.55735,232.8,951.4,0.733,0.42893,0.64631,411.8,1103.3,0.007,0.25097,0.55763,240.9,951.9,0.612,0.4299,0.64614,412.7,1103.0,0.008,0.36725,0.68347,352.6,1166.7,1.0,0.42615,0.70168,409.1,1197.8,1.0,0.26157,0.69713,251.1,1190.0,0.955,0.31415,0.72452,301.6,1236.8,0.435,0.21331,0.78207,204.8,1335.0,0.972,0.25925,0.79884,248.9,1363.6,0.726,0.21804,0.80253,209.3,1369.9,0.97,0.24967,0.81549,239.7,1392.0,0.815,0.17509,0.77239,168.1,1318.5,0.941,0.22704,0.79093,218.0,1350.1,0.574
145,4.005,960,1707,0.40637,0.56153,390.1,958.5,1.0,0.41005,0.55544,393.7,948.1,1.0,0.40998,0.55483,393.6,947.1,1.0,0.40963,0.55417,393.2,946.0,1.0,0.41421,0.55586,397.6,948.8,1.0,0.41703,0.55555,400.3,948.3,1.0,0.41969,0.55511,402.9,947.6,1.0,0.42107,0.55365,404.2,945.1,1.0,0.43632,0.55442,418.9,946.4,1.0,0.40997,0.56506,393.6,964.6,0.999,0.41502,0.56559,398.4,965.5,0.998,0.40099,0.56916,385.0,971.6,1.0,0.51553,0.59485,494.9,1015.4,0.999,0.31336,0.59411,300.8,1014.1,0.959,0.49983,0.6448,479.8,1100.7,0.078,0.2564,0.56539,246.1,965.1,0.742,0.44991,0.64904,431.9,1107.9,0.006,0.23223,0.56425,222.9,963.2,0.73,0.44167,0.64928,424.0,1108.3,0.007,0.24231,0.55736,232.6,951.4,0.729,0.4288,0.64328,411.6,1098.1,0.007,0.25088,0.55782,240.8,952.2,0.607,0.42956,0.64281,412.4,1097.3,0.007,0.36732,0.68631,352.6,1171.5,1.0,0.42658,0.70238,409.5,1199.0,1.0,0.26393,0.70172,253.4,1197.8,0.958,0.3179,0.72473,305.2,1237.1,0.448,0.22768,0.79023,218.6,1348.9,0.974,0.26733,0.79825,256.6,1362.6,0.742,0.23204,0.80837,222.8,1379.9,0.972,0.26012,0.81535,249.7,1391.8,0.824,0.18331,0.77916,176.0,1330.0,0.944,0.23037,0.79075,221.2,1349.8,0.59
146,4.032,960,1707,0.40587,0.56153,389.6,958.5,1.0,0.40955,0.55553,393.2,948.3,1.0,0.40944,0.55494,393.1,947.3,1.0,0.40901,0.55429,392.6,946.2,1.0,0.41369,0.55595,397.1,949.0,1.0,0.4165,0.55566,399.8,948.5,1.0,0.41919,0.55522,402.4,947.8,1.0,0.41984,0.5537,403.0,945.2,1.0,0.43531,0.55448,417.9,946.5,1.0,0.40921,0.56515,392.8,964.7,0.999,0.41435,0.56562,397.8,965.5,0.998,0.39739,0.56937,381.5,971.9,1.0,0.51463,0.59493,494.0,1015.6,0.999,0.31008,0.5945,297.7,1014.8,0.956,0.51102,0.64519,490.6,1101.3,0.076,0.25488,0.5647,244.7,963.9,0.72,0.46233,0.64904,443.8,1107.9,0.005,0.22925,0.56138,220.1,958.3,0.709,0.4544,0.64966,436.2,1109.0,0.007,0.23824,0.55599,228.7,949.1,0.708,0.44064,0.64369,423.0,1098.8,0.006,0.24776,0.55737,237.8,951.4,0.584,0.44084,0.64313,423.2,1097.8,0.007,0.36738,0.68873,352.7,1175.7,1.0,0.42711,0.70307,410.0,1200.1,1.0,0.26819,0.71504,257.5,1220.6,0.957,0.31784,0.72889,305.1,1244.2,0.434,0.23014,0.79879,220.9,1363.5,0.973,0.2679,0.79969,257.2,1365.1,0.735,0.23385,0.81667,224.5,1394.1,0.971,0.2622,0.81778,251.7,1396.0,0.821,0.18487,0.78443,177.5,1339.0,0.941,0.22832,0.79154,219.2,1351.2,0.572
147,4.06,960,1707,0.40579,0.56159,389.6,958.6,1.0,0.40919,0.5556,392.8,948.4,1.0,0.40899,0.55502,392.6,947.4,1.0,0.40848,0.55438,392.1,946.3,1.0,0.41332,0.55602,396.8,949.1,1.0,0.41609,0.55573,399.4,948.6,1.0,0.41875,0.55529,402.0,947.9,1.0,0.41836,0.55375,401.6,945.3,1.0,0.43413,0.5545,416.8,946.5,1.0,0.40886,0.56524,392.5,964.9,0.999,0.41404,0.56569,397.5,965.6,0.998,0.39403,0.5699,378.3,972.8,1.0,0.51194,0.59496,491.5,1015.6,0.999,0.30809,0.5944,295.8,1014.6,0.954,0.50487,0.64245,484.7,1096.7,0.074,0.25183,0.5645,241.8,963.6,0.703,0.46074,0.63591,442.3,1085.5,0.005,0.22644,0.56041,217.4,956.6,0.693,0.45367,0.63477,435.5,1083.6,0.007,0.23398,0.55513,224.6,947.6,0.692,0.44013,0.62859,422.5,1073.0,0.006,0.24364,0.55706,233.9,950.9,0.565,0.43942,0.62851,421.8,1072.9,0.007,0.36855,0.69039,353.8,1178.5,1.0,0.42778,0.70324,410.7,1200.4,1.0,0.26894,0.72014,258.2,1229.3,0.959,0.31968,0.73197,306.9,1249.5,0.425,0.23205,0.80311,222.8,1370.9,0.974,0.27129,0.80052,260.4,1366.5,0.728,0.23548,0.82012,226.1,1399.9,0.971,0.26443,0.81919,253.9,1398.4,0.817,0.18726,0.78668,179.8,1342.9,0.94,0.23312,0.79175,223.8,1351.5,0.556
148,4.087,960,1707,0.40375,0.56226,387.6,959.8,1.0,0.40694,0.55608,390.7,949.2,1.0,0.40681,0.55548,390.5,948.2,1.0,0.40636,0.55482,390.1,947.1,1.0,0.41076,0.55653,394.3,950.0,1.0,0.41344,0.55624,396.9,949.5,1.0,0.41597,0.5558,399.3,948.8,1.0,0.41604,0.5543,399.4,946.2,1.0,0.43147,0.55505,414.2,947.5,1.0,0.40709,0.56578,390.8,965.8,0.999,0.41207,0.56619,395.6,966.5,0.998,0.39194,0.57033,376.3,973.6,1.0,0.50961,0.595,489.2,1015.7,0.999,0.30236,0.5944,290.3,1014.6,0.956,0.50407,0.64296,483.9,1097.5,0.073,0.2469,0.56334,237.0,961.6,0.71,0.46291,0.63297,444.4,1080.5,0.005,0.21829,0.55636,209.6,949.7,0.701,0.45651,0.63124,438.2,1077.5,0.007,0.22475,0.54924,215.8,937.6,0.699,0.44349,0.62441,425.7,1065.9,0.006,0.23618,0.55312,226.7,944.2,0.572,0.44271,0.62449,425.0,1066.0,0.007,0.36842,0.69244,353.7,1182.0,1.0,0.42768,0.70389,410.6,1201.5,1.0,0.26957,0.71997,258.8,1229.0,0.961,0.32132,0.73304,308.5,1251.3,0.443,0.23249,0.80247,223.2,1369.8,0.975,0.27024,0.80228,259.4,1369.5,0.743,0.23541,0.81981,226.0,1399.4,0.972,0.26315,0.82026,252.6,1400.2,0.826,0.18954,0.78712,182.0,1343.6,0.942,0.23201,0.79391,222.7,1355.2,0.573
149,4.115,960,1707,0.40139,0.56228,385.3,959.8,1.0,0.40448,0.55611,388.3,949.3,1.0,0.40436,0.55551,388.2,948.3,1.0,0.40393,0.55486,387.8,947.1,1.0,0.40824,0.55656,391.9,950.1,1.0,0.41091,0.55627,394.5,949.6,1.0,0.41347,0.55584,396.9,948.8,1.0,0.41343,0.55434,396.9,946.3,1.0,0.42937,0.55512,412.2,947.6,1.0,0.40458,0.56581,388.4,965.8,0.999,0.40938,0.56623,393.0,966.5,0.998,0.39023,0.57177,374.6,976.0,1.0,0.50695,0.59471,486.7,1015.2,0.999,0.29792,0.59411,286.0,1014.1,0.957,0.5016,0.64313,481.5,1097.8,0.071,0.24016,0.56127,230.6,958.1,0.717,0.461,0.63814,442.6,1089.3,0.005,0.21032,0.55216,201.9,942.5,0.709,0.45611,0.63813,437.9,1089.3,0.007,0.21741,0.54523,208.7,930.7,0.706,0.44298,0.63185,425.3,1078.6,0.006,0.22936,0.55021,220.2,939.2,0.577,0.44177,0.63158,424.1,1078.1,0.007,0.36838,0.69242,353.6,1182.0,1.0,0.42705,0.70401,410.0,1201.7,1.0,0.26942,0.71711,258.6,1224.1,0.961,0.32141,0.73226,308.6,1250.0,0.437,0.23177,0.80094,222.5,1367.2,0.976,0.26996,0.80271,259.2,1370.2,0.748,0.23484,0.81834,225.4,1396.9,0.973,0.26308,0.81983,252.6,1399.5,0.829,0.18934,0.78714,181.8,1343.7,0.943,0.23177,0.79423,222.5,1355.7,0.575
150,4.143,960,1707,0.40046,0.56229,384.4,959.8,1.0,0.40337,0.55613,387.2,949.3,1.0,0.4032,0.55554,387.1,948.3,1.0,0.40269,0.55489,386.6,947.2,1.0,0.40723,0.55659,390.9,950.1,1.0,0.40992,0.5563,393.5,949.6,1.0,0.41244,0.55588,395.9,948.9,1.0,0.412,0.55437,395.5,946.3,1.0,0.42815,0.55515,411.0,947.6,1.0,0.40332,0.56588,387.2,966.0,0.999,0.40812,0.56631,391.8,966.7,0.998,0.38919,0.57275,373.6,977.7,1.0,0.50481,0.59419,484.6,1014.3,0.999,0.29968,0.59433,287.7,1014.5,0.958,0.49671,0.64346,476.8,1098.4,0.072,0.24215,0.56265,232.5,960.4,0.72,0.45369,0.66499,435.5,1135.1,0.005,0.21677,0.5543,208.1,946.2,0.711,0.44498,0.67027,427.2,1144.1,0.007,0.22242,0.54909,213.5,937.3,0.709,0.43197,0.66626,414.7,1137.3,0.006,0.23414,0.55427,224.8,946.1,0.579,0.43278,0.66405,415.5,1133.5,0.007,0.36825,0.69218,353.5,1181.6,1.0,0.42704,0.70406,410.0,1201.8,1.0,0.2692,0.71664,258.4,1223.3,0.964,0.32133,0.73131,308.5,1248.4,0.457,0.22874,0.80029,219.6,1366.1,0.978,0.27207,0.80318,261.2,1371.0,0.765,0.23203,0.81742,222.8,1395.3,0.974,0.26545,0.81983,254.8,1399.5,0.839,0.187,0.78703,179.5,1343.5,0.946,0.23677,0.79627,227.3,1359.2,0.596
151,4.17,960,1707,0.40055,0.5623,384.5,959.8,1.0,0.4033,0.55614,387.2,949.3,1.0,0.40311,0.55555,387.0,948.3,1.0,0.40259,0.55491,386.5,947.2,1.0,0.40732,0.5566,391.0,950.1,1.0,0.41007,0.55633,393.7,949.6,1.0,0.41261,0.5559,396.1,948.9,1.0,0.4118,0.55449,395.3,946.5,1.0,0.42833,0.55524,411.2,947.8,1.0,0.40329,0.56596,387.2,966.1,0.999,0.40819,0.56644,391.9,966.9,0.998,0.38878,0.57395,373.2,979.7,1.0,0.50443,0.59415,484.3,1014.2,0.999,0.30094,0.59395,288.9,1013.9,0.957,0.49744,0.6417,477.5,1095.4,0.07,0.24783,0.56412,237.9,962.9,0.711,0.45356,0.6447,435.4,1100.5,0.005,0.2268,0.55753,217.7,951.7,0.703,0.44501,0.64439,427.2,1100.0,0.007,0.23406,0.55412,224.7,945.9,0.701,0.43219,0.63881,414.9,1090.4,0.006,0.24274,0.55757,233.0,951.8,0.571,0.43285,0.63847,415.5,1089.9,0.007,0.36822,0.69217,353.5,1181.5,1.0,0.4273,0.70428,410.2,1202.2,1.0,0.26857,0.71691,257.8,1223.8,0.966,0.32325,0.73061,310.3,1247.1,0.462,0.22736,0.80152,218.3,1368.2,0.979,0.28513,0.80308,273.7,1370.9,0.77,0.23066,0.81774,221.4,1395.9,0.975,0.28114,0.81942,269.9,1398.7,0.842,0.18891,0.78639,181.4,1342.4,0.948,0.24578,0.79464,235.9,1356.5,0.599
152,4.198,960,1707,0.40065,0.56231,384.6,959.9,1.0,0.40324,0.55615,387.1,949.3,1.0,0.40299,0.55556,386.9,948.3,1.0,0.40244,0.55492,386.3,947.3,1.0,0.40741,0.55662,391.1,950.1,1.0,0.4102,0.55633,393.8,949.7,1.0,0.41275,0.55592,396.2,948.9,1.0,0.41162,0.55462,395.2,946.7,1.0,0.42841,0.55541,411.3,948.1,1.0,0.40322,0.56611,387.1,966.3,0.999,0.40828,0.56667,391.9,967.3,0.998,0.38887,0.57445,373.3,980.6,1.0,0.50496,0.59416,484.8,1014.2,0.999,0.30173,0.59381,289.7,1013.6,0.956,0.49773,0.64024,477.8,1092.9,0.067,0.24801,0.56412,238.1,963.0,0.701,0.45495,0.63354,436.7,1081.5,0.005,0.2275,0.55758,218.4,951.8,0.693,0.44654,0.63131,428.7,1077.6,0.006,0.23456,0.55412,225.2,945.9,0.69,0.4337,0.62536,416.4,1067.5,0.006,0.24342,0.5575,233.7,951.7,0.56,0.43414,0.62569,416.8,1068.1,0.006,0.36817,0.69261,353.4,1182.3,1.0,0.43165,0.7048,414.4,1203.1,1.0,0.26839,0.71829,257.7,1226.1,0.967,0.33311,0.72696,319.8,1240.9,0.458,0.22723,0.80313,218.1,1370.9,0.98,0.31238,0.8014,299.9,1368.0,0.768,0.23018,0.81982,221.0,1399.4,0.976,0.30945,0.81671,297.1,1394.1,0.84,0.18773,0.78667,180.2,1342.9,0.948,0.27379,0.79442,262.8,1356.1,0.589
153,4.225,960,1707,0.4023,0.56231,386.2,959.9,1.0,0.40371,0.55615,387.6,949.4,1.0,0.40317,0.55557,387.0,948.4,1.0,0.40251,0.55494,386.4,947.3,1.0,0.40882,0.55662,392.5,950.2,1.0,0.41195,0.55634,395.5,949.7,1.0,0.41498,0.55593,398.4,949.0,1.0,0.41157,0.55497,395.1,947.3,1.0,0.4296,0.55544,412.4,948.1,1.0,0.40359,0.56618,387.4,966.5,0.999,0.40948,0.56669,393.1,967.3,0.998,0.38787,0.57488,372.4,981.3,1.0,0.50533,0.59419,485.1,1014.3,0.999,0.30221,0.59338,290.1,1012.9,0.956,0.49886,0.64073,478.9,1093.7,0.066,0.24724,0.56214,237.4,959.6,0.698,0.46063,0.63255,442.2,1079.8,0.004,0.22374,0.55648,214.8,949.9,0.689,0.45291,0.63008,434.8,1075.5,0.006,0.23097,0.55101,221.7,940.6,0.686,0.43964,0.62353,422.1,1064.4,0.006,0.24175,0.55371,232.1,945.2,0.554,0.43997,0.62376,422.4,1064.8,0.006,0.36815,0.69354,353.4,1183.9,1.0,0.43227,0.70508,415.0,1203.6,1.0,0.26801,0.72054,257.3,1230.0,0.967,0.34516,0.72395,331.4,1235.8,0.455,0.22909,0.80453,219.9,1373.3,0.98,0.34615,0.79692,332.3,1360.3,0.767,0.23011,0.82242,220.9,1403.9,0.976,0.35081,0.81156,336.8,1385.3,0.84,0.18845,0.78659,180.9,1342.7,0.948,0.30684,0.8009,294.6,1367.1,0.578
154,4.253,960,1707,0.40312,0.56229,387.0,959.8,1.0,0.40419,0.55615,388.0,949.3,1.0,0.40335,0.55557,387.2,948.4,1.0,0.40258,0.55494,386.5,947.3,1.0,0.41012,0.5566,393.7,950.1,1.0,0.41348,0.5563,396.9,949.6,1.0,0.41674,0.5559,400.1,948.9,1.0,0.41119,0.55515,394.7,947.6,1.0,0.42992,0.55546,412.7,948.2,1.0,0.40369,0.56619,387.5,966.5,0.999,0.40996,0.56671,393.6,967.4,0.998,0.38485,0.57504,369.5,981.6,1.0,0.50526,0.59421,485.1,1014.3,0.999,0.30227,0.59338,290.2,1012.9,0.955,0.5034,0.63622,483.3,1086.0,0.066,0.24733,0.56219,237.4,959.7,0.678,0.46516,0.62763,446.6,1071.4,0.004,0.22155,0.5566,212.7,950.1,0.669,0.45873,0.62518,440.4,1067.2,0.006,0.22973,0.55112,220.5,940.8,0.665,0.44544,0.61876,427.6,1056.2,0.005,0.24134,0.55383,231.7,945.4,0.533,0.445,0.61886,427.2,1056.4,0.006,0.36231,0.69545,347.8,1187.1,1.0,0.42923,0.70572,412.1,1204.7,1.0,0.26761,0.72533,256.9,1238.1,0.968,0.37086,0.72229,356.0,1232.9,0.445,0.22867,0.80686,219.5,1377.3,0.981,0.3723,0.79615,357.4,1359.0,0.76,0.23025,0.82456,221.0,1407.5,0.977,0.3752,0.81067,360.2,1383.8,0.839,0.19052,0.78813,182.9,1345.3,0.949,0.34439,0.79917,330.6,1364.2,0.562
155,4.281,960,1707,0.4047,0.56187,388.5,959.1,1.0,0.40531,0.5557,389.1,948.6,1.0,0.40393,0.55515,387.8,947.6,1.0,0.4027,0.55458,386.6,946.7,1.0,0.41234,0.55607,395.8,949.2,1.0,0.41597,0.55576,399.3,948.7,1.0,0.41944,0.55537,402.7,948.0,1.0,0.41062,0.55513,394.2,947.6,1.0,0.43129,0.55532,414.0,947.9,1.0,0.40397,0.56598,387.8,966.1,0.999,0.41138,0.56639,394.9,966.8,0.998,0.38279,0.575,367.5,981.5,1.0,0.5036,0.5941,483.5,1014.1,0.999,0.30235,0.59349,290.3,1013.1,0.954,0.50035,0.63498,480.3,1083.9,0.068,0.24922,0.5646,239.3,963.8,0.645,0.46241,0.62359,443.9,1064.5,0.004,0.22334,0.55807,214.4,952.6,0.637,0.4525,0.61943,434.4,1057.4,0.006,0.23301,0.55383,223.7,945.4,0.633,0.4444,0.61536,426.6,1050.4,0.005,0.2442,0.55651,234.4,950.0,0.503,0.44434,0.61658,426.6,1052.5,0.006,0.3618,0.69632,347.3,1188.6,1.0,0.42931,0.70569,412.1,1204.6,1.0,0.26693,0.72984,256.2,1245.8,0.968,0.39223,0.72539,376.5,1238.2,0.428,0.22905,0.80812,219.9,1379.5,0.981,0.39392,0.79378,378.2,1355.0,0.741,0.22998,0.82528,220.8,1408.8,0.978,0.39308,0.80715,377.4,1377.8,0.83,0.19246,0.78801,184.8,1345.1,0.946,0.39088,0.79372,375.2,1354.9,0.534
156,4.308,960,1707,0.40469,0.56183,388.5,959.0,0.999,0.40533,0.55563,389.1,948.5,1.0,0.40399,0.55508,387.8,947.5,1.0,0.40277,0.55451,386.7,946.5,1.0,0.41231,0.55602,395.8,949.1,1.0,0.41592,0.55571,399.3,948.6,1.0,0.41936,0.55532,402.6,947.9,1.0,0.41047,0.55514,394.1,947.6,1.0,0.4313,0.55535,414.0,948.0,1.0,0.404,0.566,387.8,966.2,0.999,0.4114,0.56638,394.9,966.8,0.998,0.38022,0.57513,365.0,981.7,1.0,0.50357,0.59349,483.4,1013.1,0.999,0.30268,0.59324,290.6,1012.7,0.955,0.50039,0.63035,480.4,1076.0,0.075,0.24876,0.56321,238.8,961.4,0.632,0.4621,0.61811,443.6,1055.1,0.004,0.22156,0.55647,212.7,949.9,0.622,0.45231,0.60796,434.2,1037.8,0.006,0.23008,0.5495,220.9,938.0,0.617,0.44357,0.60643,425.8,1035.2,0.005,0.24272,0.55253,233.0,943.2,0.486,0.44397,0.60919,426.2,1039.9,0.006,0.36197,0.69673,347.5,1189.3,1.0,0.4338,0.70484,416.5,1203.2,1.0,0.26609,0.73233,255.4,1250.1,0.968,0.41107,0.72649,394.6,1240.1,0.42,0.2288,0.80938,219.6,1381.6,0.982,0.40977,0.79161,393.4,1351.3,0.73,0.22948,0.82619,220.3,1410.3,0.978,0.40582,0.80586,389.6,1375.6,0.826,0.19229,0.78768,184.6,1344.6,0.945,0.42556,0.79328,408.5,1354.1,0.511
157,4.336,960,1707,0.40615,0.56173,389.9,958.9,1.0,0.40627,0.55561,390.0,948.4,1.0,0.4047,0.55505,388.5,947.5,1.0,0.4032,0.55448,387.1,946.5,1.0,0.41388,0.55599,397.3,949.1,1.0,0.41772,0.55568,401.0,948.5,1.0,0.42136,0.5553,404.5,947.9,1.0,0.41056,0.55516,394.1,947.7,1.0,0.43296,0.55538,415.6,948.0,1.0,0.40459,0.56598,388.4,966.1,0.999,0.4131,0.56634,396.6,966.7,0.998,0.37866,0.57575,363.5,982.8,1.0,0.5029,0.59168,482.8,1010.0,0.999,0.30612,0.59323,293.9,1012.6,0.956,0.50025,0.62749,480.2,1071.1,0.088,0.25256,0.56504,242.5,964.5,0.612,0.45873,0.61308,440.4,1046.5,0.004,0.22881,0.55945,219.7,955.0,0.6,0.45104,0.60861,433.0,1038.9,0.006,0.23648,0.55277,227.0,943.6,0.595,0.44095,0.60328,423.3,1029.8,0.005,0.24729,0.55467,237.4,946.8,0.465,0.44017,0.604,422.6,1031.0,0.006,0.36323,0.69703,348.7,1189.8,1.0,0.44035,0.70366,422.7,1201.1,1.0,0.26408,0.73035,253.5,1246.7,0.97,0.43209,0.72305,414.8,1234.2,0.44,0.2285,0.80881,219.4,1380.6,0.983,0.4286,0.78997,411.5,1348.5,0.741,0.22867,0.82565,219.5,1409.4,0.98,0.4226,0.80612,405.7,1376.0,0.835,0.19155,0.78758,183.9,1344.4,0.947,0.45756,0.79133,439.3,1350.8,0.514
158,4.364,960,1707,0.4062,0.56147,390.0,958.4,1.0,0.40638,0.55537,390.1,948.0,1.0,0.40477,0.55478,388.6,947.0,1.0,0.40322,0.55421,387.1,946.0,1.0,0.41397,0.55574,397.4,948.7,1.0,0.41781,0.55541,401.1,948.1,1.0,0.42144,0.55501,404.6,947.4,1.0,0.41062,0.55506,394.2,947.5,1.0,0.43383,0.5552,416.5,947.7,1.0,0.40461,0.5657,388.4,965.6,0.999,0.41355,0.5661,397.0,966.3,0.998,0.37951,0.57572,364.3,982.7,1.0,0.50412,0.59119,484.0,1009.2,0.999,0.31123,0.59297,298.8,1012.2,0.958,0.50426,0.62923,484.1,1074.1,0.093,0.25483,0.56857,244.6,970.5,0.61,0.46983,0.61818,451.0,1055.2,0.004,0.2338,0.56384,224.4,962.5,0.596,0.46043,0.61225,442.0,1045.1,0.006,0.24077,0.55806,231.1,952.6,0.59,0.45329,0.60786,435.2,1037.6,0.005,0.25039,0.55977,240.4,955.5,0.46,0.45461,0.60882,436.4,1039.3,0.006,0.36751,0.69684,352.8,1189.5,1.0,0.45078,0.70117,432.8,1196.9,1.0,0.26404,0.72914,253.5,1244.6,0.973,0.45806,0.70608,439.7,1205.3,0.47,0.2282,0.80832,219.1,1379.8,0.984,0.45026,0.78351,432.2,1337.5,0.755,0.22845,0.825,219.3,1408.3,0.981,0.4422,0.79945,424.5,1364.7,0.844,0.19098,0.78746,183.3,1344.2,0.95,0.47541,0.77615,456.4,1324.9,0.525
159,4.391,960,1707,0.40458,0.56091,388.4,957.5,1.0,0.40551,0.55487,389.3,947.2,1.0,0.40408,0.55433,387.9,946.2,1.0,0.40262,0.55381,386.5,945.4,1.0,0.41285,0.55499,396.3,947.4,1.0,0.41667,0.55449,400.0,946.5,1.0,0.42038,0.55393,403.6,945.6,1.0,0.41037,0.55482,394.0,947.1,1.0,0.43365,0.55393,416.3,945.6,1.0,0.40383,0.56503,387.7,964.5,0.999,0.41299,0.56544,396.5,965.2,0.998,0.38012,0.57564,364.9,982.6,1.0,0.5046,0.58806,484.4,1003.8,0.999,0.31356,0.59034,301.0,1007.7,0.955,0.5017,0.62463,481.6,1066.2,0.085,0.25798,0.56971,247.7,972.5,0.611,0.4693,0.61286,450.5,1046.2,0.004,0.2381,0.56656,228.6,967.1,0.597,0.46651,0.61212,447.8,1044.9,0.006,0.24656,0.56106,236.7,957.7,0.591,0.45326,0.60806,435.1,1038.0,0.006,0.25497,0.56177,244.8,958.9,0.462,0.45192,0.60881,433.8,1039.2,0.006,0.36953,0.69674,354.8,1189.3,1.0,0.4542,0.69847,436.0,1192.3,1.0,0.26401,0.72635,253.4,1239.9,0.975,0.47571,0.69401,456.7,1184.7,0.496,0.22901,0.80798,219.8,1379.2,0.985,0.47266,0.77506,453.8,1323.0,0.764,0.2294,0.8248,220.2,1407.9,0.983,0.46651,0.79163,447.9,1351.3,0.85,0.19061,0.78687,183.0,1343.2,0.952,0.50597,0.76359,485.7,1303.4,0.529
160,4.419,960,1707,0.40664,0.55988,390.4,955.7,1.0,0.40734,0.55378,391.0,945.3,1.0,0.40582,0.55322,389.6,944.4,1.0,0.40417,0.55272,388.0,943.5,1.0,0.41455,0.55384,398.0,945.4,1.0,0.41833,0.55329,401.6,944.5,1.0,0.4221,0.5527,405.2,943.5,1.0,0.41153,0.55392,395.1,945.5,1.0,0.43576,0.55275,418.3,943.5,1.0,0.40544,0.564,389.2,962.7,0.999,0.41492,0.56438,398.3,963.4,0.998,0.38155,0.57471,366.3,981.0,1.0,0.50625,0.58622,486.0,1000.7,0.999,0.31356,0.58868,301.0,1004.9,0.959,0.50888,0.6242,488.5,1065.5,0.1,0.25766,0.56939,247.4,972.0,0.634,0.47095,0.61164,452.1,1044.1,0.005,0.2367,0.56571,227.2,965.7,0.617,0.46737,0.61151,448.7,1043.8,0.007,0.24583,0.5601,236.0,956.1,0.611,0.4542,0.60539,436.0,1033.4,0.006,0.25436,0.56118,244.2,957.9,0.484,0.45533,0.60729,437.1,1036.6,0.007,0.37252,0.69671,357.6,1189.3,1.0,0.45825,0.69706,439.9,1189.9,1.0,0.26765,0.723,256.9,1234.2,0.977,0.49222,0.68815,472.5,1174.7,0.528,0.22898,0.80719,219.8,1377.9,0.987,0.49495,0.76845,475.2,1311.7,0.778,0.2293,0.82329,220.1,1405.3,0.984,0.49029,0.78081,470.7,1332.8,0.86,0.18935,0.78645,181.8,1342.5,0.956,0.52708,0.75924,506.0,1296.0,0.546
161,4.446,960,1707,0.41633,0.55662,399.7,950.1,1.0,0.41444,0.55074,397.9,940.1,1.0,0.41158,0.55043,395.1,939.6,1.0,0.40878,0.55013,392.4,939.1,1.0,0.42371,0.55075,406.8,940.1,1.0,0.42747,0.55048,410.4,939.7,1.0,0.43098,0.55019,413.7,939.2,1.0,0.41227,0.55193,395.8,942.1,1.0,0.4421,0.55143,424.4,941.3,1.0,0.41192,0.56135,395.4,958.2,0.999,0.42339,0.56156,406.5,958.6,0.998,0.38167,0.57393,366.4,979.7,1.0,0.50626,0.58659,486.0,1001.3,0.999,0.31342,0.58843,300.9,1004.5,0.962,0.50272,0.62025,482.6,1058.8,0.119,0.25761,0.56911,247.3,971.5,0.652,0.4534,0.60793,435.3,1037.7,0.005,0.23646,0.56524,227.0,964.9,0.631,0.4444,0.60451,426.6,1031.9,0.007,0.24494,0.55973,235.1,955.5,0.625,0.43071,0.59934,413.5,1023.1,0.006,0.25368,0.56079,243.5,957.3,0.501,0.43141,0.60058,414.2,1025.2,0.007,0.3775,0.69663,362.4,1189.1,1.0,0.46184,0.69549,443.4,1187.2,1.0,0.27069,0.72226,259.9,1232.9,0.979,0.50065,0.69333,480.6,1183.5,0.562,0.22927,0.80686,220.1,1377.3,0.988,0.5195,0.76221,498.7,1301.1,0.791,0.22929,0.82318,220.1,1405.2,0.985,0.51572,0.77492,495.1,1322.8,0.869,0.18746,0.78643,180.0,1342.4,0.96,0.55762,0.74782,535.3,1276.5,0.561
162,4.474,960,1707,0.4162,0.55568,399.6,948.5,1.0,0.41501,0.54978,398.4,938.5,1.0,0.41256,0.54949,396.1,938.0,1.0,0.41,0.54919,393.6,937.5,1.0,0.42308,0.54979,406.2,938.5,1.0,0.42661,0.54955,409.5,938.1,1.0,0.42998,0.54928,412.8,937.6,1.0,0.41371,0.55102,397.2,940.6,1.0,0.44159,0.55058,423.9,939.8,1.0,0.41299,0.56059,396.5,956.9,0.999,0.42314,0.56079,406.2,957.3,0.999,0.38333,0.57205,368.0,976.5,1.0,0.50645,0.5857,486.2,999.8,0.999,0.3143,0.58787,301.7,1003.5,0.964,0.4993,0.61854,479.3,1055.8,0.129,0.2574,0.56873,247.1,970.8,0.669,0.44914,0.60367,431.2,1030.5,0.005,0.23619,0.56506,226.7,964.6,0.646,0.43998,0.5993,422.4,1023.0,0.008,0.24436,0.55936,234.6,954.8,0.639,0.4258,0.59419,408.8,1014.3,0.007,0.25347,0.56057,243.3,956.9,0.517,0.42617,0.59544,409.1,1016.4,0.008,0.38036,0.69652,365.1,1189.0,1.0,0.46324,0.69418,444.7,1185.0,1.0,0.27375,0.72186,262.8,1232.2,0.981,0.50862,0.69311,488.3,1183.1,0.59,0.23079,0.80672,221.6,1377.1,0.989,0.53587,0.75644,514.4,1291.2,0.799,0.23024,0.82253,221.0,1404.1,0.987,0.53456,0.7694,513.2,1313.4,0.875,0.18742,0.78671,179.9,1342.9,0.963,0.56209,0.74368,539.6,1269.5,0.57
163,4.502,960,1707,0.41874,0.55501,402.0,947.4,1.0,0.41695,0.54913,400.3,937.4,1.0,0.4143,0.5489,397.7,937.0,1.0,0.41156,0.54864,395.1,936.5,1.0,0.42512,0.54907,408.1,937.3,1.0,0.4284,0.54882,411.3,936.8,1.0,0.43142,0.54854,414.2,936.4,1.0,0.41434,0.55041,397.8,939.6,1.0,0.44187,0.54983,424.2,938.6,1.0,0.41524,0.56001,398.6,955.9,0.999,0.42529,0.5602,408.3,956.3,0.999,0.38379,0.57104,368.4,974.8,1.0,0.50646,0.58253,486.2,994.4,0.999,0.31469,0.58794,302.1,1003.6,0.965,0.4839,0.60684,464.5,1035.9,0.133,0.2573,0.56867,247.0,970.7,0.673,0.39895,0.58393,383.0,996.8,0.007,0.23609,0.56494,226.6,964.4,0.647,0.38328,0.57667,368.0,984.4,0.009,0.24415,0.55917,234.4,954.5,0.641,0.37028,0.57563,355.5,982.6,0.008,0.253,0.56043,242.9,956.7,0.519,0.37355,0.57688,358.6,984.7,0.009,0.38416,0.69544,368.8,1187.1,1.0,0.46706,0.69231,448.4,1181.8,1.0,0.27597,0.72188,264.9,1232.3,0.983,0.5139,0.69486,493.3,1186.1,0.609,0.23255,0.80629,223.2,1376.3,0.99,0.54807,0.75184,526.2,1283.4,0.802,0.23142,0.82245,222.2,1403.9,0.988,0.5494,0.76474,527.4,1305.4,0.878,0.1895,0.78668,181.9,1342.9,0.966,0.55167,0.74116,529.6,1265.2,0.57
164,4.529,960,1707,0.42375,0.55407,406.8,945.8,1.0,0.42075,0.54842,403.9,936.2,1.0,0.41802,0.54822,401.3,935.8,1.0,0.41528,0.548,398.7,935.4,1.0,0.42921,0.54845,412.0,936.2,1.0,0.43244,0.54829,415.1,935.9,1.0,0.43558,0.54806,418.2,935.5,1.0,0.41648,0.54978,399.8,938.5,1.0,0.44582,0.54962,428.0,938.2,1.0,0.42031,0.55921,403.5,954.6,0.999,0.43056,0.55941,413.3,954.9,0.999,0.3852,0.57109,369.8,974.8,1.0,0.50636,0.58235,486.1,994.1,0.999,0.31454,0.58803,302.0,1003.8,0.966,0.47787,0.60894,458.8,1039.5,0.131,0.25675,0.56792,246.5,969.4,0.674,0.39396,0.58751,378.2,1002.9,0.007,0.23493,0.5639,225.5,962.6,0.644,0.37939,0.58057,364.2,991.0,0.01,0.24354,0.55873,233.8,953.8,0.638,0.36768,0.57675,353.0,984.5,0.009,0.25178,0.56005,241.7,956.0,0.515,0.36664,0.57742,352.0,985.7,0.01,0.39039,0.6944,374.8,1185.3,1.0,0.47273,0.69071,453.8,1179.0,1.0,0.27829,0.72201,267.2,1232.5,0.984,0.51578,0.6951,495.1,1186.5,0.602,0.2336,0.80638,224.3,1376.5,0.991,0.55111,0.75163,529.1,1283.0,0.789,0.23216,0.82287,222.9,1404.6,0.988,0.55247,0.76424,530.4,1304.6,0.876,0.18964,0.78696,182.1,1343.3,0.968,0.5495,0.74467,527.5,1271.1,0.553
165,4.557,960,1707,0.42662,0.5531,409.6,944.1,1.0,0.42401,0.54749,407.1,934.6,1.0,0.42145,0.54729,404.6,934.2,1.0,0.41891,0.5471,402.2,933.9,1.0,0.43216,0.54767,414.9,934.9,1.0,0.4353,0.54761,417.9,934.8,1.0,0.43843,0.5475,420.9,934.6,1.0,0.41956,0.54908,402.8,937.3,1.0,0.44876,0.54924,430.8,937.6,1.0,0.4236,0.55826,406.7,952.9,0.999,0.43388,0.55878,416.5,953.8,0.999,0.38579,0.57117,370.4,975.0,1.0,0.50829,0.58182,488.0,993.2,0.999,0.31519,0.58811,302.6,1003.9,0.964,0.49806,0.60985,478.1,1041.0,0.122,0.25665,0.56705,246.4,968.0,0.672,0.4351,0.59465,417.7,1015.1,0.008,0.23441,0.5632,225.0,961.4,0.641,0.43028,0.58928,413.1,1005.9,0.011,0.24257,0.55811,232.9,952.7,0.634,0.40922,0.58528,392.9,999.1,0.009,0.25059,0.55942,240.6,954.9,0.512,0.40491,0.58598,388.7,1000.3,0.011,0.38975,0.6931,374.2,1183.1,1.0,0.47202,0.69023,453.1,1178.2,1.0,0.28001,0.72195,268.8,1232.4,0.986,0.51592,0.69243,495.3,1182.0,0.602,0.23452,0.80586,225.1,1375.6,0.991,0.54602,0.7521,524.2,1283.8,0.776,0.2326,0.82274,223.3,1404.4,0.989,0.54854,0.7646,526.6,1305.2,0.871,0.19068,0.78741,183.1,1344.1,0.969,0.55734,0.7413,535.0,1265.4,0.535
166,4.584,960,1707,0.42968,0.55184,412.5,942.0,1.0,0.42665,0.54629,409.6,932.5,1.0,0.42383,0.54611,406.9,932.2,1.0,0.42113,0.54596,404.3,932.0,1.0,0.43573,0.54657,418.3,933.0,1.0,0.43943,0.54661,421.9,933.1,1.0,0.4431,0.5466,425.4,933.0,1.0,0.42084,0.54808,404.0,935.6,1.0,0.45434,0.54847,436.2,936.2,1.0,0.42611,0.55696,409.1,950.7,0.999,0.43716,0.55762,419.7,951.9,0.999,0.38694,0.57121,371.5,975.1,1.0,0.51259,0.58155,492.1,992.7,0.999,0.31629,0.58783,303.6,1003.4,0.963,0.50617,0.61185,485.9,1044.4,0.114,0.25664,0.56673,246.4,967.4,0.678,0.47377,0.59679,454.8,1018.7,0.009,0.2342,0.56312,224.8,961.2,0.646,0.47557,0.59156,456.5,1009.8,0.012,0.24252,0.55804,232.8,952.6,0.639,0.45667,0.5884,438.4,1004.4,0.011,0.25023,0.55935,240.2,954.8,0.515,0.45106,0.59009,433.0,1007.3,0.012,0.39012,0.69185,374.5,1181.0,1.0,0.47386,0.69042,454.9,1178.6,1.0,0.2808,0.72195,269.6,1232.4,0.987,0.51569,0.69023,495.1,1178.2,0.597,0.23566,0.80585,226.2,1375.6,0.992,0.54147,0.75292,519.8,1285.2,0.756,0.23315,0.82291,223.8,1404.7,0.989,0.5437,0.76546,521.9,1306.6,0.865,0.18977,0.78777,182.2,1344.7,0.969,0.55819,0.73942,535.9,1262.2,0.512
167,4.612,960,1707,0.43477,0.54964,417.4,938.2,1.0,0.43132,0.54406,414.1,928.7,1.0,0.42819,0.54408,411.1,928.7,1.0,0.42515,0.54413,408.1,928.8,1.0,0.44195,0.54397,424.3,928.6,1.0,0.4462,0.544,428.4,928.6,1.0,0.45032,0.54405,432.3,928.7,1.0,0.42327,0.54649,406.3,932.9,1.0,0.46122,0.54699,442.8,933.7,1.0,0.43092,0.55509,413.7,947.5,0.999,0.44314,0.55522,425.4,947.8,0.999,0.38757,0.57103,372.1,974.8,1.0,0.5134,0.58054,492.9,991.0,0.999,0.31505,0.58759,302.5,1003.0,0.965,0.51919,0.61308,498.4,1046.5,0.136,0.25658,0.56615,246.3,966.4,0.688,0.48659,0.59754,467.1,1020.0,0.009,0.23413,0.56307,224.8,961.2,0.653,0.48279,0.59332,463.5,1012.8,0.012,0.24249,0.55801,232.8,952.5,0.645,0.46841,0.58901,449.7,1005.4,0.011,0.24979,0.55897,239.8,954.2,0.522,0.46589,0.59126,447.3,1009.3,0.012,0.39035,0.69072,374.7,1179.1,1.0,0.47355,0.68951,454.6,1177.0,1.0,0.28024,0.72235,269.0,1233.0,0.988,0.51464,0.68807,494.0,1174.5,0.611,0.23648,0.80545,227.0,1374.9,0.992,0.5401,0.75308,518.5,1285.5,0.758,0.23469,0.82286,225.3,1404.6,0.989,0.54071,0.76515,519.1,1306.1,0.87,0.18971,0.78778,182.1,1344.7,0.971,0.55941,0.73906,537.0,1261.6,0.507
168,4.64,960,1707,0.43978,0.54618,422.2,932.3,1.0,0.43713,0.54046,419.6,922.6,1.0,0.43394,0.54054,416.6,922.7,1.0,0.43078,0.54063,413.5,922.9,1.0,0.44787,0.54039,430.0,922.4,1.0,0.45206,0.54046,434.0,922.6,1.0,0.45632,0.54055,438.1,922.7,1.0,0.42744,0.54326,410.3,927.3,1.0,0.46634,0.54445,447.7,929.4,1.0,0.43575,0.55169,418.3,941.7,0.999,0.44763,0.55196,429.7,942.2,0.999,0.38928,0.57053,373.7,973.9,1.0,0.51313,0.57991,492.6,989.9,1.0,0.31499,0.58795,302.4,1003.6,0.964,0.52152,0.61386,500.7,1047.9,0.127,0.25813,0.56625,247.8,966.6,0.692,0.49519,0.59928,475.4,1023.0,0.009,0.2354,0.56362,226.0,962.1,0.658,0.4987,0.59507,478.7,1015.8,0.014,0.24348,0.55852,233.7,953.4,0.649,0.48099,0.59091,461.8,1008.7,0.012,0.25066,0.55925,240.6,954.6,0.525,0.4751,0.59268,456.1,1011.7,0.013,0.38977,0.68966,374.2,1177.3,1.0,0.47385,0.68863,454.9,1175.5,1.0,0.27978,0.72232,268.6,1233.0,0.989,0.51534,0.68932,494.7,1176.7,0.604,0.23701,0.80477,227.5,1373.7,0.992,0.53795,0.75371,516.4,1286.6,0.744,0.23592,0.82269,226.5,1404.3,0.989,0.53676,0.76582,515.3,1307.3,0.866,0.18967,0.78772,182.1,1344.6,0.97,0.56098,0.73911,538.5,1261.7,0.487
169,4.667,960,1707,0.44452,0.54436,426.7,929.2,1.0,0.44201,0.53804,424.3,918.4,1.0,0.43875,0.53804,421.2,918.4,1.0,0.4355,0.53811,418.1,918.6,1.0,0.45358,0.53839,435.4,919.0,1.0,0.45811,0.53864,439.8,919.5,1.0,0.46224,0.53888,443.8,919.9,1.0,0.43075,0.54088,413.5,923.3,1.0,0.46888,0.54288,450.1,926.7,1.0,0.43926,0.54983,421.7,938.6,1.0,0.45175,0.55023,433.7,939.3,0.999,0.3905,0.57014,374.9,973.2,1.0,0.51399,0.57995,493.4,990.0,0.999,0.31462,0.58829,302.0,1004.2,0.962,0.51888,0.61403,498.1,1048.2,0.118,0.25606,0.56616,245.8,966.4,0.696,0.49633,0.60059,476.5,1025.2,0.01,0.23243,0.56327,223.1,961.5,0.662,0.502,0.59651,481.9,1018.2,0.015,0.24206,0.55801,232.4,952.5,0.653,0.4858,0.59138,466.4,1009.5,0.013,0.24953,0.55909,239.5,954.4,0.528,0.47818,0.59318,459.1,1012.6,0.013,0.38921,0.68919,373.6,1176.4,1.0,0.47251,0.6883,453.6,1174.9,1.0,0.27958,0.72264,268.4,1233.6,0.989,0.51646,0.69012,495.8,1178.0,0.596,0.23683,0.80527,227.4,1374.6,0.992,0.53748,0.75427,516.0,1287.5,0.729,0.23576,0.82285,226.3,1404.6,0.989,0.53727,0.76627,515.8,1308.0,0.862,0.18963,0.78796,182.0,1345.0,0.968,0.56213,0.73965,539.6,1262.6,0.465
170,4.695,960,1707,0.45177,0.5409,433.7,923.3,1.0,0.44944,0.53481,431.5,912.9,1.0,0.44603,0.53469,428.2,912.7,1.0,0.4424,0.53465,424.7,912.7,1.0,0.46052,0.53564,442.1,914.3,1.0,0.46472,0.53607,446.1,915.1,1.0,0.46878,0.53648,450.0,915.8,1.0,0.43643,0.53797,419.0,918.3,1.0,0.4748,0.54113,455.8,923.7,1.0,0.44556,0.54652,427.7,932.9,1.0,0.45752,0.54737,439.2,934.4,0.999,0.39284,0.569,377.1,971.3,1.0,0.51572,0.58,495.1,990.1,0.999,0.31595,0.58832,303.3,1004.3,0.961,0.51783,0.61434,497.1,1048.7,0.111,0.25715,0.56616,246.9,966.4,0.704,0.49584,0.6016,476.0,1026.9,0.011,0.23382,0.5635,224.5,961.9,0.671,0.49062,0.59699,471.0,1019.1,0.017,0.24284,0.55815,233.1,952.8,0.661,0.48205,0.5921,462.8,1010.7,0.015,0.24993,0.55911,239.9,954.4,0.536,0.4786,0.59349,459.5,1013.1,0.015,0.38757,0.68781,372.1,1174.1,1.0,0.47171,0.68783,452.8,1174.1,1.0,0.27932,0.72287,268.2,1233.9,0.99,0.51599,0.6891,495.3,1176.3,0.587,0.23599,0.80525,226.5,1374.6,0.992,0.53664,0.75486,515.2,1288.5,0.715,0.2356,0.82279,226.2,1404.5,0.989,0.53514,0.76707,513.7,1309.4,0.857,0.1896,0.78794,182.0,1345.0,0.966,0.56157,0.7402,539.1,1263.5,0.447
171,4.723,960,1707,0.46254,0.53722,444.0,917.0,1.0,0.45978,0.53144,441.4,907.2,1.0,0.45589,0.53102,437.7,906.4,1.0,0.45191,0.53066,433.8,905.8,1.0,0.47154,0.53274,452.7,909.4,1.0,0.4758,0.53329,456.8,910.3,1.0,0.47987,0.5338,460.7,911.2,1.0,0.44456,0.5341,426.8,911.7,1.0,0.48373,0.53905,464.4,920.2,1.0,0.45464,0.5429,436.5,926.7,1.0,0.46678,0.5444,448.1,929.3,0.999,0.39592,0.56636,380.1,966.8,1.0,0.51815,0.58007,497.4,990.2,0.999,0.31642,0.58799,303.8,1003.7,0.961,0.51765,0.61449,496.9,1048.9,0.104,0.25447,0.56574,244.3,965.7,0.71,0.49688,0.60439,477.0,1031.7,0.012,0.22781,0.56272,218.7,960.6,0.676,0.48999,0.5987,470.4,1022.0,0.018,0.23852,0.55725,229.0,951.2,0.665,0.48057,0.59425,461.3,1014.4,0.016,0.24658,0.55847,236.7,953.3,0.539,0.47953,0.59504,460.4,1015.7,0.016,0.38398,0.686,368.6,1171.0,1.0,0.46883,0.68665,450.1,1172.1,1.0,0.27937,0.72259,268.2,1233.5,0.99,0.51306,0.68564,492.5,1170.4,0.575,0.23618,0.80521,226.7,1374.5,0.992,0.53674,0.75479,515.3,1288.4,0.701,0.23557,0.82321,226.1,1405.2,0.989,0.53454,0.76719,513.2,1309.6,0.85,0.1898,0.78786,182.2,1344.9,0.965,0.56291,0.73913,540.4,1261.7,0.428
172,4.75,960,1707,0.47089,0.53453,452.1,912.4,1.0,0.46788,0.52922,449.2,903.4,1.0,0.46387,0.52857,445.3,902.3,1.0,0.45979,0.52795,441.4,901.2,1.0,0.48003,0.5309,460.8,906.2,1.0,0.48414,0.5315,464.8,907.3,1.0,0.48841,0.53207,468.9,908.2,1.0,0.45191,0.53123,433.8,906.8,1.0,0.49179,0.53745,472.1,917.4,1.0,0.46215,0.53977,443.7,921.4,1.0,0.47431,0.54189,455.3,925.0,0.999,0.39675,0.56374,380.9,962.3,1.0,0.52008,0.57853,499.3,987.5,0.999,0.3166,0.58595,303.9,1000.2,0.962,0.51668,0.61461,496.0,1049.1,0.098,0.25259,0.56527,242.5,964.9,0.721,0.49606,0.60772,476.2,1037.4,0.013,0.22593,0.56263,216.9,960.4,0.685,0.48802,0.5998,468.5,1023.9,0.02,0.23512,0.5571,225.7,951.0,0.673,0.47917,0.59863,460.0,1021.9,0.017,0.24412,0.55825,234.4,952.9,0.546,0.47877,0.59865,459.6,1021.9,0.017,0.37943,0.68402,364.3,1167.6,1.0,0.4642,0.68515,445.6,1169.6,1.0,0.27937,0.72241,268.2,1233.2,0.991,0.51143,0.68556,491.0,1170.2,0.572,0.23629,0.8052,226.8,1374.5,0.992,0.53424,0.75518,512.9,1289.1,0.691,0.23574,0.82319,226.3,1405.2,0.989,0.53171,0.76744,510.4,1310.0,0.847,0.18975,0.78787,182.2,1344.9,0.963,0.56281,0.74022,540.3,1263.6,0.411
173,4.778,960,1707,0.47798,0.53179,458.9,907.8,1.0,0.47431,0.52654,455.3,898.8,1.0,0.47001,0.52581,451.2,897.6,1.0,0.46569,0.52511,447.1,896.4,1.0,0.4865,0.52852,467.0,902.2,1.0,0.49041,0.52924,470.8,903.4,1.0,0.49461,0.52995,474.8,904.6,1.0,0.45653,0.5288,438.3,902.7,1.0,0.49791,0.53592,478.0,914.8,1.0,0.46765,0.53723,448.9,917.1,1.0,0.48027,0.53964,461.1,921.2,0.999,0.39787,0.563,382.0,961.0,1.0,0.52076,0.57769,499.9,986.1,0.999,0.31551,0.58372,302.9,996.4,0.962,0.51636,0.61493,495.7,1049.7,0.094,0.24718,0.56139,237.3,958.3,0.725,0.49975,0.6068,479.8,1035.8,0.014,0.21943,0.5561,210.7,949.3,0.688,0.49543,0.59807,475.6,1020.9,0.022,0.2283,0.5503,219.2,939.4,0.676,0.48746,0.5976,468.0,1020.1,0.019,0.23843,0.5525,228.9,943.1,0.547,0.48662,0.59718,467.2,1019.4,0.018,0.37643,0.68199,361.4,1164.2,1.0,0.45879,0.68366,440.4,1167.0,1.0,0.28021,0.72148,269.0,1231.6,0.991,0.51016,0.68488,489.8,1169.1,0.572,0.23717,0.80464,227.7,1373.5,0.992,0.53414,0.75454,512.8,1288.0,0.685,0.23642,0.82277,227.0,1404.5,0.988,0.53135,0.76695,510.1,1309.2,0.843,0.19292,0.78786,185.2,1344.9,0.96,0.56454,0.73884,542.0,1261.2,0.396
174,4.805,960,1707,0.48477,0.53234,465.4,908.7,1.0,0.48122,0.52696,462.0,899.5,1.0,0.47636,0.52609,457.3,898.0,1.0,0.47153,0.52523,452.7,896.6,1.0,0.49323,0.52904,473.5,903.1,1.0,0.49692,0.52974,477.0,904.3,1.0,0.50062,0.53042,480.6,905.4,1.0,0.46139,0.52827,442.9,901.7,1.0,0.5031,0.53614,483.0,915.2,1.0,0.47304,0.53721,454.1,917.0,1.0,0.48562,0.53985,466.2,921.5,0.999,0.39764,0.56064,381.7,957.0,1.0,0.52176,0.57735,500.9,985.5,0.999,0.31414,0.58187,301.6,993.3,0.964,0.51548,0.61516,494.9,1050.1,0.092,0.24391,0.56059,234.2,956.9,0.734,0.49922,0.6063,479.2,1034.9,0.015,0.21742,0.55657,208.7,950.1,0.695,0.50549,0.59846,485.3,1021.6,0.023,0.22348,0.54985,214.5,938.6,0.682,0.48861,0.59596,469.1,1017.3,0.02,0.23317,0.55128,223.8,941.0,0.553,0.48606,0.59611,466.6,1017.6,0.019,0.37389,0.67939,358.9,1159.7,1.0,0.45481,0.68175,436.6,1163.7,1.0,0.28083,0.7206,269.6,1230.1,0.991,0.50934,0.68525,489.0,1169.7,0.583,0.23834,0.80278,228.8,1370.3,0.992,0.53359,0.75415,512.2,1287.3,0.686,0.23745,0.82096,227.9,1401.4,0.988,0.53078,0.76642,509.5,1308.3,0.844,0.19475,0.78765,187.0,1344.5,0.959,0.56426,0.73958,541.7,1262.5,0.387
175,4.833,960,1707,0.48959,0.53193,470.0,908.0,1.0,0.48676,0.5265,467.3,898.7,1.0,0.48184,0.52552,462.6,897.1,1.0,0.47691,0.5245,457.8,895.3,1.0,0.49858,0.52879,478.6,902.6,1.0,0.5022,0.52953,482.1,903.9,1.0,0.5058,0.53026,485.6,905.1,1.0,0.46699,0.52734,448.3,900.2,1.0,0.50856,0.53603,488.2,915.0,1.0,0.47718,0.53665,458.1,916.1,1.0,0.48934,0.53943,469.8,920.8,0.999,0.39749,0.55934,381.6,954.8,1.0,0.52458,0.57755,503.6,985.9,0.999,0.31619,0.58171,303.5,993.0,0.964,0.5135,0.61705,493.0,1053.3,0.092,0.24481,0.56089,235.0,957.4,0.735,0.50227,0.59997,482.2,1024.1,0.016,0.2184,0.55744,209.7,951.5,0.694,0.51546,0.59727,494.8,1019.5,0.025,0.22529,0.55046,216.3,939.6,0.681,0.49444,0.59195,474.7,1010.5,0.022,0.23475,0.5518,225.4,941.9,0.551,0.49308,0.59174,473.4,1010.1,0.02,0.37255,0.67778,357.6,1157.0,1.0,0.45407,0.68016,435.9,1161.0,1.0,0.28047,0.7207,269.3,1230.2,0.992,0.50879,0.68579,488.4,1170.6,0.593,0.23875,0.80255,229.2,1370.0,0.993,0.53307,0.7538,511.7,1286.7,0.69,0.23918,0.82013,229.6,1400.0,0.989,0.5308,0.76631,509.6,1308.1,0.846,0.19946,0.78903,191.5,1346.9,0.96,0.56705,0.74001,544.4,1263.2,0.383
176,4.861,960,1707,0.49242,0.53222,472.7,908.5,1.0,0.48997,0.52655,470.4,898.8,1.0,0.48522,0.52549,465.8,897.0,1.0,0.48033,0.52436,461.1,895.1,1.0,0.50154,0.5291,481.5,903.2,1.0,0.50509,0.52989,484.9,904.5,1.0,0.50874,0.53064,488.4,905.8,1.0,0.47002,0.52725,451.2,900.0,1.0,0.51132,0.53643,490.9,915.7,1.0,0.4799,0.53683,460.7,916.4,1.0,0.49157,0.53973,471.9,921.3,0.999,0.39729,0.55893,381.4,954.1,1.0,0.52608,0.57778,505.0,986.3,0.999,0.31603,0.58193,303.4,993.4,0.964,0.51044,0.61795,490.0,1054.8,0.102,0.24553,0.56111,235.7,957.8,0.73,0.50611,0.59602,485.9,1017.4,0.02,0.21918,0.55777,210.4,952.1,0.688,0.51246,0.59187,492.0,1010.3,0.03,0.22622,0.5509,217.2,940.4,0.674,0.50204,0.58853,482.0,1004.6,0.026,0.23554,0.55229,226.1,942.8,0.544,0.49991,0.58811,479.9,1003.9,0.023,0.37214,0.67616,357.3,1154.2,1.0,0.45413,0.67877,436.0,1158.7,1.0,0.28037,0.72021,269.2,1229.4,0.992,0.50835,0.68614,488.0,1171.2,0.601,0.23866,0.80239,229.1,1369.7,0.993,0.53291,0.75383,511.6,1286.8,0.699,0.23949,0.81994,229.9,1399.6,0.989,0.53089,0.7665,509.6,1308.4,0.851,0.19868,0.78893,190.7,1346.7,0.962,0.56971,0.74009,546.9,1263.3,0.392
177,4.888,960,1707,0.49436,0.53042,474.6,905.4,1.0,0.49221,0.52497,472.5,896.1,1.0,0.48767,0.52384,468.2,894.2,1.0,0.48303,0.52265,463.7,892.2,1.0,0.5034,0.5278,483.3,901.0,1.0,0.50699,0.52874,486.7,902.6,1.0,0.51069,0.52963,490.3,904.1,1.0,0.47281,0.52566,453.9,897.3,1.0,0.51304,0.53563,492.5,914.3,1.0,0.48181,0.53508,462.5,913.4,1.0,0.49354,0.53823,473.8,918.8,1.0,0.39718,0.55627,381.3,949.6,1.0,0.52755,0.57792,506.5,986.5,0.999,0.31604,0.5817,303.4,993.0,0.966,0.50737,0.62029,487.1,1058.8,0.118,0.24815,0.56119,238.2,958.0,0.744,0.5096,0.59322,489.2,1012.6,0.03,0.22123,0.55824,212.4,952.9,0.702,0.51523,0.58652,494.6,1001.2,0.043,0.22673,0.55114,217.7,940.8,0.688,0.50636,0.58444,486.1,997.6,0.038,0.23561,0.55257,226.2,943.2,0.56,0.50207,0.58726,482.0,1002.4,0.032,0.37226,0.6729,357.4,1148.6,1.0,0.4546,0.67636,436.4,1154.5,1.0,0.28051,0.71945,269.3,1228.1,0.993,0.50795,0.68641,487.6,1171.7,0.617,0.2386,0.80196,229.1,1368.9,0.994,0.53287,0.75356,511.6,1286.3,0.711,0.23952,0.81937,229.9,1398.7,0.99,0.53071,0.76636,509.5,1308.2,0.858,0.19919,0.78868,191.2,1346.3,0.964,0.56905,0.74085,546.3,1264.6,0.404
178,4.916,960,1707,0.49469,0.53148,474.9,907.2,1.0,0.49237,0.52597,472.7,897.8,1.0,0.4877,0.52491,468.2,896.0,1.0,0.48308,0.5238,463.8,894.1,1.0,0.50391,0.52859,483.8,902.3,1.0,0.50742,0.52944,487.1,903.8,1.0,0.51099,0.53023,490.5,905.1,1.0,0.47296,0.52662,454.0,898.9,1.0,0.51333,0.5357,492.8,914.4,1.0,0.48138,0.53598,462.1,914.9,1.0,0.49375,0.53906,474.0,920.2,1.0,0.39673,0.55718,380.9,951.1,1.0,0.5278,0.5788,506.7,988.0,0.999,0.31621,0.58184,303.6,993.2,0.928,0.50689,0.62124,486.6,1060.5,0.12,0.32758,0.57364,314.5,979.2,0.679,0.5108,0.59385,490.4,1013.7,0.03,0.3165,0.56904,303.8,971.4,0.643,0.52252,0.58888,501.6,1005.2,0.043,0.32885,0.56393,315.7,962.6,0.629,0.50651,0.58509,486.3,998.8,0.038,0.3385,0.5667,325.0,967.4,0.512,0.50634,0.58582,486.1,1000.0,0.032,0.36789,0.67103,353.2,1145.4,1.0,0.45244,0.67423,434.3,1150.9,1.0,0.28072,0.71946,269.5,1228.1,0.993,0.50786,0.68644,487.5,1171.7,0.604,0.23854,0.80176,229.0,1368.6,0.994,0.53281,0.7534,511.5,1286.1,0.702,0.23945,0.8189,229.9,1397.9,0.99,0.53065,0.76605,509.4,1307.6,0.855,0.19895,0.78848,191.0,1345.9,0.964,0.56808,0.74094,545.4,1264.8,0.39
179,4.944,960,1707,0.49578,0.53197,476.0,908.1,1.0,0.49342,0.52639,473.7,898.6,1.0,0.48867,0.52551,469.1,897.0,1.0,0.48382,0.52454,464.5,895.4,1.0,0.50511,0.52898,484.9,903.0,1.0,0.50852,0.53011,488.2,904.9,1.0,0.51205,0.53123,491.6,906.8,1.0,0.4729,0.52737,454.0,900.2,1.0,0.51329,0.53698,492.8,916.6,1.0,0.48168,0.5367,462.4,916.2,1.0,0.49465,0.53945,474.9,920.8,1.0,0.39667,0.55739,380.8,951.5,1.0,0.52795,0.58047,506.8,990.9,0.999,0.31464,0.58164,302.1,992.9,0.931,0.50007,0.62193,480.1,1061.6,0.115,0.27688,0.56512,265.8,964.7,0.682,0.50341,0.60168,483.3,1027.1,0.03,0.25198,0.566,241.9,966.2,0.643,0.52086,0.59613,500.0,1017.6,0.042,0.24829,0.55155,238.4,941.5,0.629,0.50618,0.5873,485.9,1002.5,0.037,0.25912,0.55502,248.8,947.4,0.51,0.49461,0.58825,474.8,1004.1,0.032,0.36728,0.66956,352.6,1142.9,1.0,0.45227,0.67194,434.2,1147.0,1.0,0.28116,0.71948,269.9,1228.2,0.994,0.50756,0.68523,487.3,1169.7,0.615,0.23854,0.80179,229.0,1368.7,0.994,0.53176,0.75288,510.5,1285.2,0.711,0.23956,0.81866,230.0,1397.5,0.99,0.53038,0.76604,509.2,1307.6,0.859,0.19892,0.78869,191.0,1346.3,0.964,0.56735,0.74112,544.7,1265.1,0.394
180,4.971,960,1707,0.49518,0.53368,475.4,911.0,1.0,0.49296,0.52807,473.2,901.4,1.0,0.48829,0.5269,468.8,899.4,1.0,0.48362,0.52571,464.3,897.4,1.0,0.50465,0.5314,484.5,907.1,1.0,0.50809,0.53272,487.8,909.3,1.0,0.51169,0.53405,491.2,911.6,1.0,0.47287,0.52803,454.0,901.3,1.0,0.513,0.53961,492.5,921.1,1.0,0.48114,0.53773,461.9,917.9,1.0,0.49399,0.54128,474.2,924.0,1.0,0.39541,0.55881,379.6,953.9,1.0,0.5276,0.58328,506.5,995.7,0.999,0.3135,0.58162,301.0,992.8,0.879,0.49705,0.62297,477.2,1063.4,0.11,0.33136,0.57154,318.1,975.6,0.621,0.48731,0.60867,467.8,1039.0,0.029,0.3249,0.56842,311.9,970.3,0.587,0.49304,0.60186,473.3,1027.4,0.04,0.33673,0.56313,323.3,961.3,0.574,0.47919,0.59507,460.0,1015.8,0.036,0.34368,0.56616,329.9,966.4,0.465,0.47209,0.59659,453.2,1018.4,0.03,0.36576,0.66863,351.1,1141.4,1.0,0.45083,0.67087,432.8,1145.2,1.0,0.28208,0.71945,270.8,1228.1,0.993,0.50741,0.68468,487.1,1168.7,0.591,0.23926,0.80193,229.7,1368.9,0.994,0.53148,0.75296,510.2,1285.3,0.701,0.24023,0.81857,230.6,1397.3,0.99,0.53015,0.76609,508.9,1307.7,0.851,0.19923,0.78993,191.3,1348.4,0.962,0.56668,0.74129,544.0,1265.4,0.381
181,4.999,960,1707,0.49525,0.53571,475.4,914.5,1.0,0.49345,0.52956,473.7,904.0,1.0,0.48894,0.5281,469.4,901.5,1.0,0.48447,0.52665,465.1,899.0,1.0,0.50471,0.53351,484.5,910.7,1.0,0.50794,0.53488,487.6,913.0,1.0,0.51134,0.53627,490.9,915.4,1.0,0.47374,0.52883,454.8,902.7,1.0,0.51235,0.54188,491.9,925.0,1.0,0.48074,0.53935,461.5,920.7,1.0,0.49332,0.54356,473.6,927.9,1.0,0.39508,0.56046,379.3,956.7,1.0,0.52735,0.58471,506.3,998.1,0.999,0.31362,0.58176,301.1,993.1,0.859,0.49797,0.62286,478.1,1063.2,0.131,0.35007,0.57603,336.1,983.3,0.564,0.48267,0.60746,463.4,1036.9,0.026,0.35064,0.57173,336.6,975.9,0.534,0.47863,0.60119,459.5,1026.2,0.037,0.36243,0.5684,347.9,970.3,0.522,0.46828,0.59481,449.6,1015.3,0.033,0.36662,0.57043,352.0,973.7,0.423,0.46643,0.59624,447.8,1017.8,0.027,0.36636,0.66778,351.7,1139.9,1.0,0.45106,0.66955,433.0,1142.9,1.0,0.28428,0.71882,272.9,1227.0,0.993,0.50819,0.68412,487.9,1167.8,0.585,0.23942,0.80194,229.8,1368.9,0.994,0.53194,0.75263,510.7,1284.7,0.711,0.24018,0.8186,230.6,1397.3,0.991,0.53001,0.76599,508.8,1307.5,0.857,0.19916,0.78983,191.2,1348.2,0.965,0.56794,0.74122,545.2,1265.3,0.393
182,5.026,960,1707,0.49355,0.53647,473.8,915.8,1.0,0.49172,0.53052,472.0,905.6,1.0,0.48725,0.52904,467.8,903.1,1.0,0.4829,0.52756,463.6,900.5,1.0,0.50317,0.53448,483.0,912.4,1.0,0.50654,0.53587,486.3,914.7,1.0,0.50998,0.53728,489.6,917.1,1.0,0.47266,0.52969,453.7,904.2,1.0,0.51108,0.54312,490.6,927.1,1.0,0.47958,0.5401,460.4,922.0,1.0,0.4921,0.54457,472.4,929.6,1.0,0.39281,0.56149,377.1,958.5,1.0,0.52704,0.58679,506.0,1001.7,0.999,0.31214,0.58425,299.7,997.3,0.855,0.4986,0.62329,478.7,1064.0,0.121,0.28029,0.57242,269.1,977.1,0.531,0.48445,0.60195,465.1,1027.5,0.025,0.28097,0.57042,269.7,973.7,0.503,0.47973,0.60047,460.5,1025.0,0.035,0.29822,0.56564,286.3,965.5,0.491,0.47184,0.59256,453.0,1011.5,0.031,0.31848,0.56777,305.7,969.2,0.396,0.46916,0.5943,450.4,1014.5,0.026,0.36669,0.66756,352.0,1139.5,1.0,0.45201,0.66883,433.9,1141.7,1.0,0.28572,0.71826,274.3,1226.1,0.994,0.51026,0.68419,489.9,1167.9,0.58,0.24028,0.80153,230.7,1368.2,0.994,0.53259,0.75226,511.3,1284.1,0.716,0.24012,0.8178,230.5,1396.0,0.991,0.53,0.76571,508.8,1307.1,0.857,0.19916,0.78976,191.2,1348.1,0.966,0.56827,0.74132,545.5,1265.4,0.398
183,5.054,960,1707,0.49288,0.53698,473.2,916.6,1.0,0.49141,0.53112,471.8,906.6,1.0,0.48702,0.52971,467.5,904.2,1.0,0.48278,0.52833,463.5,901.9,1.0,0.50234,0.53505,482.2,913.3,1.0,0.50557,0.53647,485.4,915.8,1.0,0.50896,0.53793,488.6,918.3,1.0,0.47242,0.53059,453.5,905.7,1.0,0.51093,0.54383,490.5,928.3,1.0,0.47855,0.54068,459.4,922.9,1.0,0.49139,0.54507,471.7,930.4,1.0,0.38694,0.56382,371.5,962.4,1.0,0.524,0.58819,503.0,1004.0,0.999,0.30837,0.58656,296.0,1001.3,0.868,0.49903,0.62457,479.1,1066.1,0.153,0.26623,0.57065,255.6,974.1,0.527,0.48394,0.60036,464.6,1024.8,0.023,0.25372,0.57019,243.6,973.3,0.494,0.48117,0.60033,461.9,1024.8,0.032,0.26749,0.56428,256.8,963.2,0.481,0.47113,0.59087,452.3,1008.6,0.029,0.28406,0.56642,272.7,966.9,0.385,0.46862,0.59232,449.9,1011.1,0.024,0.36556,0.66657,350.9,1137.8,1.0,0.45204,0.66761,434.0,1139.6,1.0,0.28646,0.71822,275.0,1226.0,0.994,0.51047,0.68346,490.0,1166.7,0.597,0.24027,0.80159,230.7,1368.3,0.995,0.53245,0.75183,511.2,1283.4,0.733,0.23957,0.81806,230.0,1396.4,0.992,0.52986,0.76523,508.7,1306.3,0.864,0.19913,0.78964,191.2,1347.9,0.969,0.56735,0.74088,544.7,1264.7,0.422
184,5.082,960,1707,0.49157,0.53705,471.9,916.7,1.0,0.49006,0.53114,470.5,906.7,1.0,0.48588,0.52974,466.4,904.3,1.0,0.48181,0.52838,462.5,901.9,1.0,0.50185,0.53507,481.8,913.4,1.0,0.50548,0.53652,485.3,915.8,1.0,0.50855,0.53803,488.2,918.4,1.0,0.47107,0.53073,452.2,906.0,1.0,0.51081,0.544,490.4,928.6,1.0,0.47712,0.54082,458.0,923.2,1.0,0.49062,0.54522,471.0,930.7,1.0,0.3843,0.56466,368.9,963.9,1.0,0.52215,0.58855,501.3,1004.7,0.999,0.3079,0.58911,295.6,1005.6,0.855,0.49595,0.6259,476.1,1068.4,0.139,0.27015,0.57037,259.3,973.6,0.492,0.4804,0.60084,461.2,1025.6,0.022,0.2568,0.57105,246.5,974.8,0.462,0.48247,0.59998,463.2,1024.2,0.031,0.27236,0.56503,261.5,964.5,0.449,0.46911,0.59089,450.3,1008.7,0.027,0.28778,0.56764,276.3,969.0,0.358,0.46407,0.59234,445.5,1011.1,0.023,0.36541,0.66479,350.8,1134.8,1.0,0.45191,0.66556,433.8,1136.1,1.0,0.28805,0.71745,276.5,1224.7,0.994,0.51095,0.68328,490.5,1166.4,0.583,0.24038,0.80109,230.8,1367.5,0.995,0.53245,0.75162,511.2,1283.0,0.733,0.23955,0.81753,230.0,1395.5,0.992,0.52979,0.76509,508.6,1306.0,0.86,0.1991,0.7891,191.1,1347.0,0.969,0.5673,0.7408,544.6,1264.6,0.421
185,5.109,960,1707,0.48915,0.537,469.6,916.7,1.0,0.48746,0.53101,468.0,906.4,1.0,0.4835,0.52971,464.2,904.2,1.0,0.47945,0.52841,460.3,902.0,1.0,0.49932,0.53476,479.3,912.8,1.0,0.50328,0.53623,483.1,915.3,1.0,0.50691,0.5378,486.6,918.0,1.0,0.46836,0.53078,449.6,906.0,1.0,0.50947,0.54391,489.1,928.5,1.0,0.47556,0.54084,456.5,923.2,1.0,0.48901,0.54521,469.4,930.7,1.0,0.38141,0.56489,366.2,964.3,1.0,0.52014,0.58802,499.3,1003.7,0.999,0.30754,0.58972,295.2,1006.7,0.869,0.4964,0.62687,476.5,1070.1,0.196,0.26508,0.5701,254.5,973.2,0.535,0.47102,0.6069,452.2,1036.0,0.021,0.24358,0.57005,233.8,973.1,0.503,0.46405,0.60735,445.5,1036.7,0.029,0.25018,0.56433,240.2,963.3,0.491,0.45435,0.59798,436.2,1020.8,0.026,0.26074,0.56561,250.3,965.5,0.4,0.45226,0.59823,434.2,1021.2,0.022,0.3656,0.66418,351.0,1133.8,1.0,0.45203,0.66449,434.0,1134.3,1.0,0.28836,0.71667,276.8,1223.4,0.994,0.51091,0.68233,490.5,1164.7,0.605,0.24037,0.80074,230.8,1366.9,0.995,0.53242,0.75149,511.1,1282.8,0.748,0.2395,0.8174,229.9,1395.3,0.992,0.52972,0.76479,508.5,1305.5,0.869,0.19905,0.78824,191.1,1345.5,0.972,0.56727,0.74168,544.6,1266.0,0.443
186,5.137,960,1707,0.48506,0.53567,465.7,914.4,1.0,0.48327,0.52977,463.9,904.3,1.0,0.47972,0.52878,460.5,902.6,1.0,0.47599,0.5278,456.9,900.9,1.0,0.49455,0.53279,474.8,909.5,1.0,0.49871,0.53408,478.8,911.7,1.0,0.50279,0.53553,482.7,914.1,1.0,0.46499,0.53033,446.4,905.3,1.0,0.50568,0.54201,485.5,925.2,1.0,0.47339,0.54011,454.5,922.0,1.0,0.48601,0.5442,466.6,928.9,1.0,0.37974,0.56461,364.5,963.8,1.0,0.51893,0.58767,498.2,1003.2,0.999,0.30778,0.59221,295.5,1010.9,0.833,0.49157,0.62743,471.9,1071.0,0.179,0.3455,0.57027,331.7,973.5,0.49,0.47384,0.60553,454.9,1033.6,0.02,0.34894,0.56686,335.0,967.6,0.463,0.47087,0.60354,452.0,1030.2,0.028,0.35567,0.56379,341.4,962.4,0.452,0.45989,0.59547,441.5,1016.5,0.024,0.35855,0.56561,344.2,965.5,0.369,0.45697,0.59699,438.7,1019.1,0.021,0.3654,0.66266,350.8,1131.2,1.0,0.45213,0.66368,434.0,1132.9,1.0,0.2882,0.71554,276.7,1221.4,0.994,0.51109,0.68228,490.6,1164.7,0.598,0.24137,0.80007,231.7,1365.7,0.995,0.53239,0.75102,511.1,1282.0,0.744,0.24005,0.81674,230.4,1394.2,0.992,0.52966,0.76413,508.5,1304.4,0.867,0.20101,0.78802,193.0,1345.1,0.97,0.56719,0.7421,544.5,1266.8,0.433
187,5.164,960,1707,0.48376,0.5326,464.4,909.1,1.0,0.48108,0.52723,461.8,900.0,1.0,0.47748,0.52644,458.4,898.6,1.0,0.47369,0.52568,454.7,897.3,1.0,0.49173,0.52969,472.1,904.2,1.0,0.49565,0.53079,475.8,906.1,1.0,0.4996,0.53201,479.6,908.1,1.0,0.46155,0.52856,443.1,902.3,1.0,0.50142,0.53871,481.4,919.6,1.0,0.47239,0.53772,453.5,917.9,1.0,0.48454,0.54096,465.2,923.4,1.0,0.37513,0.564,360.1,962.8,1.0,0.51736,0.5857,496.7,999.8,0.999,0.30612,0.59159,293.9,1009.8,0.797,0.49251,0.62708,472.8,1070.4,0.165,0.34809,0.57059,334.2,974.0,0.447,0.4759,0.60438,456.9,1031.7,0.02,0.35439,0.56538,340.2,965.1,0.425,0.47745,0.59991,458.4,1024.0,0.027,0.36193,0.56344,347.5,961.8,0.415,0.46483,0.59298,446.2,1012.2,0.024,0.36484,0.56648,350.2,967.0,0.339,0.463,0.59627,444.5,1017.8,0.021,0.36391,0.66106,349.4,1128.4,1.0,0.45123,0.66185,433.2,1129.8,1.0,0.28828,0.71446,276.7,1219.6,0.994,0.511,0.6809,490.6,1162.3,0.602,0.24245,0.7986,232.8,1363.2,0.995,0.53227,0.75101,511.0,1282.0,0.746,0.24057,0.81537,231.0,1391.8,0.992,0.52889,0.76418,507.7,1304.4,0.867,0.20249,0.78781,194.4,1344.8,0.968,0.56707,0.7423,544.4,1267.1,0.43
188,5.192,960,1707,0.47932,0.5305,460.1,905.6,1.0,0.4758,0.52536,456.8,896.8,1.0,0.47212,0.52468,453.2,895.6,1.0,0.46816,0.52399,449.4,894.5,1.0,0.48661,0.52744,467.1,900.3,1.0,0.49055,0.52835,470.9,901.9,1.0,0.49466,0.52934,474.9,903.6,1.0,0.45667,0.52692,438.4,899.5,1.0,0.49678,0.5361,476.9,915.1,1.0,0.4696,0.53562,450.8,914.3,1.0,0.48101,0.53821,461.8,918.7,1.0,0.37219,0.56328,357.3,961.5,1.0,0.5158,0.58142,495.2,992.5,1.0,0.30356,0.59132,291.4,1009.4,0.806,0.49759,0.62439,477.7,1065.8,0.214,0.32857,0.57196,315.4,976.3,0.414,0.48509,0.6041,465.7,1031.2,0.019,0.32611,0.56637,313.1,966.8,0.393,0.48291,0.5973,463.6,1019.6,0.026,0.36073,0.56328,346.3,961.5,0.384,0.47362,0.58949,454.7,1006.3,0.023,0.3583,0.56624,344.0,966.6,0.314,0.47247,0.5914,453.6,1009.5,0.02,0.36323,0.66024,348.7,1127.0,1.0,0.45087,0.66106,432.8,1128.4,1.0,0.28835,0.7142,276.8,1219.1,0.995,0.51078,0.67953,490.4,1160.0,0.628,0.24278,0.79875,233.1,1363.5,0.996,0.5322,0.75059,510.9,1281.3,0.765,0.24095,0.81552,231.3,1392.1,0.993,0.528,0.76394,506.9,1304.0,0.877,0.20161,0.78811,193.5,1345.3,0.971,0.56694,0.743,544.3,1268.3,0.458
189,5.22,960,1707,0.47251,0.5271,453.6,899.8,1.0,0.46948,0.52199,450.7,891.0,1.0,0.46579,0.52137,447.2,890.0,1.0,0.46191,0.52077,443.4,889.0,1.0,0.47991,0.52366,460.7,893.9,1.0,0.48367,0.52431,464.3,895.0,1.0,0.48753,0.52495,468.0,896.1,1.0,0.45191,0.52413,433.8,894.7,1.0,0.49074,0.53183,471.1,907.8,1.0,0.46355,0.53225,445.0,908.6,1.0,0.4739,0.53424,454.9,911.9,1.0,0.37257,0.56094,357.7,957.5,1.0,0.51393,0.57688,493.4,984.7,1.0,0.30165,0.59092,289.6,1008.7,0.815,0.49841,0.6211,478.5,1060.2,0.262,0.34465,0.57651,330.9,984.1,0.388,0.4799,0.60134,460.7,1026.5,0.02,0.35163,0.56932,337.6,971.8,0.37,0.47199,0.59571,453.1,1016.9,0.025,0.36866,0.56595,353.9,966.1,0.361,0.46483,0.58899,446.2,1005.4,0.022,0.36944,0.56823,354.7,970.0,0.296,0.46589,0.59056,447.3,1008.1,0.02,0.36338,0.66066,348.8,1127.7,1.0,0.45185,0.66081,433.8,1128.0,1.0,0.28828,0.71429,276.7,1219.3,0.995,0.51023,0.68098,489.8,1162.4,0.657,0.24272,0.79884,233.0,1363.6,0.996,0.53205,0.75087,510.8,1281.7,0.784,0.24127,0.81564,231.6,1392.3,0.993,0.52759,0.76405,506.5,1304.2,0.887,0.20148,0.78917,193.4,1347.1,0.974,0.56704,0.74312,544.4,1268.5,0.495
190,5.247,960,1707,0.46205,0.52368,443.6,893.9,1.0,0.45972,0.51868,441.3,885.4,1.0,0.4559,0.51813,437.7,884.5,1.0,0.45184,0.51759,433.8,883.5,1.0,0.47044,0.52003,451.6,887.7,1.0,0.47417,0.52049,455.2,888.5,1.0,0.47809,0.52093,459.0,889.2,1.0,0.44358,0.52143,425.8,890.1,1.0,0.48383,0.52748,464.5,900.4,1.0,0.45391,0.52854,435.8,902.2,1.0,0.46451,0.53044,445.9,905.5,1.0,0.37286,0.55723,357.9,951.2,1.0,0.50985,0.57103,489.5,974.7,1.0,0.30006,0.59085,288.1,1008.6,0.833,0.50945,0.615,489.1,1049.8,0.319,0.2644,0.56815,253.8,969.8,0.422,0.49517,0.5925,475.4,1011.4,0.02,0.23697,0.56914,227.5,971.5,0.399,0.49771,0.58854,477.8,1004.6,0.025,0.251,0.56064,241.0,957.0,0.388,0.48737,0.58034,467.9,990.6,0.022,0.25378,0.55819,243.6,952.8,0.317,0.48473,0.5812,465.3,992.1,0.019,0.36301,0.66081,348.5,1128.0,1.0,0.44923,0.65976,431.3,1126.2,1.0,0.28821,0.71439,276.7,1219.5,0.996,0.50984,0.68008,489.4,1160.9,0.683,0.24265,0.7989,232.9,1363.7,0.996,0.53187,0.75088,510.6,1281.8,0.799,0.24127,0.81574,231.6,1392.5,0.994,0.52733,0.76407,506.2,1304.3,0.897,0.20073,0.78957,192.7,1347.8,0.976,0.567,0.74348,544.3,1269.1,0.522
191,5.275,960,1707,0.45622,0.52191,438.0,890.9,1.0,0.45345,0.51692,435.3,882.4,1.0,0.44936,0.51632,431.4,881.4,1.0,0.44518,0.5157,427.4,880.3,1.0,0.46482,0.5182,446.2,884.6,1.0,0.4687,0.51855,450.0,885.2,1.0,0.4728,0.51888,453.9,885.7,1.0,0.43711,0.51926,419.6,886.4,1.0,0.47973,0.5247,460.5,895.7,1.0,0.44776,0.52658,429.8,898.9,1.0,0.45854,0.52845,440.2,902.1,1.0,0.36982,0.55532,355.0,947.9,1.0,0.50854,0.56688,488.2,967.7,1.0,0.30025,0.59206,288.2,1010.6,0.849,0.51918,0.61098,498.4,1042.9,0.375,0.26519,0.56924,254.6,971.7,0.458,0.50572,0.59043,485.5,1007.9,0.022,0.2461,0.56966,236.3,972.4,0.431,0.50704,0.58664,486.8,1001.4,0.025,0.25262,0.56192,242.5,959.2,0.42,0.49651,0.57852,476.6,987.5,0.022,0.25881,0.55941,248.5,954.9,0.343,0.49353,0.57937,473.8,989.0,0.02,0.3631,0.66081,348.6,1128.0,1.0,0.44888,0.65877,430.9,1124.5,1.0,0.28801,0.71445,276.5,1219.6,0.996,0.50969,0.67941,489.3,1159.7,0.703,0.24292,0.79845,233.2,1363.0,0.997,0.53093,0.75053,509.7,1281.2,0.81,0.2413,0.81565,231.6,1392.3,0.994,0.52666,0.76402,505.6,1304.2,0.904,0.20067,0.78955,192.6,1347.8,0.977,0.56704,0.74349,544.4,1269.1,0.541
192,5.303,960,1707,0.45104,0.51965,433.0,887.0,1.0,0.44757,0.51448,429.7,878.2,1.0,0.44338,0.51389,425.6,877.2,1.0,0.4391,0.51332,421.5,876.2,1.0,0.45879,0.51574,440.4,880.4,1.0,0.4626,0.51603,444.1,880.9,1.0,0.46657,0.51627,447.9,881.3,1.0,0.43174,0.51709,414.5,882.7,1.0,0.47439,0.52179,455.4,890.7,1.0,0.44212,0.52441,424.4,895.2,1.0,0.4538,0.52631,435.7,898.4,1.0,0.36791,0.55369,353.2,945.1,1.0,0.50649,0.56156,486.2,958.6,1.0,0.30045,0.59387,288.4,1013.7,0.863,0.51995,0.60449,499.2,1031.9,0.414,0.26213,0.56875,251.6,970.9,0.496,0.49816,0.59208,478.2,1010.7,0.022,0.24074,0.56839,231.1,970.2,0.464,0.49897,0.58839,479.0,1004.4,0.025,0.24775,0.56022,237.8,956.3,0.452,0.49013,0.58064,470.5,991.2,0.021,0.25574,0.55913,245.5,954.4,0.37,0.48867,0.58152,469.1,992.7,0.019,0.36286,0.6605,348.3,1127.5,1.0,0.44806,0.65755,430.1,1122.4,1.0,0.28815,0.71465,276.6,1219.9,0.996,0.50867,0.67647,488.3,1154.7,0.726,0.24292,0.79852,233.2,1363.1,0.997,0.53005,0.75053,508.8,1281.2,0.822,0.24099,0.81576,231.3,1392.5,0.995,0.52625,0.76403,505.2,1304.2,0.911,0.20063,0.78943,192.6,1347.5,0.979,0.56772,0.74349,545.0,1269.1,0.56
193,5.33,960,1707,0.44792,0.51778,430.0,883.8,1.0,0.44403,0.51254,426.3,874.9,1.0,0.43985,0.51201,422.3,874.0,1.0,0.43544,0.5115,418.0,873.1,1.0,0.45523,0.51362,437.0,876.8,1.0,0.45897,0.51382,440.6,877.1,1.0,0.46298,0.51399,444.5,877.4,1.0,0.42813,0.51533,411.0,879.7,1.0,0.47104,0.51918,452.2,886.2,1.0,0.43924,0.52267,421.7,892.2,1.0,0.45108,0.52426,433.0,894.9,1.0,0.3663,0.55292,351.6,943.8,1.0,0.50501,0.55718,484.8,951.1,1.0,0.30075,0.59429,288.7,1014.4,0.876,0.52995,0.59515,508.8,1015.9,0.425,0.25709,0.56803,246.8,969.6,0.527,0.51559,0.58224,495.0,993.9,0.024,0.23274,0.56655,223.4,967.1,0.492,0.52282,0.58387,501.9,996.7,0.027,0.23969,0.55879,230.1,953.8,0.48,0.50935,0.57749,489.0,985.8,0.024,0.24953,0.55867,239.6,953.6,0.393,0.50492,0.57633,484.7,983.8,0.021,0.36295,0.66054,348.4,1127.5,1.0,0.45073,0.65667,432.7,1120.9,1.0,0.28829,0.71553,276.8,1221.4,0.997,0.50794,0.67703,487.6,1155.7,0.74,0.24304,0.79855,233.3,1363.1,0.997,0.52959,0.75037,508.4,1280.9,0.828,0.24093,0.81611,231.3,1393.1,0.995,0.52613,0.76385,505.1,1303.9,0.915,0.20061,0.78883,192.6,1346.5,0.98,0.56784,0.74327,545.1,1268.8,0.567
194,5.358,960,1707,0.44674,0.51461,428.9,878.4,1.0,0.44291,0.50991,425.2,870.4,1.0,0.43881,0.50939,421.3,869.5,1.0,0.43448,0.5089,417.1,868.7,1.0,0.45366,0.51103,435.5,872.3,1.0,0.45721,0.51129,438.9,872.8,1.0,0.46121,0.51154,442.8,873.2,1.0,0.42643,0.51287,409.4,875.5,1.0,0.46792,0.51681,449.2,882.2,1.0,0.43838,0.51979,420.8,887.3,1.0,0.44972,0.52095,431.7,889.3,1.0,0.36511,0.55138,350.5,941.2,1.0,0.50184,0.55076,481.8,940.1,1.0,0.30095,0.59437,288.9,1014.6,0.885,0.54,0.58587,518.4,1000.1,0.432,0.25993,0.56778,249.5,969.2,0.561,0.53989,0.57171,518.3,975.9,0.057,0.23595,0.5664,226.5,966.8,0.526,0.54934,0.56803,527.4,969.6,0.064,0.243,0.55862,233.3,953.6,0.513,0.53864,0.56418,517.1,963.1,0.057,0.25175,0.55873,241.7,953.8,0.426,0.53222,0.56499,510.9,964.4,0.047,0.36611,0.65999,351.5,1126.6,1.0,0.45447,0.65634,436.3,1120.4,1.0,0.29029,0.71552,278.7,1221.4,0.997,0.50777,0.67881,487.5,1158.7,0.752,0.24403,0.79817,234.3,1362.5,0.997,0.52965,0.75037,508.5,1280.9,0.824,0.24101,0.81599,231.4,1392.9,0.994,0.5265,0.76386,505.4,1303.9,0.915,0.20081,0.78856,192.8,1346.1,0.979,0.56791,0.74318,545.2,1268.6,0.559
195,5.385,960,1707,0.44642,0.51281,428.6,875.4,1.0,0.44244,0.50801,424.7,867.2,1.0,0.43808,0.50747,420.6,866.3,1.0,0.43367,0.50694,416.3,865.3,1.0,0.45321,0.50905,435.1,869.0,1.0,0.45683,0.50931,438.6,869.4,1.0,0.46067,0.50951,442.2,869.7,1.0,0.4251,0.51082,408.1,872.0,1.0,0.46605,0.51454,447.4,878.3,1.0,0.43781,0.51814,420.3,884.5,1.0,0.44869,0.51903,430.7,886.0,1.0,0.36454,0.55003,350.0,938.9,1.0,0.50036,0.54712,480.3,933.9,1.0,0.29875,0.59447,286.8,1014.8,0.892,0.55134,0.57239,529.3,977.1,0.46,0.25334,0.56521,243.2,964.8,0.591,0.552,0.54607,529.9,932.1,0.131,0.22619,0.5626,217.1,960.4,0.557,0.55621,0.54108,534.0,923.6,0.14,0.23264,0.55399,223.3,945.7,0.544,0.54506,0.53886,523.3,919.8,0.13,0.2428,0.55555,233.1,948.3,0.456,0.54124,0.54085,519.6,923.2,0.113,0.36812,0.65983,353.4,1126.3,1.0,0.45899,0.65609,440.6,1119.9,1.0,0.29117,0.71572,279.5,1221.7,0.997,0.50773,0.67882,487.4,1158.7,0.761,0.24399,0.79822,234.2,1362.6,0.996,0.52967,0.75024,508.5,1280.7,0.813,0.24118,0.81602,231.5,1392.9,0.994,0.52685,0.76369,505.8,1303.6,0.912,0.20059,0.78863,192.6,1346.2,0.977,0.56788,0.74283,545.2,1268.0,0.544
196,5.413,960,1707,0.44239,0.51223,424.7,874.4,1.0,0.43745,0.50715,420.0,865.7,1.0,0.43277,0.50674,415.5,865.0,1.0,0.42821,0.50636,411.1,864.4,1.0,0.44874,0.508,430.8,867.2,1.0,0.45241,0.50824,434.3,867.6,1.0,0.45621,0.50838,438.0,867.8,1.0,0.42071,0.51034,403.9,871.1,1.0,0.46226,0.513,443.8,875.7,1.0,0.43332,0.51791,416.0,884.1,1.0,0.4455,0.51846,427.7,885.0,1.0,0.36532,0.54878,350.7,936.8,1.0,0.5015,0.54211,481.4,925.4,1.0,0.29843,0.59405,286.5,1014.0,0.9,0.56313,0.56145,540.6,958.4,0.508,0.2501,0.56255,240.1,960.3,0.619,0.55545,0.52632,533.2,898.4,0.213,0.22318,0.55954,214.2,955.1,0.585,0.5615,0.51865,539.0,885.3,0.22,0.23243,0.55141,223.1,941.2,0.572,0.54898,0.51641,527.0,881.5,0.21,0.24364,0.55374,233.9,945.2,0.483,0.54387,0.51954,522.1,886.9,0.191,0.37008,0.65823,355.3,1123.6,1.0,0.46061,0.65486,442.2,1117.8,1.0,0.29187,0.71691,280.2,1223.8,0.997,0.50811,0.67912,487.8,1159.3,0.776,0.24206,0.8005,232.4,1366.4,0.996,0.5299,0.75016,508.7,1280.5,0.816,0.24018,0.81853,230.6,1397.2,0.994,0.52764,0.76352,506.5,1303.3,0.915,0.20055,0.78864,192.5,1346.2,0.978,0.56786,0.7419,545.1,1266.4,0.552
197,5.441,960,1707,0.441,0.51044,423.4,871.3,1.0,0.43559,0.50517,418.2,862.3,1.0,0.43092,0.50493,413.7,861.9,1.0,0.42637,0.50471,409.3,861.5,1.0,0.44691,0.50569,429.0,863.2,1.0,0.45069,0.50585,432.7,863.5,1.0,0.45442,0.50601,436.2,863.8,1.0,0.41914,0.50881,402.4,868.5,1.0,0.4612,0.51083,442.8,872.0,1.0,0.43289,0.51658,415.6,881.8,1.0,0.4448,0.51671,427.0,882.0,1.0,0.36591,0.5484,351.3,936.1,1.0,0.50229,0.53917,482.2,920.4,1.0,0.29916,0.59402,287.2,1014.0,0.907,0.56226,0.55194,539.8,942.2,0.554,0.24939,0.56149,239.4,958.5,0.647,0.55819,0.51258,535.9,875.0,0.288,0.22389,0.55939,214.9,954.9,0.613,0.56595,0.50487,543.3,861.8,0.293,0.2321,0.55153,222.8,941.5,0.601,0.5554,0.50179,533.2,856.6,0.284,0.24227,0.55329,232.6,944.5,0.512,0.5494,0.5049,527.4,861.9,0.263,0.37529,0.6566,360.3,1120.8,1.0,0.46389,0.65358,445.3,1115.7,1.0,0.29265,0.71733,280.9,1224.5,0.997,0.50847,0.67918,488.1,1159.4,0.787,0.24206,0.8002,232.4,1365.9,0.996,0.53019,0.74973,509.0,1279.8,0.814,0.24026,0.81766,230.7,1395.7,0.994,0.52801,0.76269,506.9,1301.9,0.917,0.20052,0.78877,192.5,1346.4,0.979,0.56775,0.74191,545.0,1266.4,0.554
198,5.468,960,1707,0.43779,0.50834,420.3,867.7,1.0,0.43252,0.50311,415.2,858.8,1.0,0.42806,0.50308,410.9,858.8,1.0,0.42371,0.50308,406.8,858.8,1.0,0.44385,0.50313,426.1,858.8,1.0,0.44763,0.50314,429.7,858.9,1.0,0.45131,0.50319,433.3,859.0,1.0,0.4172,0.50727,400.5,865.9,1.0,0.45895,0.50811,440.6,867.3,1.0,0.43053,0.51482,413.3,878.8,1.0,0.44274,0.51458,425.0,878.4,1.0,0.36623,0.54716,351.6,934.0,1.0,0.50237,0.53684,482.3,916.4,1.0,0.29931,0.59246,287.3,1011.3,0.913,0.561,0.54105,538.6,923.6,0.592,0.24532,0.56027,235.5,956.4,0.664,0.56216,0.5026,539.7,857.9,0.348,0.21839,0.55841,209.7,953.2,0.631,0.57054,0.49463,547.7,844.3,0.352,0.22504,0.54975,216.0,938.4,0.618,0.56,0.49208,537.6,840.0,0.341,0.23601,0.55145,226.6,941.3,0.526,0.55433,0.49488,532.2,844.8,0.316,0.38054,0.65619,365.3,1120.1,1.0,0.46963,0.65249,450.8,1113.8,1.0,0.29258,0.71876,280.9,1226.9,0.997,0.50942,0.67921,489.0,1159.4,0.795,0.24216,0.80013,232.5,1365.8,0.996,0.53036,0.74876,509.1,1278.1,0.808,0.24026,0.81765,230.7,1395.7,0.994,0.52802,0.76183,506.9,1300.4,0.918,0.20083,0.78906,192.8,1346.9,0.98,0.56665,0.74165,544.0,1266.0,0.551
199,5.496,960,1707,0.43678,0.50833,419.3,867.7,1.0,0.43175,0.50272,414.5,858.1,1.0,0.42741,0.50261,410.3,858.0,1.0,0.42315,0.5026,406.2,857.9,1.0,0.44268,0.50308,425.0,858.8,1.0,0.44625,0.50321,428.4,859.0,1.0,0.44974,0.50339,431.8,859.3,1.0,0.41714,0.50673,400.5,865.0,1.0,0.45644,0.50779,438.2,866.8,1.0,0.42907,0.51467,411.9,878.5,1.0,0.44089,0.51468,423.3,878.6,1.0,0.36645,0.5466,351.8,933.1,1.0,0.50261,0.53444,482.5,912.3,1.0,0.29999,0.59169,288.0,1010.0,0.918,0.55922,0.53629,536.9,915.5,0.623,0.24483,0.55854,235.0,953.4,0.68,0.56395,0.49918,541.4,852.1,0.4,0.21553,0.55567,206.9,948.5,0.648,0.57436,0.49193,551.4,839.7,0.402,0.22073,0.54718,211.9,934.0,0.634,0.56412,0.48919,541.6,835.0,0.389,0.23326,0.54932,223.9,937.7,0.539,0.55851,0.49129,536.2,838.6,0.359,0.382,0.65571,366.7,1119.3,1.0,0.47197,0.65209,453.1,1113.1,1.0,0.29531,0.71867,283.5,1226.8,0.997,0.51238,0.67935,491.9,1159.7,0.798,0.24325,0.7984,233.5,1362.9,0.996,0.53138,0.74881,510.1,1278.2,0.795,0.24116,0.81613,231.5,1393.1,0.994,0.52849,0.76189,507.4,1300.6,0.917,0.20179,0.78977,193.7,1348.1,0.979,0.56598,0.74196,543.3,1266.5,0.537
200,5.523,960,1707,0.4374,0.50806,419.9,867.3,1.0,0.43233,0.50273,415.0,858.2,1.0,0.42794,0.50271,410.8,858.1,1.0,0.42353,0.50276,406.6,858.2,1.0,0.44351,0.50322,425.8,859.0,1.0,0.44712,0.50346,429.2,859.4,1.0,0.45064,0.50372,432.6,859.9,1.0,0.41691,0.50662,400.2,864.8,1.0,0.45711,0.50791,438.8,867.0,1.0,0.42925,0.51435,412.1,878.0,1.0,0.44168,0.51437,424.0,878.0,1.0,0.36765,0.54603,352.9,932.1,1.0,0.50288,0.53566,482.8,914.4,1.0,0.30374,0.59167,291.6,1010.0,0.922,0.55913,0.53034,536.8,905.3,0.653,0.24816,0.55939,238.2,954.9,0.686,0.56443,0.49515,541.9,845.2,0.445,0.22093,0.55641,212.1,949.8,0.653,0.57699,0.48808,553.9,833.1,0.444,0.22611,0.54739,217.1,934.4,0.64,0.56629,0.48507,543.6,828.0,0.429,0.23777,0.55014,228.3,939.1,0.54,0.5595,0.4872,537.1,831.6,0.395,0.3847,0.65482,369.3,1117.8,1.0,0.4725,0.65068,453.6,1110.7,1.0,0.29884,0.71828,286.9,1226.1,0.997,0.51384,0.6796,493.3,1160.1,0.8,0.24325,0.79833,233.5,1362.7,0.995,0.5317,0.74862,510.4,1277.9,0.789,0.24121,0.81594,231.6,1392.8,0.993,0.52849,0.76138,507.4,1299.7,0.918,0.20176,0.79041,193.7,1349.2,0.977,0.5659,0.74173,543.3,1266.1,0.528
201,5.551,960,1707,0.4364,0.50857,418.9,868.1,1.0,0.43068,0.50328,413.5,859.1,1.0,0.42617,0.50329,409.1,859.1,1.0,0.42167,0.50335,404.8,859.2,1.0,0.44202,0.50365,424.3,859.7,1.0,0.44577,0.50384,427.9,860.1,1.0,0.44938,0.50404,431.4,860.4,1.0,0.41478,0.50694,398.2,865.4,1.0,0.45645,0.50782,438.2,866.8,1.0,0.42819,0.51478,411.1,878.7,1.0,0.44128,0.51475,423.6,878.7,1.0,0.36816,0.54585,353.4,931.8,1.0,0.50271,0.53309,482.6,910.0,1.0,0.3053,0.59166,293.1,1010.0,0.924,0.56028,0.53877,537.9,919.7,0.678,0.25001,0.55991,240.0,955.8,0.691,0.56214,0.49964,539.7,852.9,0.487,0.22399,0.55698,215.0,950.8,0.659,0.57341,0.49182,550.5,839.5,0.486,0.22906,0.54801,219.9,935.4,0.645,0.56272,0.48797,540.2,833.0,0.47,0.24058,0.55096,231.0,940.5,0.542,0.55647,0.49086,534.2,837.9,0.432,0.38539,0.65422,370.0,1116.8,1.0,0.47211,0.6498,453.2,1109.2,1.0,0.30089,0.71805,288.9,1225.7,0.997,0.51477,0.67939,494.2,1159.7,0.8,0.24378,0.79754,234.0,1361.4,0.995,0.53175,0.74845,510.5,1277.6,0.781,0.24169,0.81524,232.0,1391.6,0.993,0.52849,0.7612,507.4,1299.4,0.918,0.20225,0.7904,194.2,1349.2,0.974,0.56601,0.74146,543.4,1265.7,0.513
202,5.579,960,1707,0.43732,0.50878,419.8,868.5,1.0,0.43155,0.50338,414.3,859.3,1.0,0.42715,0.50337,410.1,859.3,1.0,0.42272,0.50344,405.8,859.4,1.0,0.44289,0.50377,425.2,859.9,1.0,0.44662,0.50395,428.8,860.2,1.0,0.4503,0.50414,432.3,860.6,1.0,0.41588,0.50675,399.2,865.0,1.0,0.45711,0.50784,438.8,866.9,1.0,0.42921,0.51466,412.0,878.5,1.0,0.44226,0.51474,424.6,878.7,1.0,0.36851,0.54557,353.8,931.3,1.0,0.50242,0.53541,482.3,913.9,1.0,0.30526,0.59135,293.1,1009.4,0.928,0.56104,0.54291,538.6,926.8,0.693,0.24664,0.55915,236.8,954.5,0.696,0.55787,0.50748,535.6,866.3,0.52,0.21953,0.55697,210.7,950.8,0.664,0.5673,0.499,544.6,851.8,0.519,0.22437,0.54791,215.4,935.3,0.65,0.55647,0.49561,534.2,846.0,0.502,0.23631,0.54988,226.9,938.6,0.544,0.55067,0.49861,528.6,851.1,0.459,0.38635,0.65422,370.9,1116.8,1.0,0.47339,0.64994,454.5,1109.4,1.0,0.30136,0.71809,289.3,1225.8,0.997,0.51577,0.67933,495.1,1159.6,0.798,0.24442,0.7969,234.6,1360.3,0.994,0.5318,0.74847,510.5,1277.6,0.771,0.24209,0.81416,232.4,1389.8,0.992,0.5285,0.76119,507.4,1299.4,0.916,0.20283,0.79044,194.7,1349.3,0.97,0.56584,0.74128,543.2,1265.4,0.495
203,5.606,960,1707,0.43766,0.50927,420.2,869.3,1.0,0.4316,0.50386,414.3,860.1,1.0,0.42718,0.50382,410.1,860.0,1.0,0.42274,0.50387,405.8,860.1,1.0,0.44281,0.50429,425.1,860.8,1.0,0.44643,0.50447,428.6,861.1,1.0,0.45005,0.50466,432.0,861.5,1.0,0.41571,0.5072,399.1,865.8,1.0,0.45654,0.50844,438.3,867.9,1.0,0.42987,0.51497,412.7,879.1,1.0,0.4428,0.5152,425.1,879.5,1.0,0.36839,0.54553,353.7,931.2,1.0,0.50036,0.53712,480.3,916.9,1.0,0.30516,0.59134,293.0,1009.4,0.93,0.55911,0.54758,536.7,934.7,0.708,0.24809,0.56047,238.2,956.7,0.703,0.55645,0.51377,534.2,877.0,0.551,0.22178,0.56021,212.9,956.3,0.672,0.56509,0.50608,542.5,863.9,0.549,0.22709,0.55076,218.0,940.1,0.657,0.55455,0.50282,532.4,858.3,0.531,0.23859,0.55152,229.0,941.4,0.551,0.54911,0.50534,527.1,862.6,0.485,0.38671,0.65439,371.2,1117.0,1.0,0.47346,0.64989,454.5,1109.4,1.0,0.30147,0.7181,289.4,1225.8,0.996,0.51616,0.67914,495.5,1159.3,0.797,0.24503,0.79694,235.2,1360.4,0.993,0.53211,0.74827,510.8,1277.3,0.763,0.24254,0.81409,232.8,1389.6,0.991,0.52854,0.76073,507.4,1298.6,0.914,0.2038,0.79096,195.6,1350.2,0.965,0.56624,0.74127,543.6,1265.4,0.479
204,5.634,960,1707,0.43777,0.50958,420.3,869.8,1.0,0.43159,0.50412,414.3,860.5,1.0,0.42731,0.50407,410.2,860.4,1.0,0.42292,0.50411,406.0,860.5,1.0,0.44278,0.50454,425.1,861.2,1.0,0.44648,0.50472,428.6,861.6,1.0,0.45026,0.50492,432.2,861.9,1.0,0.41581,0.50736,399.2,866.1,1.0,0.4568,0.50869,438.5,868.3,1.0,0.43033,0.51522,413.1,879.5,1.0,0.44319,0.51546,425.5,879.9,1.0,0.36824,0.54534,353.5,930.9,1.0,0.49987,0.53815,479.9,918.6,1.0,0.30514,0.59131,292.9,1009.4,0.929,0.55874,0.56167,536.4,958.8,0.713,0.2489,0.56062,238.9,957.0,0.699,0.55438,0.53252,532.2,909.0,0.568,0.22284,0.56031,213.9,956.5,0.668,0.56357,0.52395,541.0,894.4,0.567,0.22824,0.55094,219.1,940.5,0.654,0.55173,0.52101,529.7,889.4,0.547,0.23979,0.55175,230.2,941.8,0.545,0.54746,0.52427,525.6,894.9,0.495,0.386,0.65445,370.6,1117.1,1.0,0.47347,0.65033,454.5,1110.1,1.0,0.30107,0.71854,289.0,1226.5,0.996,0.51601,0.67913,495.4,1159.3,0.794,0.24526,0.79731,235.4,1361.0,0.991,0.53221,0.74823,510.9,1277.2,0.75,0.24275,0.81413,233.0,1389.7,0.991,0.52854,0.76074,507.4,1298.6,0.91,0.20375,0.79094,195.6,1350.1,0.96,0.56594,0.74104,543.3,1265.0,0.458
205,5.662,960,1707,0.43809,0.50872,420.6,868.4,1.0,0.43213,0.50317,414.8,858.9,1.0,0.42771,0.50318,410.6,858.9,1.0,0.42314,0.50333,406.2,859.2,1.0,0.44326,0.50337,425.5,859.2,1.0,0.44687,0.50349,429.0,859.5,1.0,0.4506,0.50367,432.6,859.8,1.0,0.41628,0.50652,399.6,864.6,1.0,0.45689,0.50772,438.6,866.7,1.0,0.43086,0.51435,413.6,878.0,1.0,0.44331,0.51458,425.6,878.4,1.0,0.36829,0.54529,353.6,930.8,1.0,0.4999,0.54003,479.9,921.8,1.0,0.30449,0.59041,292.3,1007.8,0.928,0.55753,0.57529,535.2,982.0,0.692,0.24855,0.56066,238.6,957.0,0.691,0.55281,0.54967,530.7,938.3,0.545,0.22257,0.56037,213.7,956.6,0.661,0.56041,0.54427,538.0,929.1,0.546,0.22745,0.55104,218.3,940.6,0.646,0.54794,0.53981,526.0,921.5,0.524,0.23893,0.55184,229.4,942.0,0.536,0.54298,0.54231,521.3,925.7,0.47,0.38425,0.65533,368.9,1118.7,1.0,0.46944,0.65262,450.7,1114.0,1.0,0.30097,0.71859,288.9,1226.6,0.996,0.51495,0.67679,494.4,1155.3,0.795,0.24524,0.79939,235.4,1364.6,0.991,0.53232,0.74799,511.0,1276.8,0.747,0.24267,0.8154,233.0,1391.9,0.99,0.52866,0.76052,507.5,1298.2,0.908,0.20832,0.79074,200.0,1349.8,0.954,0.56592,0.74048,543.3,1264.0,0.442
206,5.689,960,1707,0.43834,0.50898,420.8,868.8,1.0,0.4325,0.5034,415.2,859.3,1.0,0.42806,0.50339,410.9,859.3,1.0,0.42342,0.5035,406.5,859.5,1.0,0.44361,0.50368,425.9,859.8,1.0,0.44724,0.50382,429.3,860.0,1.0,0.45098,0.50401,432.9,860.3,1.0,0.41657,0.50662,399.9,864.8,1.0,0.45701,0.50803,438.7,867.2,1.0,0.43104,0.51458,413.8,878.4,1.0,0.44361,0.51487,425.9,878.9,1.0,0.36834,0.54476,353.6,929.9,1.0,0.50001,0.54181,480.0,924.9,1.0,0.30443,0.59004,292.3,1007.2,0.928,0.55113,0.58596,529.1,1000.2,0.635,0.24901,0.56054,239.0,956.8,0.676,0.53184,0.56699,510.6,967.8,0.493,0.22275,0.56027,213.8,956.4,0.646,0.52871,0.56208,507.6,959.5,0.495,0.22785,0.55105,218.7,940.6,0.63,0.52045,0.56287,499.6,960.8,0.475,0.2396,0.55182,230.0,942.0,0.52,0.52101,0.56082,500.2,957.3,0.425,0.38246,0.65729,367.2,1122.0,1.0,0.46736,0.65631,448.7,1120.3,1.0,0.30083,0.71935,288.8,1227.9,0.995,0.51406,0.67699,493.5,1155.6,0.797,0.24373,0.80221,234.0,1369.4,0.991,0.53232,0.748,511.0,1276.8,0.75,0.24187,0.81718,232.2,1394.9,0.99,0.52867,0.76056,507.5,1298.3,0.908,0.20966,0.79071,201.3,1349.7,0.95,0.56663,0.74004,544.0,1263.3,0.432
207,5.717,960,1707,0.43864,0.50916,421.1,869.1,1.0,0.43266,0.50356,415.4,859.6,1.0,0.42837,0.50354,411.2,859.5,1.0,0.42384,0.50364,406.9,859.7,1.0,0.44355,0.50386,425.8,860.1,1.0,0.44703,0.50402,429.1,860.4,1.0,0.45059,0.50421,432.6,860.7,1.0,0.41688,0.50675,400.2,865.0,1.0,0.45593,0.50819,437.7,867.5,1.0,0.43126,0.51475,414.0,878.7,1.0,0.44384,0.51508,426.1,879.2,1.0,0.36835,0.54428,353.6,929.1,1.0,0.49987,0.54312,479.9,927.1,1.0,0.30401,0.58944,291.8,1006.2,0.926,0.54247,0.5903,520.8,1007.6,0.587,0.24924,0.56058,239.3,956.9,0.655,0.52154,0.57815,500.7,986.9,0.448,0.22295,0.56029,214.0,956.4,0.626,0.52035,0.57371,499.5,979.3,0.451,0.22836,0.55111,219.2,940.7,0.609,0.5114,0.57059,490.9,974.0,0.432,0.23993,0.55191,230.3,942.1,0.499,0.50845,0.57135,488.1,975.3,0.386,0.38123,0.65775,366.0,1122.8,1.0,0.4655,0.65696,446.9,1121.4,1.0,0.30038,0.71951,288.4,1228.2,0.995,0.51242,0.67783,491.9,1157.1,0.793,0.24308,0.80351,233.4,1371.6,0.99,0.53223,0.74829,510.9,1277.3,0.745,0.24134,0.81839,231.7,1397.0,0.989,0.52859,0.76078,507.4,1298.6,0.905,0.21184,0.7907,203.4,1349.7,0.944,0.56657,0.74,543.9,1263.2,0.416
208,5.744,960,1707,0.43827,0.51014,420.7,870.8,1.0,0.43214,0.50444,414.9,861.1,1.0,0.42806,0.50448,410.9,861.2,1.0,0.42375,0.50462,406.8,861.4,1.0,0.443,0.50465,425.3,861.4,1.0,0.4465,0.50479,428.6,861.7,1.0,0.45005,0.50493,432.0,861.9,1.0,0.41703,0.50755,400.3,866.4,1.0,0.45534,0.50862,437.1,868.2,1.0,0.43123,0.51574,414.0,880.4,1.0,0.44374,0.51603,426.0,880.9,1.0,0.36838,0.54405,353.6,928.7,1.0,0.50066,0.54624,480.6,932.4,1.0,0.30184,0.58855,289.8,1004.7,0.932,0.53374,0.59645,512.4,1018.1,0.607,0.24952,0.56013,239.5,956.1,0.645,0.49617,0.58533,476.3,999.2,0.405,0.22275,0.55959,213.8,955.2,0.614,0.48965,0.5808,470.1,991.4,0.407,0.22803,0.55032,218.9,939.4,0.596,0.47648,0.57374,457.4,979.4,0.389,0.24001,0.55122,230.4,940.9,0.485,0.47543,0.57455,456.4,980.7,0.349,0.37912,0.65798,364.0,1123.2,1.0,0.46391,0.6572,445.4,1121.8,1.0,0.30024,0.71949,288.2,1228.2,0.995,0.5103,0.67902,489.9,1159.1,0.802,0.24301,0.8034,233.3,1371.4,0.991,0.53192,0.74829,510.6,1277.3,0.76,0.24139,0.81844,231.7,1397.1,0.99,0.52844,0.76078,507.3,1298.6,0.911,0.20828,0.79082,199.9,1349.9,0.948,0.5651,0.73983,542.5,1262.9,0.43
209,5.772,960,1707,0.44004,0.5113,422.4,872.8,1.0,0.43335,0.50523,416.0,862.4,1.0,0.42921,0.50522,412.0,862.4,1.0,0.42499,0.50531,408.0,862.6,1.0,0.44424,0.50552,426.5,862.9,1.0,0.44752,0.50562,429.6,863.1,1.0,0.4508,0.50571,432.8,863.2,1.0,0.41856,0.50806,401.8,867.3,1.0,0.45545,0.50927,437.2,869.3,1.0,0.4326,0.51697,415.3,882.5,1.0,0.44494,0.51747,427.1,883.3,1.0,0.36892,0.54376,354.2,928.2,1.0,0.5007,0.54882,480.7,936.8,1.0,0.30101,0.58791,289.0,1003.6,0.934,0.52245,0.60132,501.5,1026.5,0.562,0.2491,0.55959,239.1,955.2,0.623,0.49022,0.59135,470.6,1009.4,0.365,0.22186,0.55869,213.0,953.7,0.592,0.49006,0.58652,470.5,1001.2,0.368,0.22756,0.54947,218.5,937.9,0.574,0.47427,0.57945,455.3,989.1,0.352,0.23941,0.55051,229.8,939.7,0.464,0.46991,0.58074,451.1,991.3,0.315,0.37733,0.65886,362.2,1124.7,1.0,0.46062,0.65784,442.2,1122.9,1.0,0.29818,0.71978,286.3,1228.7,0.995,0.50967,0.67884,489.3,1158.8,0.804,0.24232,0.80382,232.6,1372.1,0.991,0.53194,0.74845,510.7,1277.6,0.768,0.24101,0.81906,231.4,1398.1,0.99,0.52853,0.76094,507.4,1298.9,0.913,0.20729,0.79079,199.0,1349.9,0.948,0.56514,0.73961,542.5,1262.5,0.429
210,5.8,960,1707,0.44116,0.51144,423.5,873.0,1.0,0.43441,0.50524,417.0,862.4,1.0,0.43033,0.50523,413.1,862.4,1.0,0.42619,0.50531,409.1,862.6,1.0,0.44518,0.50556,427.4,863.0,1.0,0.44845,0.50567,430.5,863.2,1.0,0.45175,0.50577,433.7,863.4,1.0,0.41949,0.50812,402.7,867.4,1.0,0.4557,0.50943,437.5,869.6,1.0,0.43372,0.5172,416.4,882.9,1.0,0.44568,0.51792,427.9,884.1,1.0,0.36892,0.54369,354.2,928.1,1.0,0.50079,0.55029,480.8,939.3,1.0,0.30062,0.58793,288.6,1003.6,0.926,0.51733,0.60483,496.6,1032.4,0.509,0.24849,0.5583,238.5,953.0,0.592,0.47928,0.59553,460.1,1016.6,0.33,0.22112,0.55619,212.3,949.4,0.563,0.48159,0.5901,462.3,1007.3,0.332,0.22604,0.54744,217.0,934.5,0.545,0.46366,0.58343,445.1,995.9,0.318,0.23746,0.54872,228.0,936.7,0.438,0.45792,0.58516,439.6,998.9,0.284,0.37566,0.65917,360.6,1125.2,1.0,0.45929,0.65822,440.9,1123.6,1.0,0.29813,0.7198,286.2,1228.7,0.994,0.50886,0.68034,488.5,1161.3,0.782,0.24232,0.80375,232.6,1372.0,0.99,0.53181,0.7486,510.5,1277.9,0.757,0.24104,0.81858,231.4,1397.3,0.99,0.52851,0.76132,507.4,1299.6,0.907,0.20698,0.79152,198.7,1351.1,0.942,0.56466,0.73945,542.1,1262.2,0.41
211,5.827,960,1707,0.44307,0.51185,425.3,873.7,1.0,0.43688,0.5053,419.4,862.5,1.0,0.4329,0.50524,415.6,862.4,1.0,0.42885,0.50531,411.7,862.6,1.0,0.44775,0.50585,429.8,863.5,1.0,0.45131,0.50603,433.3,863.8,1.0,0.45495,0.50619,436.7,864.1,1.0,0.42152,0.50813,404.7,867.4,1.0,0.45822,0.50987,439.9,870.3,1.0,0.43568,0.51747,418.3,883.3,1.0,0.44724,0.51877,429.4,885.5,1.0,0.36893,0.5437,354.2,928.1,1.0,0.50092,0.55135,480.9,941.2,1.0,0.3003,0.58801,288.3,1003.7,0.922,0.51222,0.60576,491.7,1034.0,0.461,0.24822,0.55843,238.3,953.2,0.569,0.4696,0.59248,450.8,1011.4,0.298,0.22076,0.55637,211.9,949.7,0.542,0.47102,0.58624,452.2,1000.7,0.301,0.22601,0.54775,217.0,935.0,0.524,0.45603,0.5808,437.8,991.4,0.287,0.23736,0.54884,227.9,936.9,0.418,0.4476,0.58151,429.7,992.6,0.257,0.37533,0.65979,360.3,1126.3,1.0,0.45957,0.65916,441.2,1125.2,1.0,0.29698,0.71981,285.1,1228.7,0.994,0.50754,0.68034,487.2,1161.3,0.766,0.24223,0.80354,232.5,1371.7,0.99,0.53171,0.7486,510.4,1277.9,0.751,0.24083,0.81852,231.2,1397.2,0.989,0.52851,0.76131,507.4,1299.6,0.903,0.20386,0.79138,195.7,1350.9,0.939,0.56149,0.73858,539.0,1260.8,0.398
212,5.855,960,1707,0.44308,0.51231,425.4,874.5,1.0,0.43706,0.50558,419.6,863.0,1.0,0.43316,0.50546,415.8,862.8,1.0,0.42919,0.50544,412.0,862.8,1.0,0.44789,0.50621,430.0,864.1,1.0,0.45153,0.50641,433.5,864.4,1.0,0.45528,0.50657,437.1,864.7,1.0,0.42209,0.50847,405.2,868.0,1.0,0.45893,0.51038,440.6,871.2,1.0,0.43583,0.51809,418.4,884.4,1.0,0.44728,0.51961,429.4,887.0,1.0,0.36913,0.54371,354.4,928.1,1.0,0.50159,0.55218,481.5,942.6,0.999,0.30029,0.58852,288.3,1004.6,0.919,0.50954,0.60728,489.2,1036.6,0.417,0.24913,0.55852,239.2,953.4,0.553,0.46118,0.59443,442.7,1014.7,0.269,0.22156,0.55644,212.7,949.9,0.526,0.4612,0.58859,442.7,1004.7,0.272,0.22731,0.54786,218.2,935.2,0.507,0.44318,0.58241,425.5,994.2,0.26,0.23872,0.54903,229.2,937.2,0.403,0.43811,0.58413,420.6,997.1,0.232,0.37509,0.66079,360.1,1128.0,1.0,0.45962,0.65986,441.2,1126.4,1.0,0.29577,0.71983,283.9,1228.8,0.994,0.50763,0.67872,487.3,1158.6,0.753,0.2422,0.80347,232.5,1371.5,0.991,0.53157,0.74841,510.3,1277.5,0.746,0.24073,0.81854,231.1,1397.2,0.989,0.52845,0.76128,507.3,1299.5,0.899,0.20251,0.79137,194.4,1350.9,0.937,0.56006,0.73817,537.7,1260.0,0.386
213,5.883,960,1707,0.44642,0.51436,428.6,878.0,1.0,0.44087,0.50736,423.2,866.1,1.0,0.43669,0.50696,419.2,865.4,1.0,0.43248,0.50663,415.2,864.8,1.0,0.4521,0.50825,434.0,867.6,1.0,0.45583,0.50839,437.6,867.8,1.0,0.45952,0.50849,441.1,868.0,1.0,0.42535,0.50946,408.3,869.7,1.0,0.46239,0.51186,443.9,873.7,1.0,0.43847,0.51981,420.9,887.3,1.0,0.44987,0.52168,431.9,890.5,1.0,0.36913,0.54432,354.4,929.2,1.0,0.50381,0.5525,483.7,943.1,0.999,0.30012,0.58851,288.1,1004.6,0.925,0.51083,0.60664,490.4,1035.5,0.417,0.24915,0.55846,239.2,953.3,0.551,0.46084,0.5961,442.4,1017.5,0.242,0.22149,0.55642,212.6,949.8,0.52,0.45483,0.59198,436.6,1010.5,0.245,0.22724,0.54803,218.2,935.5,0.501,0.44474,0.58666,426.9,1001.4,0.234,0.23866,0.5492,229.1,937.5,0.396,0.44025,0.58534,422.6,999.2,0.21,0.37515,0.66141,360.1,1129.0,1.0,0.45973,0.66,441.3,1126.6,1.0,0.2951,0.71986,283.3,1228.8,0.995,0.50766,0.67769,487.4,1156.8,0.766,0.24163,0.80333,232.0,1371.3,0.991,0.53156,0.7484,510.3,1277.5,0.762,0.23985,0.81855,230.3,1397.3,0.99,0.52843,0.76128,507.3,1299.5,0.905,0.20325,0.79135,195.1,1350.8,0.942,0.56012,0.73812,537.7,1260.0,0.403
214,5.91,960,1707,0.44676,0.51462,428.9,878.5,1.0,0.44125,0.5078,423.6,866.8,1.0,0.43709,0.50741,419.6,866.2,1.0,0.43291,0.50705,415.6,865.5,1.0,0.45273,0.50876,434.6,868.5,1.0,0.45667,0.50898,438.4,868.8,1.0,0.46049,0.50914,442.1,869.1,1.0,0.42626,0.5099,409.2,870.4,1.0,0.46398,0.51259,445.4,875.0,1.0,0.43867,0.52004,421.1,887.7,1.0,0.45083,0.52186,432.8,890.8,1.0,0.36991,0.54441,355.1,929.3,1.0,0.506,0.5533,485.8,944.5,0.999,0.30036,0.58852,288.3,1004.6,0.92,0.51053,0.60769,490.1,1037.3,0.377,0.25066,0.55878,240.6,953.8,0.527,0.46313,0.5958,444.6,1017.0,0.219,0.22364,0.55674,214.7,950.4,0.498,0.46175,0.59056,443.3,1008.1,0.222,0.22938,0.5488,220.2,936.8,0.479,0.44577,0.58467,427.9,998.0,0.212,0.24025,0.55005,230.6,938.9,0.376,0.44108,0.58583,423.4,1000.0,0.19,0.3752,0.66164,360.2,1129.4,1.0,0.45978,0.66021,441.4,1127.0,1.0,0.29477,0.71984,283.0,1228.8,0.994,0.50763,0.67838,487.3,1158.0,0.749,0.24162,0.80341,232.0,1371.4,0.991,0.53156,0.74844,510.3,1277.6,0.754,0.23969,0.81936,230.1,1398.6,0.99,0.52846,0.7613,507.3,1299.5,0.9,0.20232,0.79133,194.2,1350.8,0.941,0.55892,0.73812,536.6,1260.0,0.39
215,5.938,960,1707,0.4482,0.51543,430.3,879.8,1.0,0.44303,0.5088,425.3,868.5,1.0,0.4389,0.50844,421.3,867.9,1.0,0.43472,0.50805,417.3,867.2,1.0,0.45471,0.50971,436.5,870.1,1.0,0.45877,0.50996,440.4,870.5,1.0,0.46269,0.51017,444.2,870.9,1.0,0.42847,0.51081,411.3,872.0,1.0,0.4662,0.51358,447.6,876.7,1.0,0.44015,0.52096,422.5,889.3,1.0,0.45226,0.52261,434.2,892.1,1.0,0.37003,0.54541,355.2,931.0,1.0,0.50712,0.55369,486.8,945.1,0.999,0.3004,0.58908,288.4,1005.6,0.926,0.51249,0.60612,492.0,1034.7,0.388,0.25138,0.55925,241.3,954.6,0.528,0.46908,0.5964,450.3,1018.0,0.198,0.22551,0.55758,216.5,951.8,0.494,0.46412,0.59282,445.6,1011.9,0.2,0.23194,0.54977,222.7,938.5,0.475,0.45098,0.58615,432.9,1000.6,0.191,0.24214,0.55096,232.5,940.5,0.371,0.44858,0.58669,430.6,1001.5,0.171,0.37521,0.66172,360.2,1129.6,1.0,0.45987,0.66026,441.5,1127.1,1.0,0.29473,0.71984,282.9,1228.8,0.995,0.50736,0.67957,487.1,1160.0,0.752,0.24106,0.80345,231.4,1371.5,0.992,0.53154,0.74834,510.3,1277.4,0.76,0.23844,0.81982,228.9,1399.4,0.99,0.52847,0.76112,507.3,1299.2,0.905,0.20212,0.79117,194.0,1350.5,0.944,0.55902,0.73814,536.7,1260.0,0.393
216,5.965,960,1707,0.44985,0.51658,431.9,881.8,1.0,0.44515,0.51019,427.3,870.9,1.0,0.44116,0.50985,423.5,870.3,1.0,0.43704,0.50942,419.6,869.6,1.0,0.45658,0.51083,438.3,872.0,1.0,0.46072,0.511,442.3,872.3,1.0,0.46488,0.51116,446.3,872.6,1.0,0.43085,0.51216,413.6,874.3,1.0,0.46892,0.51485,450.2,878.9,1.0,0.44291,0.5223,425.2,891.6,1.0,0.45374,0.52384,435.6,894.2,1.0,0.37085,0.54606,356.0,932.1,1.0,0.50798,0.55382,487.7,945.4,0.999,0.30114,0.58908,289.1,1005.6,0.932,0.5126,0.60436,492.1,1031.6,0.402,0.25139,0.5593,241.3,954.7,0.531,0.47316,0.59612,454.2,1017.6,0.179,0.22544,0.55759,216.4,951.8,0.493,0.46912,0.59289,450.4,1012.1,0.181,0.23227,0.55002,223.0,938.9,0.473,0.45627,0.58612,438.0,1000.5,0.173,0.24237,0.55129,232.7,941.1,0.368,0.45341,0.58654,435.3,1001.2,0.155,0.37576,0.66166,360.7,1129.5,1.0,0.46018,0.66028,441.8,1127.1,1.0,0.29454,0.71989,282.8,1228.9,0.995,0.50731,0.68088,487.0,1162.3,0.76,0.24095,0.80379,231.3,1372.1,0.993,0.5315,0.74847,510.2,1277.6,0.77,0.23795,0.82079,228.4,1401.1,0.991,0.52847,0.76126,507.3,1299.5,0.909,0.20176,0.79116,193.7,1350.5,0.948,0.55934,0.73815,537.0,1260.0,0.402
217,5.993,960,1707,0.45088,0.51765,432.8,883.6,1.0,0.44669,0.51143,428.8,873.0,1.0,0.44268,0.51114,425.0,872.5,1.0,0.4386,0.51073,421.1,871.8,1.0,0.45829,0.51191,440.0,873.8,1.0,0.46243,0.51207,443.9,874.1,1.0,0.4666,0.51226,447.9,874.4,1.0,0.43294,0.51345,415.6,876.5,1.0,0.47126,0.51603,452.4,880.9,1.0,0.44421,0.52353,426.4,893.7,1.0,0.45494,0.52499,436.7,896.2,1.0,0.37183,0.54668,357.0,933.2,1.0,0.50811,0.55353,487.8,944.9,0.999,0.30266,0.58909,290.6,1005.6,0.938,0.51432,0.60397,493.8,1031.0,0.419,0.25191,0.55985,241.8,955.7,0.54,0.47368,0.59713,454.7,1019.3,0.162,0.22591,0.55824,216.9,952.9,0.499,0.46777,0.59448,449.1,1014.8,0.164,0.23371,0.55065,224.4,940.0,0.479,0.45547,0.58793,437.3,1003.6,0.156,0.24354,0.55192,233.8,942.1,0.373,0.45377,0.58819,435.6,1004.0,0.14,0.37659,0.66246,361.5,1130.8,1.0,0.46023,0.66082,441.8,1128.0,1.0,0.29448,0.71991,282.7,1228.9,0.996,0.50754,0.68084,487.2,1162.2,0.772,0.2411,0.80374,231.5,1372.0,0.993,0.53149,0.74857,510.2,1277.8,0.782,0.23819,0.82073,228.7,1401.0,0.992,0.5285,0.7615,507.4,1299.9,0.915,0.20078,0.79115,192.7,1350.5,0.952,0.55917,0.73817,536.8,1260.1,0.42
218,6.021,960,1707,0.45427,0.51845,436.1,885.0,1.0,0.45009,0.51222,432.1,874.4,1.0,0.44572,0.5119,427.9,873.8,1.0,0.44144,0.51148,423.8,873.1,1.0,0.46246,0.51287,444.0,875.5,1.0,0.46684,0.5132,448.2,876.0,1.0,0.47117,0.51362,452.3,876.7,1.0,0.4352,0.51398,417.8,877.4,1.0,0.47597,0.51737,456.9,883.1,1.0,0.44657,0.52426,428.7,894.9,1.0,0.45821,0.52596,439.9,897.8,1.0,0.37356,0.54712,358.6,933.9,1.0,0.50846,0.5536,488.1,945.0,0.999,0.30408,0.58887,291.9,1005.2,0.943,0.51543,0.60534,494.8,1033.3,0.422,0.25188,0.55984,241.8,955.7,0.545,0.47454,0.59847,455.6,1021.6,0.146,0.22567,0.55824,216.6,952.9,0.5,0.46894,0.59594,450.2,1017.3,0.148,0.23365,0.55051,224.3,939.7,0.48,0.45698,0.58935,438.7,1006.0,0.141,0.24347,0.55187,233.7,942.0,0.372,0.4551,0.58961,436.9,1006.5,0.127,0.37793,0.66243,362.8,1130.8,1.0,0.46044,0.66075,442.0,1127.9,1.0,0.29449,0.71974,282.7,1228.6,0.996,0.50786,0.68082,487.5,1162.2,0.775,0.2411,0.80326,231.5,1371.2,0.994,0.53148,0.74882,510.2,1278.2,0.789,0.23821,0.82076,228.7,1401.0,0.992,0.52844,0.76182,507.3,1300.4,0.918,0.19975,0.79106,191.8,1350.3,0.955,0.55922,0.73819,536.9,1260.1,0.425
219,6.048,960,1707,0.45873,0.51947,440.4,886.7,1.0,0.45499,0.51337,436.8,876.3,1.0,0.4505,0.51294,432.5,875.6,1.0,0.446,0.51242,428.2,874.7,1.0,0.46689,0.51418,448.2,877.7,1.0,0.47112,0.51454,452.3,878.3,1.0,0.4755,0.51501,456.5,879.1,1.0,0.43903,0.51459,421.5,878.4,1.0,0.48048,0.51916,461.3,886.2,1.0,0.45014,0.52511,432.1,896.4,1.0,0.46114,0.52712,442.7,899.8,1.0,0.37397,0.5485,359.0,936.3,1.0,0.51032,0.55416,489.9,946.0,0.999,0.30424,0.58858,292.1,1004.7,0.947,0.51577,0.6054,495.1,1033.4,0.431,0.25002,0.55989,240.0,955.7,0.55,0.47465,0.5982,455.7,1021.1,0.132,0.22314,0.55825,214.2,952.9,0.502,0.46902,0.59527,450.3,1016.1,0.134,0.23104,0.55049,221.8,939.7,0.482,0.45701,0.58862,438.7,1004.8,0.128,0.24118,0.55188,231.5,942.1,0.373,0.45522,0.58898,437.0,1005.4,0.115,0.3786,0.66254,363.5,1131.0,1.0,0.4613,0.66071,442.8,1127.8,1.0,0.29503,0.71962,283.2,1228.4,0.996,0.50843,0.6819,488.1,1164.0,0.78,0.24143,0.80325,231.8,1371.1,0.994,0.53149,0.74914,510.2,1278.8,0.796,0.23833,0.82072,228.8,1401.0,0.993,0.52845,0.76211,507.3,1300.9,0.922,0.20341,0.79123,195.3,1350.6,0.958,0.55923,0.73844,536.9,1260.5,0.436
220,6.076,960,1707,0.46362,0.5202,445.1,888.0,1.0,0.45991,0.51412,441.5,877.6,1.0,0.45528,0.51358,437.1,876.7,1.0,0.45052,0.51297,432.5,875.6,1.0,0.47174,0.51519,452.9,879.4,1.0,0.4757,0.51564,456.7,880.2,1.0,0.47987,0.51621,460.7,881.2,1.0,0.44278,0.51496,425.1,879.0,1.0,0.48458,0.52075,465.2,888.9,1.0,0.45359,0.52589,435.4,897.7,1.0,0.46469,0.52784,446.1,901.0,1.0,0.37405,0.54959,359.1,938.2,1.0,0.51227,0.55611,491.8,949.3,0.999,0.30418,0.58854,292.0,1004.6,0.951,0.5162,0.60613,495.5,1034.7,0.452,0.24821,0.5601,238.3,956.1,0.551,0.47495,0.59727,455.9,1019.5,0.121,0.22287,0.56289,214.0,960.9,0.502,0.47009,0.59379,451.3,1013.6,0.122,0.23136,0.5534,222.1,944.7,0.482,0.45788,0.58712,439.6,1002.2,0.116,0.23869,0.55188,229.1,942.1,0.372,0.45566,0.5876,437.4,1003.0,0.105,0.37969,0.66304,364.5,1131.8,1.0,0.4624,0.66093,443.9,1128.2,1.0,0.29506,0.71967,283.3,1228.5,0.997,0.5095,0.68306,489.1,1166.0,0.792,0.24143,0.80328,231.8,1371.2,0.995,0.53124,0.74975,510.0,1279.8,0.81,0.23832,0.82078,228.8,1401.1,0.994,0.52769,0.76269,506.6,1301.9,0.927,0.20545,0.7913,197.2,1350.7,0.962,0.56076,0.73928,538.3,1261.9,0.461
221,6.103,960,1707,0.4687,0.5217,450.0,890.5,1.0,0.46448,0.51577,445.9,880.4,1.0,0.45993,0.51515,441.5,879.4,1.0,0.45513,0.51443,436.9,878.1,1.0,0.47565,0.51714,456.6,882.8,1.0,0.47924,0.5177,460.1,883.7,1.0,0.48308,0.51836,463.8,884.8,1.0,0.44668,0.51614,428.8,881.1,1.0,0.48762,0.52288,468.1,892.6,1.0,0.45797,0.52812,439.7,901.5,1.0,0.46883,0.52963,450.1,904.1,1.0,0.37563,0.55029,360.6,939.3,1.0,0.51293,0.55842,492.4,953.2,0.999,0.30439,0.5876,292.2,1003.0,0.954,0.51633,0.60644,495.7,1035.2,0.453,0.24828,0.5606,238.4,956.9,0.544,0.47556,0.59743,456.5,1019.8,0.109,0.22662,0.565,217.6,964.5,0.493,0.4702,0.59359,451.4,1013.3,0.111,0.23656,0.55573,227.1,948.6,0.473,0.46045,0.58803,442.0,1003.8,0.106,0.24826,0.55629,238.3,949.6,0.364,0.4566,0.58737,438.3,1002.6,0.095,0.37998,0.66307,364.8,1131.9,1.0,0.46289,0.66153,444.4,1129.2,1.0,0.29506,0.71972,283.3,1228.6,0.997,0.5101,0.6849,489.7,1169.1,0.801,0.24141,0.8034,231.8,1371.4,0.995,0.53092,0.74993,509.7,1280.1,0.821,0.23796,0.82137,228.4,1402.1,0.994,0.52689,0.76308,505.8,1302.6,0.931,0.20564,0.79124,197.4,1350.7,0.965,0.56122,0.73966,538.8,1262.6,0.482
222,6.131,960,1707,0.47497,0.52221,456.0,891.4,1.0,0.46995,0.51651,451.2,881.7,1.0,0.46528,0.51589,446.7,880.6,1.0,0.46058,0.5152,442.2,879.5,1.0,0.48162,0.51822,462.4,884.6,1.0,0.48533,0.51901,465.9,886.0,1.0,0.48924,0.51992,469.7,887.5,1.0,0.45072,0.51684,432.7,882.2,1.0,0.49271,0.52494,473.0,896.1,1.0,0.46276,0.52874,444.2,902.6,1.0,0.47422,0.53047,455.3,905.5,1.0,0.37657,0.55142,361.5,941.3,1.0,0.51393,0.56065,493.4,957.0,1.0,0.30438,0.58629,292.2,1000.8,0.958,0.51625,0.60729,495.6,1036.6,0.482,0.24434,0.56058,234.6,956.9,0.561,0.48195,0.59672,462.7,1018.6,0.101,0.2213,0.56447,212.5,963.6,0.507,0.47734,0.59288,458.2,1012.0,0.103,0.23174,0.55529,222.5,947.9,0.487,0.4664,0.58773,447.7,1003.3,0.097,0.23731,0.55541,227.8,948.1,0.378,0.46333,0.58691,444.8,1001.8,0.088,0.38072,0.66346,365.5,1132.5,1.0,0.46524,0.66177,446.6,1129.6,1.0,0.29502,0.71959,283.2,1228.3,0.997,0.51014,0.68626,489.7,1171.4,0.81,0.24067,0.80396,231.0,1372.4,0.996,0.53092,0.75061,509.7,1281.3,0.833,0.23633,0.82217,226.9,1403.4,0.995,0.52676,0.76356,505.7,1303.4,0.935,0.2059,0.79124,197.7,1350.6,0.968,0.56176,0.73996,539.3,1263.1,0.509
223,6.159,960,1707,0.47908,0.52574,459.9,897.4,1.0,0.47551,0.51965,456.5,887.0,1.0,0.47134,0.51895,452.5,885.9,1.0,0.46703,0.51818,448.3,884.5,1.0,0.48538,0.52148,466.0,890.2,1.0,0.48867,0.52231,469.1,891.6,1.0,0.49235,0.52323,472.7,893.2,1.0,0.45611,0.51987,437.9,887.4,1.0,0.49516,0.5285,475.4,902.1,1.0,0.46842,0.53292,449.7,909.7,1.0,0.47712,0.53447,458.0,912.3,1.0,0.378,0.55312,362.9,944.2,1.0,0.51511,0.56365,494.5,962.1,1.0,0.30555,0.58588,293.3,1000.1,0.961,0.51079,0.60835,490.4,1038.5,0.493,0.24468,0.56078,234.9,957.3,0.575,0.47936,0.59765,460.2,1020.2,0.093,0.2193,0.56059,210.5,956.9,0.52,0.47483,0.59403,455.8,1014.0,0.095,0.22752,0.55192,218.4,942.1,0.5,0.4637,0.58791,445.2,1003.6,0.089,0.236,0.55481,226.6,947.1,0.391,0.46092,0.58785,442.5,1003.5,0.081,0.38099,0.66523,365.8,1135.5,1.0,0.46603,0.66305,447.4,1131.8,1.0,0.29496,0.71954,283.2,1228.3,0.997,0.51061,0.68948,490.2,1176.9,0.817,0.24056,0.80391,230.9,1372.3,0.996,0.53057,0.7511,509.3,1282.1,0.84,0.23585,0.82225,226.4,1403.6,0.995,0.5258,0.76422,504.8,1304.5,0.938,0.20293,0.7911,194.8,1350.4,0.971,0.56238,0.7402,539.9,1263.5,0.525
224,6.186,960,1707,0.47905,0.52758,459.9,900.6,1.0,0.47652,0.52138,457.5,890.0,1.0,0.47279,0.52075,453.9,888.9,1.0,0.46905,0.52007,450.3,887.8,1.0,0.48625,0.52337,466.8,893.4,1.0,0.48964,0.52433,470.1,895.0,1.0,0.4935,0.52543,473.8,896.9,1.0,0.46014,0.522,441.7,891.1,1.0,0.49592,0.53132,476.1,907.0,1.0,0.46845,0.53452,449.7,912.4,1.0,0.477,0.53649,457.9,915.8,1.0,0.37972,0.55528,364.5,947.9,1.0,0.51613,0.56725,495.5,968.3,1.0,0.30786,0.58466,295.5,998.0,0.964,0.51149,0.60837,491.0,1038.5,0.509,0.24493,0.56053,235.1,956.8,0.603,0.48458,0.59906,465.2,1022.6,0.085,0.21816,0.56146,209.4,958.4,0.548,0.48123,0.59573,462.0,1016.9,0.087,0.22369,0.54963,214.7,938.2,0.529,0.4698,0.58923,451.0,1005.8,0.082,0.23277,0.55276,223.5,943.6,0.419,0.4668,0.58943,448.1,1006.2,0.074,0.38273,0.66725,367.4,1139.0,1.0,0.4676,0.66487,448.9,1134.9,1.0,0.29494,0.71957,283.1,1228.3,0.998,0.51108,0.6907,490.6,1179.0,0.824,0.24056,0.8038,230.9,1372.1,0.996,0.53023,0.75129,509.0,1282.5,0.847,0.23535,0.82228,225.9,1403.6,0.995,0.52534,0.76427,504.3,1304.6,0.941,0.2043,0.79093,196.1,1350.1,0.973,0.56269,0.74075,540.2,1264.5,0.54
225,6.214,960,1707,0.48259,0.52827,463.3,901.8,1.0,0.47994,0.52211,460.7,891.2,1.0,0.47603,0.5214,457.0,890.0,1.0,0.47205,0.52071,453.2,888.8,1.0,0.49003,0.52433,470.4,895.0,1.0,0.49335,0.52528,473.6,896.7,1.0,0.49703,0.52635,477.1,898.5,1.0,0.46369,0.5228,445.1,892.4,1.0,0.49874,0.53193,478.8,908.0,1.0,0.47098,0.53476,452.1,912.8,1.0,0.48042,0.53713,461.2,916.9,1.0,0.38263,0.55558,367.3,948.4,1.0,0.518,0.57047,497.3,973.8,1.0,0.30772,0.58375,295.4,996.5,0.967,0.50882,0.61298,488.5,1046.4,0.514,0.24508,0.56036,235.3,956.5,0.625,0.48495,0.60191,465.5,1027.5,0.078,0.21849,0.56292,209.8,960.9,0.57,0.48176,0.59848,462.5,1021.6,0.08,0.22613,0.55294,217.1,943.9,0.551,0.4708,0.59141,452.0,1009.5,0.075,0.23301,0.55211,223.7,942.4,0.441,0.46778,0.59174,449.1,1010.1,0.068,0.38287,0.66758,367.6,1139.6,1.0,0.4699,0.66583,451.1,1136.6,1.0,0.29491,0.71958,283.1,1228.3,0.998,0.51103,0.68983,490.6,1177.5,0.831,0.24068,0.80379,231.1,1372.1,0.997,0.53018,0.75146,509.0,1282.7,0.855,0.23536,0.82225,225.9,1403.6,0.996,0.5253,0.76455,504.3,1305.1,0.944,0.20255,0.79043,194.4,1349.3,0.975,0.56329,0.74098,540.8,1264.9,0.556
226,6.242,960,1707,0.48288,0.52811,463.6,901.5,1.0,0.48009,0.52204,460.9,891.1,1.0,0.47579,0.52131,456.8,889.9,1.0,0.47151,0.52058,452.7,888.6,1.0,0.4909,0.52439,471.3,895.1,1.0,0.49434,0.52548,474.6,897.0,1.0,0.49807,0.52669,478.2,899.1,1.0,0.46376,0.52277,445.2,892.4,1.0,0.50141,0.53267,481.4,909.3,1.0,0.47086,0.53429,452.0,912.0,1.0,0.4816,0.53688,462.3,916.5,1.0,0.38361,0.55582,368.3,948.8,1.0,0.52048,0.57333,499.7,978.7,1.0,0.3078,0.58315,295.5,995.4,0.967,0.49794,0.61301,478.0,1046.4,0.467,0.24514,0.56036,235.3,956.5,0.64,0.47682,0.60361,457.8,1030.4,0.071,0.21866,0.55986,209.9,955.7,0.585,0.47982,0.59929,460.6,1023.0,0.074,0.22402,0.5519,215.1,942.1,0.566,0.46695,0.59263,448.3,1011.6,0.069,0.23244,0.55212,223.1,942.5,0.453,0.46053,0.59368,442.1,1013.4,0.063,0.3827,0.66765,367.4,1139.7,1.0,0.46974,0.66644,451.0,1137.6,1.0,0.29474,0.71961,283.0,1228.4,0.998,0.50927,0.68973,488.9,1177.4,0.809,0.24068,0.80369,231.1,1371.9,0.997,0.53019,0.75144,509.0,1282.7,0.842,0.2348,0.82222,225.4,1403.5,0.995,0.5255,0.76456,504.5,1305.1,0.937,0.20193,0.78979,193.9,1348.2,0.975,0.56373,0.74107,541.2,1265.0,0.539
227,6.269,960,1707,0.48224,0.52894,463.0,902.9,1.0,0.47968,0.52307,460.5,892.9,1.0,0.4754,0.52228,456.4,891.5,1.0,0.47115,0.52146,452.3,890.1,1.0,0.49027,0.52541,470.7,896.9,1.0,0.49374,0.52654,474.0,898.8,1.0,0.49761,0.52784,477.7,901.0,1.0,0.46358,0.52354,445.0,893.7,1.0,0.50173,0.53395,481.7,911.4,1.0,0.47038,0.53516,451.6,913.5,1.0,0.48117,0.53766,461.9,917.8,1.0,0.38646,0.55727,371.0,951.3,1.0,0.52386,0.57424,502.9,980.2,1.0,0.30772,0.58245,295.4,994.2,0.968,0.49851,0.61176,478.6,1044.3,0.425,0.24251,0.55885,232.8,953.9,0.664,0.47588,0.60249,456.8,1028.5,0.066,0.21337,0.55408,204.8,945.8,0.61,0.47968,0.59831,460.5,1021.3,0.069,0.21827,0.54723,209.5,934.1,0.592,0.4653,0.59181,446.7,1010.2,0.065,0.22804,0.54926,218.9,937.6,0.479,0.45815,0.59289,439.8,1012.1,0.059,0.38282,0.66876,367.5,1141.6,1.0,0.47056,0.66712,451.7,1138.8,1.0,0.29462,0.7197,282.8,1228.5,0.998,0.50926,0.69273,488.9,1182.5,0.803,0.24064,0.80367,231.0,1371.9,0.997,0.52998,0.75155,508.8,1282.9,0.835,0.23462,0.82232,225.2,1403.7,0.995,0.52548,0.7647,504.5,1305.3,0.932,0.20134,0.78897,193.3,1346.8,0.976,0.56366,0.74205,541.1,1266.7,0.532
228,6.297,960,1707,0.48455,0.52947,465.2,903.8,1.0,0.48229,0.52369,463.0,893.9,1.0,0.47802,0.52284,458.9,892.5,1.0,0.47374,0.52197,454.8,891.0,1.0,0.49295,0.52611,473.2,898.1,1.0,0.49655,0.52729,476.7,900.1,1.0,0.50064,0.52866,480.6,902.4,1.0,0.46547,0.52397,446.8,894.4,1.0,0.50491,0.53488,484.7,913.0,1.0,0.47205,0.53562,453.2,914.3,1.0,0.48305,0.53827,463.7,918.8,1.0,0.3885,0.55744,373.0,951.5,1.0,0.52618,0.57581,505.1,982.9,1.0,0.30824,0.58235,295.9,994.1,0.97,0.499,0.6112,479.0,1043.3,0.392,0.24196,0.55806,232.3,952.6,0.689,0.48035,0.60109,461.1,1026.1,0.063,0.2128,0.55237,204.3,942.9,0.638,0.48795,0.59617,468.4,1017.7,0.069,0.21762,0.54483,208.9,930.0,0.62,0.47336,0.58917,454.4,1005.7,0.064,0.22711,0.54707,218.0,933.8,0.509,0.46459,0.5907,446.0,1008.3,0.057,0.3828,0.66922,367.5,1142.4,1.0,0.47047,0.66792,451.6,1140.1,1.0,0.29436,0.71961,282.6,1228.4,0.998,0.50915,0.69236,488.8,1181.9,0.808,0.2406,0.80353,231.0,1371.6,0.997,0.52999,0.75159,508.8,1283.0,0.84,0.23453,0.82226,225.1,1403.6,0.996,0.52573,0.7647,504.7,1305.3,0.933,0.20104,0.78876,193.0,1346.4,0.978,0.565,0.74218,542.4,1266.9,0.547
229,6.324,960,1707,0.48571,0.53036,466.3,905.3,1.0,0.48314,0.52452,463.8,895.3,1.0,0.47874,0.52362,459.6,893.8,1.0,0.47435,0.5227,455.4,892.2,1.0,0.49393,0.52694,474.2,899.5,1.0,0.49753,0.52813,477.6,901.5,1.0,0.50161,0.52957,481.5,904.0,1.0,0.466,0.52474,447.4,895.7,1.0,0.50595,0.53587,485.7,914.7,1.0,0.47311,0.53646,454.2,915.7,1.0,0.48436,0.53927,465.0,920.5,1.0,0.38904,0.55843,373.5,953.2,1.0,0.52668,0.57721,505.6,985.3,1.0,0.30807,0.58171,295.7,993.0,0.97,0.49795,0.61381,478.0,1047.8,0.359,0.24171,0.55831,232.0,953.0,0.706,0.4772,0.60451,458.1,1031.9,0.059,0.21328,0.55332,204.8,944.5,0.656,0.48299,0.59992,463.7,1024.1,0.065,0.21806,0.54556,209.3,931.3,0.639,0.46741,0.59358,448.7,1013.2,0.06,0.22719,0.54745,218.1,934.5,0.526,0.45972,0.59491,441.3,1015.5,0.054,0.3815,0.66905,366.2,1142.1,1.0,0.46928,0.66814,450.5,1140.5,1.0,0.29354,0.71959,281.8,1228.3,0.998,0.50862,0.6919,488.3,1181.1,0.804,0.24066,0.80352,231.0,1371.6,0.997,0.53021,0.75164,509.0,1283.0,0.84,0.2347,0.82225,225.3,1403.6,0.996,0.52728,0.76471,506.2,1305.4,0.931,0.19971,0.78854,191.7,1346.0,0.979,0.5657,0.74249,543.1,1267.4,0.549
230,6.352,960,1707,0.48894,0.53126,469.4,906.9,1.0,0.4861,0.52529,466.7,896.7,1.0,0.48158,0.52422,462.3,894.8,1.0,0.47698,0.52313,457.9,893.0,1.0,0.49667,0.52809,476.8,901.5,1.0,0.50005,0.52934,480.0,903.6,1.0,0.50392,0.53078,483.8,906.0,1.0,0.46752,0.52499,448.8,896.2,1.0,0.50761,0.53684,487.3,916.4,1.0,0.47564,0.53707,456.6,916.8,1.0,0.48707,0.53997,467.6,921.7,1.0,0.38837,0.55913,372.8,954.4,1.0,0.52675,0.57846,505.7,987.4,1.0,0.30486,0.58171,292.7,993.0,0.972,0.49916,0.61655,479.2,1052.4,0.333,0.2372,0.55611,227.7,949.3,0.727,0.48558,0.60074,466.2,1025.5,0.057,0.20927,0.54959,200.9,938.1,0.68,0.49095,0.59967,471.3,1023.6,0.065,0.21607,0.54326,207.4,927.3,0.663,0.47309,0.59282,454.2,1011.9,0.06,0.2252,0.54538,216.2,931.0,0.553,0.46606,0.59473,447.4,1015.2,0.053,0.37983,0.66897,364.6,1141.9,1.0,0.46814,0.66843,449.4,1141.0,1.0,0.2933,0.71954,281.6,1228.3,0.998,0.50863,0.69185,488.3,1181.0,0.809,0.24061,0.80364,231.0,1371.8,0.997,0.53023,0.75205,509.0,1283.7,0.843,0.23517,0.82225,225.8,1403.6,0.996,0.52791,0.76513,506.8,1306.1,0.932,0.20074,0.78858,192.7,1346.1,0.98,0.56689,0.7427,544.2,1267.8,0.56
231,6.38,960,1707,0.4887,0.53399,469.2,911.5,1.0,0.48664,0.52781,467.2,901.0,1.0,0.48244,0.52665,463.1,899.0,1.0,0.47808,0.52541,459.0,896.9,1.0,0.49658,0.53051,476.7,905.6,1.0,0.49998,0.5317,480.0,907.6,1.0,0.50397,0.53305,483.8,909.9,1.0,0.46844,0.52677,449.7,899.2,1.0,0.50718,0.5391,486.9,920.3,1.0,0.47597,0.53965,456.9,921.2,1.0,0.48672,0.5428,467.3,926.6,1.0,0.38805,0.56,372.5,955.9,1.0,0.52648,0.57983,505.4,989.8,1.0,0.30492,0.5825,292.7,994.3,0.972,0.49991,0.61574,479.9,1051.1,0.304,0.23814,0.55799,228.6,952.5,0.736,0.48952,0.59819,469.9,1021.1,0.054,0.21238,0.55124,203.9,941.0,0.689,0.49437,0.59824,474.6,1021.2,0.062,0.21714,0.54461,208.5,929.7,0.672,0.4748,0.59231,455.8,1011.1,0.057,0.22603,0.5471,217.0,933.9,0.56,0.47017,0.59398,451.4,1013.9,0.051,0.37779,0.6689,362.7,1141.8,1.0,0.46652,0.66899,447.9,1142.0,1.0,0.29296,0.71938,281.2,1228.0,0.998,0.50864,0.69212,488.3,1181.4,0.801,0.24055,0.80363,230.9,1371.8,0.997,0.53015,0.75207,508.9,1283.8,0.837,0.23542,0.82227,226.0,1403.6,0.996,0.5281,0.76514,507.0,1306.1,0.928,0.19947,0.78857,191.5,1346.1,0.981,0.56692,0.74292,544.2,1268.2,0.552
232,6.407,960,1707,0.48944,0.53551,469.9,914.1,1.0,0.48784,0.52902,468.3,903.0,1.0,0.48361,0.52772,464.3,900.8,1.0,0.47923,0.52634,460.1,898.5,1.0,0.49786,0.53195,477.9,908.0,1.0,0.50136,0.5332,481.3,910.2,1.0,0.50543,0.53464,485.2,912.6,1.0,0.46922,0.52734,450.4,900.2,1.0,0.50854,0.54067,488.2,922.9,1.0,0.47665,0.54091,457.6,923.3,1.0,0.48764,0.54437,468.1,929.2,1.0,0.38797,0.56091,372.5,957.5,1.0,0.52641,0.58106,505.4,991.9,1.0,0.3049,0.58302,292.7,995.2,0.972,0.5003,0.61505,480.3,1049.9,0.279,0.2382,0.5586,228.7,953.5,0.746,0.48896,0.59605,469.4,1017.5,0.05,0.21249,0.55178,204.0,941.9,0.697,0.49279,0.59661,473.1,1018.4,0.059,0.21769,0.5448,209.0,930.0,0.681,0.47477,0.5904,455.8,1007.8,0.054,0.22657,0.54724,217.5,934.1,0.567,0.46953,0.59288,450.8,1012.1,0.048,0.37601,0.66892,361.0,1141.8,1.0,0.46579,0.66924,447.2,1142.4,1.0,0.29203,0.71943,280.3,1228.1,0.998,0.50865,0.69261,488.3,1182.3,0.794,0.24044,0.80357,230.8,1371.7,0.997,0.53022,0.7524,509.0,1284.4,0.828,0.23544,0.82226,226.0,1403.6,0.995,0.52907,0.76551,507.9,1306.7,0.923,0.20084,0.78859,192.8,1346.1,0.981,0.56705,0.74309,544.4,1268.5,0.54
233,6.435,960,1707,0.48886,0.53642,469.3,915.7,1.0,0.48731,0.52979,467.8,904.4,1.0,0.48303,0.52851,463.7,902.2,1.0,0.47863,0.52715,459.5,899.8,1.0,0.49739,0.53275,477.5,909.4,1.0,0.50081,0.53392,480.8,911.4,1.0,0.50475,0.53529,484.6,913.7,1.0,0.46897,0.52834,450.2,901.9,1.0,0.50758,0.54108,487.3,923.6,1.0,0.47597,0.54164,456.9,924.6,1.0,0.48709,0.54519,467.6,930.6,1.0,0.38769,0.56162,372.2,958.7,1.0,0.52621,0.58155,505.2,992.7,1.0,0.30488,0.58299,292.7,995.2,0.973,0.50071,0.61464,480.7,1049.2,0.256,0.23875,0.55861,229.2,953.5,0.761,0.48871,0.59479,469.2,1015.3,0.048,0.21283,0.55243,204.3,943.0,0.713,0.4917,0.59572,472.0,1016.9,0.057,0.21803,0.54518,209.3,930.6,0.697,0.47435,0.5893,455.4,1005.9,0.052,0.22688,0.54735,217.8,934.3,0.584,0.46936,0.59208,450.6,1010.7,0.046,0.37512,0.66887,360.1,1141.8,1.0,0.46494,0.66914,446.3,1142.2,1.0,0.29103,0.71947,279.4,1228.1,0.998,0.50822,0.69258,487.9,1182.2,0.791,0.24006,0.80408,230.5,1372.6,0.998,0.53039,0.75247,509.2,1284.5,0.826,0.23552,0.82231,226.1,1403.7,0.996,0.5298,0.76548,508.6,1306.7,0.921,0.20065,0.78857,192.6,1346.1,0.982,0.56691,0.74304,544.2,1268.4,0.542
234,6.462,960,1707,0.48862,0.5361,469.1,915.1,1.0,0.48732,0.52946,467.8,903.8,1.0,0.48307,0.52818,463.7,901.6,1.0,0.47869,0.52685,459.5,899.3,1.0,0.49756,0.53256,477.7,909.1,1.0,0.50103,0.53379,481.0,911.2,1.0,0.50501,0.5352,484.8,913.6,1.0,0.46904,0.52828,450.3,901.8,1.0,0.50779,0.54103,487.5,923.5,1.0,0.4755,0.54122,456.5,923.9,1.0,0.48685,0.54471,467.4,929.8,1.0,0.38833,0.56152,372.8,958.5,1.0,0.52642,0.58168,505.4,992.9,1.0,0.30521,0.58288,293.0,995.0,0.973,0.5009,0.6144,480.9,1048.8,0.235,0.23989,0.55943,230.3,954.9,0.771,0.48838,0.59456,468.8,1014.9,0.045,0.21517,0.55469,206.6,946.9,0.724,0.49165,0.59567,472.0,1016.8,0.055,0.2182,0.54633,209.5,932.6,0.708,0.47421,0.58928,455.2,1005.9,0.05,0.22745,0.54912,218.3,937.3,0.594,0.4687,0.59178,449.9,1010.2,0.044,0.37493,0.66795,359.9,1140.2,1.0,0.46478,0.66903,446.2,1142.0,1.0,0.29055,0.71965,278.9,1228.4,0.998,0.50775,0.69247,487.4,1182.1,0.781,0.23982,0.80406,230.2,1372.5,0.998,0.53029,0.75231,509.1,1284.2,0.82,0.23553,0.82228,226.1,1403.6,0.996,0.52975,0.76536,508.6,1306.5,0.917,0.20048,0.78854,192.5,1346.0,0.983,0.567,0.743,544.3,1268.3,0.54
235,6.49,960,1707,0.48958,0.53603,470.0,915.0,1.0,0.48799,0.52938,468.5,903.6,1.0,0.48362,0.52806,464.3,901.4,1.0,0.47921,0.52673,460.0,899.1,1.0,0.49864,0.53271,478.7,909.3,1.0,0.50206,0.53398,482.0,911.5,1.0,0.50585,0.53535,485.6,913.8,1.0,0.46969,0.52835,450.9,901.9,1.0,0.50806,0.54089,487.7,923.3,1.0,0.47568,0.5411,456.7,923.7,1.0,0.48743,0.54483,467.9,930.0,1.0,0.3889,0.56162,373.3,958.7,1.0,0.52669,0.58225,505.6,993.9,1.0,0.30568,0.58294,293.5,995.1,0.974,0.5002,0.61432,480.2,1048.6,0.217,0.24196,0.56041,232.3,956.6,0.783,0.48649,0.59405,467.0,1014.0,0.043,0.21775,0.55697,209.0,950.8,0.736,0.49051,0.59452,470.9,1014.9,0.053,0.21942,0.54824,210.6,935.8,0.72,0.47334,0.58816,454.4,1004.0,0.049,0.22882,0.5506,219.7,939.9,0.607,0.46721,0.59065,448.5,1008.2,0.043,0.37446,0.66702,359.5,1138.6,1.0,0.4643,0.66871,445.7,1141.5,1.0,0.29034,0.71946,278.7,1228.1,0.998,0.50703,0.69228,486.7,1181.7,0.775,0.23978,0.80348,230.2,1371.5,0.998,0.53039,0.75213,509.2,1283.9,0.815,0.23555,0.822,226.1,1403.2,0.996,0.53004,0.76506,508.8,1305.9,0.915,0.19977,0.78855,191.8,1346.1,0.984,0.56661,0.74299,543.9,1268.3,0.542
236,6.518,960,1707,0.4897,0.5357,470.1,914.4,1.0,0.48833,0.5292,468.8,903.3,1.0,0.48404,0.52795,464.7,901.2,1.0,0.4797,0.52667,460.5,899.0,1.0,0.49871,0.53239,478.8,908.8,1.0,0.502,0.53363,481.9,910.9,1.0,0.5057,0.53499,485.5,913.2,1.0,0.4704,0.52834,451.6,901.9,1.0,0.50775,0.54044,487.4,922.5,1.0,0.47583,0.54078,456.8,923.1,1.0,0.48754,0.5444,468.0,929.3,1.0,0.38861,0.56177,373.1,958.9,1.0,0.52662,0.58282,505.6,994.9,1.0,0.30562,0.5855,293.4,999.4,0.974,0.49474,0.61415,474.9,1048.4,0.207,0.24168,0.56038,232.0,956.6,0.789,0.48401,0.59076,464.6,1008.4,0.044,0.21541,0.56031,206.8,956.5,0.742,0.48828,0.5921,468.7,1010.7,0.056,0.21933,0.54787,210.6,935.2,0.727,0.47253,0.58533,453.6,999.2,0.051,0.2289,0.55051,219.7,939.7,0.613,0.46566,0.58737,447.0,1002.6,0.044,0.37407,0.66666,359.1,1138.0,1.0,0.4635,0.66867,445.0,1141.4,1.0,0.29012,0.7189,278.5,1227.2,0.999,0.50697,0.69229,486.7,1181.7,0.786,0.23898,0.80339,229.4,1371.4,0.998,0.53049,0.75212,509.3,1283.9,0.827,0.2355,0.82178,226.1,1402.8,0.996,0.53069,0.7649,509.5,1305.7,0.919,0.19813,0.78855,190.2,1346.1,0.985,0.56556,0.74265,542.9,1267.7,0.569
237,6.545,960,1707,0.49039,0.53658,470.8,915.9,1.0,0.48912,0.53015,469.6,905.0,1.0,0.48479,0.52877,465.4,902.6,1.0,0.48038,0.52735,461.2,900.2,1.0,0.49917,0.53337,479.2,910.5,1.0,0.50229,0.53455,482.2,912.5,1.0,0.50588,0.53585,485.6,914.7,1.0,0.47058,0.5286,451.8,902.3,1.0,0.50758,0.54101,487.3,923.5,1.0,0.47656,0.54133,457.5,924.1,1.0,0.48768,0.54487,468.2,930.1,1.0,0.38813,0.56212,372.6,959.5,1.0,0.5266,0.58282,505.5,994.9,1.0,0.3057,0.58625,293.5,1000.7,0.974,0.49262,0.61398,472.9,1048.1,0.196,0.24224,0.56048,232.6,956.7,0.791,0.46884,0.59687,450.1,1018.9,0.044,0.21639,0.56353,207.7,961.9,0.744,0.47088,0.59342,452.0,1013.0,0.057,0.22543,0.55433,216.4,946.2,0.729,0.45544,0.58706,437.2,1002.1,0.051,0.23015,0.55072,220.9,940.1,0.614,0.44972,0.58904,431.7,1005.5,0.044,0.37417,0.66637,359.2,1137.5,1.0,0.46352,0.66831,445.0,1140.8,1.0,0.29011,0.71869,278.5,1226.8,0.999,0.50725,0.69396,487.0,1184.6,0.793,0.23855,0.80352,229.0,1371.6,0.998,0.53052,0.75213,509.3,1283.9,0.837,0.23536,0.8218,225.9,1402.8,0.996,0.5307,0.7649,509.5,1305.7,0.923,0.19718,0.78854,189.3,1346.0,0.987,0.56533,0.74264,542.7,1267.7,0.591
238,6.573,960,1707,0.49055,0.53671,470.9,916.2,1.0,0.48905,0.53016,469.5,905.0,1.0,0.48461,0.52876,465.2,902.6,1.0,0.48017,0.52735,461.0,900.2,1.0,0.49914,0.53347,479.2,910.6,1.0,0.5022,0.53461,482.1,912.6,1.0,0.50573,0.53586,485.5,914.7,1.0,0.47041,0.52865,451.6,902.4,1.0,0.50742,0.54101,487.1,923.5,1.0,0.47648,0.54124,457.4,923.9,1.0,0.48759,0.54466,468.1,929.7,1.0,0.38701,0.56268,371.5,960.5,1.0,0.52625,0.58266,505.2,994.6,1.0,0.30553,0.58619,293.3,1000.6,0.974,0.4888,0.61454,469.3,1049.0,0.185,0.24228,0.56028,232.6,956.4,0.796,0.46047,0.60087,442.1,1025.7,0.044,0.21626,0.5631,207.6,961.2,0.749,0.4619,0.59564,443.4,1016.8,0.058,0.22611,0.55459,217.1,946.7,0.734,0.44703,0.58951,429.1,1006.3,0.052,0.23016,0.55066,221.0,940.0,0.619,0.44157,0.59126,423.9,1009.3,0.045,0.37413,0.66636,359.2,1137.5,1.0,0.4635,0.66828,445.0,1140.7,1.0,0.2896,0.71856,278.0,1226.6,0.999,0.50725,0.69402,487.0,1184.7,0.801,0.23845,0.80348,228.9,1371.5,0.998,0.53052,0.75212,509.3,1283.9,0.846,0.23537,0.82177,226.0,1402.8,0.996,0.53068,0.76486,509.5,1305.6,0.926,0.19634,0.78852,188.5,1346.0,0.988,0.56534,0.74264,542.7,1267.7,0.613
239,6.601,960,1707,0.49047,0.53735,470.9,917.3,1.0,0.48898,0.53076,469.4,906.0,1.0,0.48451,0.52928,465.1,903.5,1.0,0.48008,0.52778,460.9,900.9,1.0,0.49907,0.53412,479.1,911.7,1.0,0.50211,0.5352,482.0,913.6,1.0,0.50562,0.53638,485.4,915.6,1.0,0.47033,0.52894,451.5,902.9,1.0,0.50731,0.5415,487.0,924.3,1.0,0.47641,0.54149,457.4,924.3,1.0,0.48749,0.5448,468.0,930.0,1.0,0.38655,0.56318,371.1,961.3,1.0,0.5254,0.58267,504.4,994.6,1.0,0.30596,0.58643,293.7,1001.0,0.971,0.48704,0.61557,467.6,1050.8,0.174,0.24956,0.56212,239.6,959.5,0.778,0.45695,0.6058,438.7,1034.1,0.044,0.2311,0.56726,221.9,968.3,0.729,0.45675,0.59976,438.5,1023.8,0.058,0.24286,0.56076,233.1,957.2,0.714,0.4417,0.59405,424.0,1014.0,0.052,0.23895,0.55462,229.4,946.7,0.597,0.43726,0.59578,419.8,1017.0,0.045,0.3738,0.66581,358.9,1136.5,1.0,0.46309,0.668,444.6,1140.3,1.0,0.28935,0.71851,277.8,1226.5,0.999,0.50708,0.69392,486.8,1184.5,0.801,0.23844,0.80338,228.9,1371.4,0.998,0.53051,0.75204,509.3,1283.7,0.852,0.23546,0.8217,226.0,1402.6,0.997,0.53067,0.76476,509.4,1305.4,0.928,0.19628,0.78853,188.4,1346.0,0.989,0.56595,0.74263,543.3,1267.7,0.624
240,6.628,960,1707,0.49035,0.53884,470.7,919.8,1.0,0.48892,0.53229,469.4,908.6,1.0,0.48446,0.5307,465.1,905.9,1.0,0.48005,0.52903,460.8,903.1,1.0,0.49899,0.53551,479.0,914.1,1.0,0.50203,0.53651,482.0,915.8,1.0,0.50555,0.53761,485.3,917.7,1.0,0.47024,0.52976,451.4,904.3,1.0,0.50722,0.54258,486.9,926.2,1.0,0.47636,0.5425,457.3,926.1,1.0,0.48742,0.54582,467.9,931.7,1.0,0.38652,0.56319,371.1,961.4,1.0,0.5237,0.58282,502.8,994.9,1.0,0.3079,0.5867,295.6,1001.5,0.972,0.48726,0.61491,467.8,1049.7,0.176,0.25416,0.56332,244.0,961.6,0.772,0.47532,0.60483,456.3,1032.4,0.044,0.23256,0.56934,223.3,971.9,0.723,0.48145,0.59857,462.2,1021.8,0.059,0.23903,0.55871,229.5,953.7,0.707,0.46784,0.59205,449.1,1010.6,0.053,0.24175,0.55588,232.1,948.9,0.59,0.46055,0.59349,442.1,1013.1,0.045,0.37361,0.66579,358.7,1136.5,1.0,0.46237,0.66795,443.9,1140.2,1.0,0.28794,0.71853,276.4,1226.5,0.999,0.50709,0.69457,486.8,1185.6,0.804,0.23835,0.80288,228.8,1370.5,0.999,0.53052,0.752,509.3,1283.7,0.858,0.23563,0.82102,226.2,1401.5,0.997,0.53064,0.76469,509.4,1305.3,0.931,0.19469,0.78844,186.9,1345.9,0.989,0.56691,0.74275,544.2,1267.9,0.636
241,6.656,960,1707,0.49025,0.53861,470.6,919.4,1.0,0.4888,0.53207,469.3,908.2,1.0,0.48434,0.53053,465.0,905.6,1.0,0.47994,0.52891,460.7,902.9,1.0,0.49889,0.53532,478.9,913.8,1.0,0.50194,0.53638,481.9,915.6,1.0,0.50546,0.53755,485.2,917.6,1.0,0.47019,0.52984,451.4,904.4,1.0,0.50717,0.54291,486.9,926.7,1.0,0.47614,0.54239,457.1,925.9,1.0,0.48739,0.54572,467.9,931.5,1.0,0.38615,0.56358,370.7,962.0,1.0,0.52252,0.58349,501.6,996.0,1.0,0.30681,0.586,294.5,1000.3,0.972,0.48808,0.61639,468.6,1052.2,0.17,0.24829,0.56262,238.4,960.4,0.782,0.4726,0.60377,453.7,1030.6,0.046,0.22583,0.55997,216.8,955.9,0.733,0.47792,0.5982,458.8,1021.1,0.062,0.22479,0.54769,215.8,934.9,0.717,0.46293,0.59181,444.4,1010.2,0.055,0.23466,0.54954,225.3,938.1,0.6,0.45616,0.59319,437.9,1012.6,0.047,0.37351,0.6658,358.6,1136.5,1.0,0.46206,0.66792,443.6,1140.1,1.0,0.28748,0.7183,276.0,1226.1,0.999,0.50688,0.69456,486.6,1185.6,0.809,0.23848,0.80255,228.9,1370.0,0.999,0.53047,0.7519,509.3,1283.5,0.863,0.23575,0.82068,226.3,1400.9,0.997,0.53056,0.76449,509.3,1305.0,0.933,0.19554,0.78836,187.7,1345.7,0.99,0.56691,0.74295,544.2,1268.2,0.649
242,6.683,960,1707,0.49021,0.53845,470.6,919.1,1.0,0.48874,0.53193,469.2,908.0,1.0,0.48428,0.5304,464.9,905.4,1.0,0.47988,0.52882,460.7,902.7,1.0,0.49886,0.53529,478.9,913.7,1.0,0.50193,0.53639,481.9,915.6,1.0,0.50548,0.5376,485.3,917.7,1.0,0.47014,0.52989,451.3,904.5,1.0,0.50724,0.54327,487.0,927.4,1.0,0.47613,0.54227,457.1,925.7,1.0,0.48733,0.54561,467.8,931.4,1.0,0.38455,0.56388,369.2,962.5,1.0,0.52137,0.58457,500.5,997.9,1.0,0.3067,0.58611,294.4,1000.5,0.932,0.48902,0.61808,469.5,1055.1,0.156,0.30306,0.56641,290.9,966.9,0.715,0.46921,0.60319,450.4,1029.6,0.043,0.29246,0.56047,280.8,956.7,0.673,0.47075,0.59805,451.9,1020.9,0.058,0.30378,0.55432,291.6,946.2,0.658,0.45569,0.59161,437.5,1009.9,0.052,0.31332,0.55799,300.8,952.5,0.55,0.45087,0.59304,432.8,1012.3,0.044,0.37241,0.66588,357.5,1136.7,1.0,0.46133,0.66792,442.9,1140.1,1.0,0.28675,0.71837,275.3,1226.3,0.999,0.50687,0.69513,486.6,1186.6,0.778,0.23853,0.80235,229.0,1369.6,0.999,0.5305,0.75199,509.3,1283.6,0.852,0.236,0.8203,226.6,1400.2,0.997,0.53053,0.76449,509.3,1305.0,0.925,0.19625,0.78835,188.4,1345.7,0.99,0.56695,0.74318,544.3,1268.6,0.631
243,6.711,960,1707,0.48895,0.5389,469.4,919.9,1.0,0.48791,0.53222,468.4,908.5,1.0,0.48349,0.53065,464.2,905.8,1.0,0.47906,0.52908,459.9,903.1,1.0,0.49804,0.53572,478.1,914.5,1.0,0.50109,0.53683,481.0,916.4,1.0,0.50465,0.53805,484.5,918.5,1.0,0.46922,0.53025,450.5,905.1,1.0,0.50651,0.54401,486.2,928.6,1.0,0.47442,0.54259,455.4,926.2,1.0,0.48579,0.5461,466.4,932.2,1.0,0.38067,0.56469,365.4,963.9,1.0,0.51897,0.58558,498.2,999.6,1.0,0.30665,0.58603,294.4,1000.4,0.926,0.49075,0.61793,471.1,1054.8,0.176,0.30634,0.56754,294.1,968.8,0.662,0.46797,0.59904,449.3,1022.6,0.039,0.2975,0.5611,285.6,957.8,0.622,0.46596,0.59702,447.3,1019.1,0.053,0.3089,0.55673,296.5,950.3,0.608,0.45395,0.59126,435.8,1009.3,0.048,0.31742,0.5598,304.7,955.6,0.507,0.4508,0.59232,432.8,1011.1,0.041,0.37069,0.66588,355.9,1136.7,1.0,0.45998,0.6677,441.6,1139.8,1.0,0.28667,0.7181,275.2,1225.8,0.999,0.50652,0.69514,486.3,1186.6,0.771,0.23855,0.80235,229.0,1369.6,0.999,0.53051,0.75222,509.3,1284.0,0.857,0.23616,0.82024,226.7,1400.2,0.997,0.5305,0.76464,509.3,1305.2,0.926,0.19732,0.78834,189.4,1345.7,0.99,0.56607,0.74324,543.4,1268.7,0.641
244,6.739,960,1707,0.48831,0.5388,468.8,919.7,1.0,0.48725,0.53213,467.8,908.3,1.0,0.48282,0.53057,463.5,905.7,1.0,0.47832,0.52901,459.2,903.0,1.0,0.49743,0.53575,477.5,914.5,1.0,0.50045,0.53689,480.4,916.5,1.0,0.50397,0.53812,483.8,918.6,1.0,0.46825,0.5302,449.5,905.0,1.0,0.50574,0.54389,485.5,928.4,1.0,0.47366,0.54251,454.7,926.1,1.0,0.48523,0.54602,465.8,932.1,1.0,0.37833,0.56467,363.2,963.9,1.0,0.51667,0.58652,496.0,1001.2,1.0,0.30653,0.58629,294.3,1000.8,0.903,0.504,0.62364,483.8,1064.5,0.202,0.35096,0.57453,336.9,980.7,0.601,0.46217,0.60033,443.7,1024.8,0.037,0.3595,0.56848,345.1,970.4,0.565,0.45375,0.59692,435.6,1018.9,0.049,0.37235,0.56713,357.5,968.1,0.552,0.4446,0.59153,426.8,1009.7,0.044,0.37371,0.56899,358.8,971.3,0.461,0.44483,0.59249,427.0,1011.4,0.038,0.36802,0.66549,353.3,1136.0,1.0,0.45694,0.66727,438.7,1139.0,1.0,0.28625,0.71811,274.8,1225.8,0.999,0.50571,0.69552,485.5,1187.3,0.768,0.23847,0.80242,228.9,1369.7,0.999,0.53049,0.7525,509.3,1284.5,0.864,0.23617,0.82025,226.7,1400.2,0.997,0.53046,0.76491,509.2,1305.7,0.928,0.19734,0.78806,189.4,1345.2,0.991,0.56587,0.74319,543.2,1268.6,0.65
245,6.766,960,1707,0.48715,0.53878,467.7,919.7,1.0,0.48611,0.53208,466.7,908.3,1.0,0.48178,0.53053,462.5,905.6,1.0,0.47732,0.52898,458.2,903.0,1.0,0.4964,0.53565,476.5,914.3,1.0,0.49948,0.53678,479.5,916.3,1.0,0.50304,0.53802,482.9,918.4,1.0,0.4669,0.53018,448.2,905.0,1.0,0.5051,0.54374,484.9,928.2,1.0,0.47251,0.54244,453.6,926.0,1.0,0.48435,0.54576,465.0,931.6,1.0,0.37723,0.56466,362.1,963.9,1.0,0.51622,0.58637,495.6,1000.9,1.0,0.3061,0.5868,293.9,1001.7,0.847,0.49651,0.6221,476.6,1061.9,0.185,0.34642,0.57726,332.6,985.4,0.546,0.46309,0.60033,444.6,1024.8,0.035,0.35097,0.57073,336.9,974.2,0.516,0.45759,0.59506,439.3,1015.8,0.047,0.3648,0.56916,350.2,971.6,0.505,0.44648,0.59085,428.6,1008.6,0.042,0.36816,0.57158,353.4,975.7,0.422,0.44504,0.59234,427.2,1011.1,0.036,0.36648,0.66529,351.8,1135.7,1.0,0.45553,0.66683,437.3,1138.3,1.0,0.28626,0.71706,274.8,1224.0,0.998,0.50465,0.69553,484.5,1187.3,0.75,0.23858,0.8023,229.0,1369.5,0.999,0.53043,0.75247,509.2,1284.5,0.857,0.23664,0.82008,227.2,1399.9,0.997,0.53016,0.76478,509.0,1305.5,0.921,0.2,0.78724,192.0,1343.8,0.99,0.56564,0.743,543.0,1268.3,0.636
246,6.794,960,1707,0.4848,0.53832,465.4,918.9,1.0,0.48361,0.53167,464.3,907.6,1.0,0.4792,0.53007,460.0,904.8,1.0,0.47475,0.52852,455.8,902.2,1.0,0.49451,0.53539,474.7,913.9,1.0,0.4978,0.53653,477.9,915.9,1.0,0.50139,0.53774,481.3,917.9,1.0,0.46429,0.52982,445.7,904.4,1.0,0.50341,0.54335,483.3,927.5,1.0,0.4702,0.54182,451.4,924.9,1.0,0.48246,0.54501,463.2,930.3,1.0,0.37697,0.56401,361.9,962.8,1.0,0.514,0.58614,493.4,1000.5,1.0,0.30488,0.58618,292.7,1000.6,0.832,0.49648,0.62133,476.6,1060.6,0.206,0.33545,0.57633,322.0,983.8,0.496,0.46268,0.60033,444.2,1024.8,0.032,0.33664,0.57165,323.2,975.8,0.469,0.45697,0.59638,438.7,1018.0,0.043,0.34899,0.56962,335.0,972.3,0.458,0.4462,0.59187,428.4,1010.3,0.039,0.3527,0.57116,338.6,975.0,0.383,0.44551,0.5929,427.7,1012.1,0.033,0.36556,0.66447,350.9,1134.3,1.0,0.45453,0.66623,436.3,1137.3,1.0,0.28622,0.71631,274.8,1222.7,0.998,0.50397,0.69496,483.8,1186.3,0.74,0.23866,0.80075,229.1,1366.9,0.999,0.53028,0.75243,509.1,1284.4,0.86,0.23722,0.81854,227.7,1397.2,0.997,0.52929,0.76471,508.1,1305.4,0.922,0.20195,0.78711,193.9,1343.6,0.99,0.56565,0.743,543.0,1268.3,0.636
247,6.822,960,1707,0.4822,0.53658,462.9,915.9,1.0,0.48061,0.53026,461.4,905.1,1.0,0.47626,0.52878,457.2,902.6,1.0,0.47188,0.52734,453.0,900.2,1.0,0.49166,0.53374,472.0,911.1,1.0,0.49519,0.53483,475.4,912.9,1.0,0.49892,0.53601,479.0,915.0,1.0,0.46147,0.52878,443.0,902.6,1.0,0.50181,0.54164,481.7,924.6,1.0,0.46877,0.54014,450.0,922.0,1.0,0.48072,0.54305,461.5,927.0,1.0,0.37709,0.56258,362.0,960.3,1.0,0.51395,0.58568,493.4,999.8,1.0,0.30381,0.58598,291.7,1000.3,0.812,0.49369,0.6208,473.9,1059.7,0.23,0.35266,0.58185,338.6,993.2,0.449,0.46038,0.60381,442.0,1030.7,0.03,0.36149,0.57839,347.0,987.3,0.424,0.45167,0.59851,433.6,1021.7,0.039,0.37452,0.57683,359.5,984.6,0.415,0.44272,0.59375,425.0,1013.5,0.036,0.37479,0.57774,359.8,986.2,0.347,0.44344,0.59447,425.7,1014.8,0.031,0.36528,0.66313,350.7,1132.0,1.0,0.45407,0.66542,435.9,1135.9,1.0,0.28592,0.71549,274.5,1221.3,0.998,0.50275,0.6941,482.6,1184.8,0.736,0.23879,0.80081,229.2,1367.0,0.999,0.53015,0.75236,508.9,1284.3,0.863,0.23782,0.81855,228.3,1397.3,0.997,0.52913,0.76449,508.0,1305.0,0.924,0.20187,0.78706,193.8,1343.5,0.991,0.56539,0.74287,542.8,1268.1,0.633
248,6.849,960,1707,0.48162,0.5348,462.4,912.9,1.0,0.4798,0.52874,460.6,902.6,1.0,0.47545,0.52733,456.4,900.2,1.0,0.47109,0.52596,452.2,897.8,1.0,0.49069,0.53203,471.1,908.2,1.0,0.49423,0.53303,474.5,909.9,1.0,0.49797,0.53411,478.1,911.7,1.0,0.46035,0.5275,441.9,900.4,1.0,0.50045,0.53977,480.4,921.4,1.0,0.46853,0.53837,449.8,919.0,1.0,0.47993,0.54145,460.7,924.3,1.0,0.37693,0.55975,361.8,955.5,1.0,0.51234,0.58437,491.8,997.5,1.0,0.30262,0.58603,290.5,1000.4,0.795,0.49271,0.62047,473.0,1059.2,0.243,0.35368,0.5867,339.5,1001.5,0.405,0.45691,0.60593,438.6,1034.3,0.027,0.3641,0.58435,349.5,997.5,0.384,0.4434,0.6031,425.7,1029.5,0.036,0.37735,0.5829,362.3,995.0,0.375,0.43504,0.59815,417.6,1021.0,0.033,0.37669,0.58324,361.6,995.6,0.314,0.4372,0.59846,419.7,1021.6,0.028,0.36532,0.66076,350.7,1127.9,1.0,0.45264,0.66317,434.5,1132.0,1.0,0.28594,0.71421,274.5,1219.2,0.998,0.50084,0.69117,480.8,1179.8,0.727,0.23903,0.80036,229.5,1366.2,0.999,0.53009,0.75201,508.9,1283.7,0.865,0.23815,0.81788,228.6,1396.1,0.997,0.52868,0.76441,507.5,1304.8,0.926,0.20163,0.78709,193.6,1343.6,0.991,0.56569,0.74286,543.1,1268.1,0.625
249,6.877,960,1707,0.48133,0.53181,462.1,907.8,1.0,0.4797,0.52572,460.5,897.4,1.0,0.47538,0.52441,456.4,895.2,1.0,0.4711,0.52319,452.3,893.1,1.0,0.49056,0.52892,470.9,902.9,1.0,0.49407,0.53003,474.3,904.8,1.0,0.49772,0.5312,477.8,906.8,1.0,0.46007,0.52494,441.7,896.1,1.0,0.49969,0.5368,479.7,916.3,1.0,0.46791,0.53537,449.2,913.9,1.0,0.4797,0.53921,460.5,920.4,1.0,0.37677,0.55636,361.7,949.7,1.0,0.51057,0.58142,490.2,992.5,1.0,0.30264,0.58669,290.5,1001.5,0.782,0.49205,0.62097,472.4,1060.0,0.258,0.35068,0.58614,336.7,1000.5,0.367,0.45741,0.60538,439.1,1033.4,0.026,0.35826,0.58392,343.9,996.8,0.347,0.44694,0.60302,429.1,1029.3,0.033,0.37093,0.58149,356.1,992.6,0.34,0.43779,0.59805,420.3,1020.9,0.03,0.37123,0.58204,356.4,993.5,0.284,0.43781,0.59853,420.3,1021.7,0.026,0.36431,0.65899,349.7,1124.9,1.0,0.45048,0.66135,432.5,1128.9,1.0,0.28577,0.71344,274.3,1217.8,0.998,0.50026,0.68903,480.2,1176.2,0.716,0.23922,0.79937,229.7,1364.5,0.999,0.52978,0.75214,508.6,1283.9,0.862,0.23849,0.81734,229.0,1395.2,0.997,0.52818,0.76441,507.1,1304.8,0.927,0.20092,0.78709,192.9,1343.6,0.99,0.56512,0.74278,542.5,1267.9,0.609
250,6.904,960,1707,0.47822,0.52821,459.1,901.6,1.0,0.4771,0.52252,458.0,891.9,1.0,0.47326,0.52138,454.3,890.0,1.0,0.46938,0.52026,450.6,888.1,1.0,0.48807,0.5256,468.6,897.2,1.0,0.49178,0.52672,472.1,899.1,1.0,0.49554,0.52791,475.7,901.1,1.0,0.4583,0.52228,440.0,891.5,1.0,0.49685,0.53334,477.0,910.4,1.0,0.46563,0.53183,447.0,907.8,1.0,0.47763,0.53573,458.5,914.5,1.0,0.37542,0.5526,360.4,943.3,1.0,0.50734,0.57735,487.0,985.5,1.0,0.30269,0.58721,290.6,1002.4,0.793,0.49212,0.62076,472.4,1059.6,0.308,0.3536,0.58798,339.5,1003.7,0.335,0.45723,0.60559,438.9,1033.7,0.025,0.36374,0.58539,349.2,999.3,0.317,0.44459,0.60234,426.8,1028.2,0.031,0.37705,0.58248,362.0,994.3,0.31,0.43774,0.59847,420.2,1021.6,0.028,0.37552,0.58292,360.5,995.0,0.259,0.43848,0.59908,420.9,1022.6,0.024,0.36197,0.65891,347.5,1124.8,1.0,0.44802,0.66028,430.1,1127.1,1.0,0.28458,0.71464,273.2,1219.9,0.998,0.50038,0.6895,480.4,1177.0,0.724,0.23925,0.7996,229.7,1364.9,0.999,0.5297,0.75219,508.5,1284.0,0.865,0.23852,0.81741,229.0,1395.3,0.997,0.52791,0.76441,506.8,1304.9,0.931,0.20088,0.78755,192.8,1344.4,0.99,0.56573,0.74297,543.1,1268.2,0.604
251,6.932,960,1707,0.47575,0.5247,456.7,895.7,1.0,0.47463,0.51958,455.6,886.9,1.0,0.47093,0.51856,452.1,885.2,1.0,0.46719,0.51754,448.5,883.4,1.0,0.48588,0.52232,466.4,891.6,1.0,0.48985,0.52335,470.3,893.4,1.0,0.49389,0.52444,474.1,895.2,1.0,0.45618,0.51984,437.9,887.4,1.0,0.49501,0.53025,475.2,905.1,1.0,0.46413,0.52833,445.6,901.9,1.0,0.47547,0.53216,456.4,908.4,1.0,0.37418,0.54937,359.2,937.8,1.0,0.50507,0.57384,484.9,979.5,1.0,0.30011,0.58687,288.1,1001.8,0.811,0.49126,0.62072,471.6,1059.6,0.335,0.26379,0.56943,253.2,972.0,0.344,0.45727,0.60528,439.0,1033.2,0.024,0.25178,0.57564,241.7,982.6,0.32,0.44683,0.60268,429.0,1028.8,0.029,0.26453,0.56654,253.9,967.1,0.311,0.43891,0.59817,421.4,1021.1,0.026,0.27567,0.56826,264.6,970.0,0.256,0.43887,0.59871,421.3,1022.0,0.023,0.35987,0.65745,345.5,1122.3,1.0,0.44584,0.65981,428.0,1126.3,1.0,0.28455,0.71472,273.2,1220.0,0.998,0.50051,0.68863,480.5,1175.5,0.735,0.23927,0.79947,229.7,1364.7,0.999,0.52964,0.75214,508.5,1283.9,0.87,0.23848,0.81686,228.9,1394.4,0.997,0.52751,0.76427,506.4,1304.6,0.934,0.19977,0.78789,191.8,1344.9,0.99,0.5663,0.74311,543.7,1268.5,0.607
252,6.96,960,1707,0.47586,0.52201,456.8,891.1,1.0,0.47453,0.51708,455.5,882.7,1.0,0.47075,0.516,451.9,880.8,1.0,0.4669,0.5149,448.2,878.9,1.0,0.48567,0.51983,466.2,887.3,1.0,0.48963,0.52085,470.0,889.1,1.0,0.4937,0.52196,473.9,891.0,1.0,0.45603,0.51673,437.8,882.1,1.0,0.49513,0.52785,475.3,901.0,1.0,0.4641,0.52577,445.5,897.5,1.0,0.47556,0.5296,456.5,904.0,1.0,0.37418,0.54519,359.2,930.6,1.0,0.50326,0.57078,483.1,974.3,1.0,0.29571,0.58218,283.9,993.8,0.819,0.49163,0.62012,472.0,1058.5,0.382,0.30312,0.57036,291.0,973.6,0.313,0.46163,0.60297,443.2,1029.3,0.023,0.31266,0.57088,300.2,974.5,0.291,0.4484,0.60047,430.5,1025.0,0.027,0.32866,0.56521,315.5,964.8,0.283,0.44298,0.59565,425.3,1016.8,0.024,0.32996,0.5663,316.8,966.7,0.233,0.44586,0.59597,428.0,1017.3,0.021,0.35848,0.65614,344.1,1120.0,1.0,0.44281,0.65904,425.1,1125.0,1.0,0.28502,0.7145,273.6,1219.7,0.998,0.49903,0.68492,479.1,1169.2,0.745,0.23976,0.79917,230.2,1364.2,0.999,0.52958,0.75215,508.4,1283.9,0.876,0.23874,0.81629,229.2,1393.4,0.998,0.52739,0.76425,506.3,1304.6,0.938,0.19916,0.78801,191.2,1345.1,0.99,0.5661,0.7431,543.5,1268.5,0.614
253,6.987,960,1707,0.47604,0.51876,457.0,885.5,1.0,0.47479,0.51375,455.8,877.0,1.0,0.47094,0.51253,452.1,874.9,1.0,0.46704,0.51131,448.4,872.8,1.0,0.48592,0.51692,466.5,882.4,1.0,0.48976,0.51805,470.2,884.3,1.0,0.49375,0.51922,474.0,886.3,1.0,0.45631,0.51284,438.1,875.4,1.0,0.49534,0.52497,475.5,896.1,1.0,0.46427,0.52242,445.7,891.8,1.0,0.47565,0.52638,456.6,898.5,1.0,0.3743,0.54143,359.3,924.2,1.0,0.50264,0.56808,482.5,969.7,1.0,0.2932,0.57855,281.5,987.6,0.836,0.49206,0.61936,472.4,1057.2,0.413,0.2592,0.56454,248.8,963.7,0.35,0.46293,0.60209,444.4,1027.8,0.023,0.24308,0.57052,233.4,973.9,0.321,0.45174,0.60024,433.7,1024.6,0.026,0.24903,0.55669,239.1,950.3,0.311,0.44575,0.59304,427.9,1012.3,0.024,0.25536,0.55763,245.1,951.9,0.253,0.44625,0.59285,428.4,1012.0,0.021,0.3583,0.65489,344.0,1117.9,1.0,0.44059,0.65769,423.0,1122.7,1.0,0.28673,0.71447,275.3,1219.6,0.998,0.49737,0.68474,477.5,1168.8,0.759,0.24008,0.79907,230.5,1364.0,0.999,0.52959,0.75232,508.4,1284.2,0.882,0.23892,0.81627,229.4,1393.4,0.998,0.52729,0.76434,506.2,1304.7,0.942,0.1995,0.78853,191.5,1346.0,0.99,0.56664,0.74336,544.0,1268.9,0.624
254,7.015,960,1707,0.47762,0.51644,458.5,881.6,1.0,0.47612,0.51114,457.1,872.5,1.0,0.47237,0.50985,453.5,870.3,1.0,0.46855,0.50853,449.8,868.1,1.0,0.48683,0.51452,467.4,878.3,1.0,0.49062,0.51572,471.0,880.3,1.0,0.49458,0.51697,474.8,882.5,1.0,0.45768,0.51016,439.4,870.8,1.0,0.49586,0.52299,476.0,892.7,1.0,0.46684,0.52038,448.2,888.3,1.0,0.47691,0.52421,457.8,894.8,1.0,0.37438,0.53701,359.4,916.7,1.0,0.503,0.56532,482.9,965.0,1.0,0.29414,0.57371,282.4,979.3,0.852,0.49289,0.61915,473.2,1056.9,0.433,0.26788,0.55976,257.2,955.5,0.38,0.46407,0.60139,445.5,1026.6,0.022,0.25267,0.56108,242.6,957.8,0.344,0.45477,0.59995,436.6,1024.1,0.025,0.2561,0.55308,245.9,944.1,0.333,0.44884,0.59166,430.9,1010.0,0.022,0.26383,0.55399,253.3,945.7,0.269,0.45271,0.59234,434.6,1011.1,0.02,0.35859,0.65253,344.2,1113.9,1.0,0.43926,0.65569,421.7,1119.3,1.0,0.2894,0.71393,277.8,1218.7,0.998,0.49667,0.68464,476.8,1168.7,0.773,0.24051,0.79878,230.9,1363.5,0.999,0.52957,0.75232,508.4,1284.2,0.887,0.23893,0.81632,229.4,1393.5,0.998,0.52723,0.76434,506.1,1304.7,0.946,0.20073,0.78901,192.7,1346.8,0.99,0.56648,0.74335,543.8,1268.9,0.628
255,7.042,960,1707,0.47947,0.5145,460.3,878.3,1.0,0.47777,0.50932,458.7,869.4,1.0,0.47402,0.50807,455.1,867.3,1.0,0.47019,0.50678,451.4,865.1,1.0,0.48801,0.51255,468.5,874.9,1.0,0.49165,0.51364,472.0,876.8,1.0,0.49551,0.51477,475.7,878.7,1.0,0.45954,0.50827,441.2,867.6,1.0,0.49676,0.52047,476.9,888.4,1.0,0.4684,0.51806,449.7,884.3,1.0,0.47835,0.52159,459.2,890.4,1.0,0.3774,0.53191,362.3,908.0,1.0,0.50337,0.56407,483.2,962.9,1.0,0.29475,0.56511,283.0,964.6,0.863,0.49314,0.61771,473.4,1054.4,0.464,0.29166,0.55076,280.0,940.1,0.366,0.47279,0.60023,453.9,1024.6,0.021,0.28705,0.54878,275.6,936.8,0.329,0.46764,0.59621,448.9,1017.7,0.024,0.30162,0.55146,289.6,941.3,0.318,0.46432,0.58754,445.7,1002.9,0.021,0.30772,0.5527,295.4,943.5,0.258,0.46415,0.58783,445.6,1003.4,0.019,0.35892,0.65035,344.6,1110.1,1.0,0.43906,0.65452,421.5,1117.3,1.0,0.29046,0.71368,278.8,1218.3,0.998,0.49592,0.68512,476.1,1169.5,0.787,0.24072,0.79717,231.1,1360.8,0.999,0.52946,0.75236,508.3,1284.3,0.892,0.23909,0.81551,229.5,1392.1,0.998,0.52694,0.76438,505.9,1304.8,0.949,0.20025,0.7892,192.2,1347.2,0.99,0.56623,0.74348,543.6,1269.1,0.635
256,7.07,960,1707,0.48426,0.51191,464.9,873.8,1.0,0.48218,0.50669,462.9,864.9,1.0,0.47806,0.5053,458.9,862.5,1.0,0.47402,0.50388,455.1,860.1,1.0,0.49178,0.50991,472.1,870.4,1.0,0.49498,0.51099,475.2,872.3,1.0,0.49839,0.51211,478.5,874.2,1.0,0.46255,0.50523,444.0,862.4,1.0,0.49916,0.51837,479.2,884.8,1.0,0.47211,0.51524,453.2,879.5,1.0,0.48185,0.51887,462.6,885.7,1.0,0.37997,0.52873,364.8,902.5,1.0,0.50354,0.56268,483.4,960.5,1.0,0.29484,0.56081,283.0,957.3,0.863,0.49213,0.61753,472.4,1054.1,0.422,0.30028,0.54803,288.3,935.5,0.354,0.47575,0.6003,456.7,1024.7,0.02,0.29566,0.5442,283.8,929.0,0.32,0.47858,0.59579,459.4,1017.0,0.024,0.30973,0.54303,297.3,927.0,0.309,0.46871,0.58765,450.0,1003.1,0.021,0.31303,0.54506,300.5,930.4,0.25,0.46544,0.58823,446.8,1004.1,0.019,0.35864,0.64952,344.3,1108.7,1.0,0.43905,0.65352,421.5,1115.6,1.0,0.29113,0.71372,279.5,1218.3,0.998,0.49577,0.68531,475.9,1169.8,0.773,0.24066,0.79732,231.0,1361.0,0.998,0.52939,0.75233,508.2,1284.2,0.875,0.23909,0.8156,229.5,1392.2,0.997,0.52691,0.76441,505.8,1304.9,0.943,0.19697,0.78912,189.1,1347.0,0.983,0.5663,0.74342,543.7,1269.0,0.602
257,7.098,960,1707,0.48904,0.51061,469.5,871.6,1.0,0.48703,0.50555,467.5,863.0,1.0,0.48292,0.50431,463.6,860.9,1.0,0.47874,0.50303,459.6,858.7,1.0,0.49628,0.50864,476.4,868.2,1.0,0.49923,0.5097,479.3,870.1,1.0,0.50239,0.51085,482.3,872.0,1.0,0.46656,0.50457,447.9,861.3,1.0,0.50222,0.51733,482.1,883.1,1.0,0.47664,0.51392,457.6,877.3,1.0,0.48618,0.51759,466.7,883.5,1.0,0.38379,0.52471,368.4,895.7,1.0,0.50382,0.56123,483.7,958.0,1.0,0.29609,0.55367,284.3,945.1,0.851,0.49217,0.61711,472.5,1053.4,0.391,0.33557,0.53848,322.1,919.2,0.337,0.48033,0.59967,461.1,1023.6,0.023,0.33772,0.53338,324.2,910.5,0.307,0.48469,0.59543,465.3,1016.4,0.027,0.34759,0.53559,333.7,914.3,0.296,0.47482,0.58788,455.8,1003.5,0.025,0.34981,0.53738,335.8,917.3,0.241,0.47114,0.58877,452.3,1005.0,0.021,0.35878,0.64859,344.4,1107.1,1.0,0.43974,0.65282,422.1,1114.4,1.0,0.29206,0.71404,280.4,1218.9,0.998,0.49499,0.6854,475.2,1170.0,0.776,0.24072,0.79738,231.1,1361.1,0.998,0.52933,0.75199,508.2,1283.6,0.873,0.23925,0.81562,229.7,1392.3,0.996,0.52674,0.76439,505.7,1304.8,0.942,0.19918,0.78949,191.2,1347.7,0.981,0.56636,0.74346,543.7,1269.1,0.589
258,7.125,960,1707,0.49246,0.51217,472.8,874.3,1.0,0.49074,0.50719,471.1,865.8,1.0,0.48686,0.50604,467.4,863.8,1.0,0.48273,0.50485,463.4,861.8,1.0,0.49927,0.51013,479.3,870.8,1.0,0.50179,0.51124,481.7,872.7,1.0,0.50451,0.51243,484.3,874.7,1.0,0.47081,0.50624,452.0,864.2,1.0,0.50388,0.51814,483.7,884.5,1.0,0.48026,0.51503,461.0,879.2,1.0,0.48914,0.5188,469.6,885.6,1.0,0.38847,0.52344,372.9,893.5,1.0,0.50407,0.56189,483.9,959.1,1.0,0.29893,0.54771,287.0,934.9,0.82,0.49131,0.61615,471.7,1051.8,0.363,0.35291,0.53151,338.8,907.3,0.308,0.48346,0.59856,464.1,1021.7,0.024,0.35183,0.53458,337.8,912.5,0.281,0.49023,0.5953,470.6,1016.2,0.029,0.36674,0.53573,352.1,914.5,0.272,0.4809,0.58819,461.7,1004.0,0.026,0.3685,0.53789,353.8,918.2,0.221,0.47668,0.58903,457.6,1005.5,0.023,0.35926,0.64797,344.9,1106.1,1.0,0.44019,0.6524,422.6,1113.7,1.0,0.29489,0.71488,283.1,1220.3,0.998,0.49517,0.68589,475.4,1170.8,0.786,0.24026,0.79749,230.6,1361.3,0.998,0.5291,0.75189,507.9,1283.5,0.877,0.23873,0.81569,229.2,1392.4,0.996,0.52666,0.76436,505.6,1304.8,0.943,0.19963,0.78944,191.6,1347.6,0.98,0.56535,0.74319,542.7,1268.6,0.588
259,7.153,960,1707,0.49237,0.51364,472.7,876.8,1.0,0.491,0.50846,471.4,867.9,1.0,0.48715,0.50727,467.7,865.9,1.0,0.48311,0.50604,463.8,863.8,1.0,0.49952,0.51143,479.5,873.0,1.0,0.50206,0.51253,482.0,874.9,1.0,0.50478,0.51372,484.6,876.9,1.0,0.47168,0.50726,452.8,865.9,1.0,0.50446,0.51901,484.3,885.9,1.0,0.48034,0.51663,461.1,881.9,1.0,0.48911,0.52041,469.5,888.3,1.0,0.39516,0.52144,379.4,890.1,1.0,0.50496,0.5616,484.8,958.7,1.0,0.30907,0.54033,296.7,922.3,0.798,0.4912,0.61529,471.5,1050.3,0.34,0.35409,0.53676,339.9,916.3,0.282,0.48641,0.598,467.0,1020.8,0.025,0.36069,0.53517,346.3,913.5,0.258,0.49372,0.59507,474.0,1015.8,0.03,0.37598,0.53737,360.9,917.3,0.25,0.48282,0.58792,463.5,1003.6,0.028,0.37716,0.53931,362.1,920.6,0.204,0.47946,0.58919,460.3,1005.7,0.024,0.36081,0.64702,346.4,1104.5,1.0,0.44033,0.65185,422.7,1112.7,1.0,0.30072,0.71394,288.7,1218.7,0.997,0.49543,0.68655,475.6,1171.9,0.796,0.24114,0.79477,231.5,1356.7,0.998,0.52876,0.75194,507.6,1283.6,0.882,0.23882,0.81313,229.3,1388.0,0.996,0.52651,0.76441,505.5,1304.9,0.944,0.20532,0.78999,197.1,1348.5,0.978,0.56433,0.74321,541.8,1268.7,0.588
260,7.181,960,1707,0.49186,0.51442,472.2,878.1,0.999,0.49073,0.50908,471.1,869.0,1.0,0.48687,0.50787,467.4,866.9,1.0,0.48291,0.5066,463.6,864.8,1.0,0.49958,0.51209,479.6,874.1,1.0,0.50228,0.5132,482.2,876.0,1.0,0.50516,0.5144,485.0,878.1,1.0,0.47277,0.50772,453.9,866.7,1.0,0.50542,0.51937,485.2,886.6,1.0,0.48021,0.51734,461.0,883.1,0.999,0.48904,0.52121,469.5,889.7,0.999,0.40233,0.51917,386.2,886.2,1.0,0.50849,0.56163,488.1,958.7,1.0,0.32473,0.53216,311.7,908.4,0.761,0.49122,0.61509,471.6,1050.0,0.31,0.36631,0.53641,351.7,915.7,0.256,0.48539,0.59689,466.0,1018.9,0.023,0.37615,0.53444,361.1,912.3,0.235,0.48877,0.58784,469.2,1003.4,0.029,0.39124,0.53807,375.6,918.5,0.227,0.47898,0.58641,459.8,1001.0,0.026,0.39134,0.53966,375.7,921.2,0.186,0.47736,0.58811,458.3,1003.9,0.022,0.36105,0.64647,346.6,1103.5,1.0,0.44067,0.6519,423.0,1112.8,1.0,0.30075,0.71393,288.7,1218.7,0.997,0.49648,0.68663,476.6,1172.1,0.802,0.24115,0.79461,231.5,1356.4,0.998,0.52873,0.75238,507.6,1284.3,0.885,0.23884,0.81293,229.3,1387.7,0.996,0.52645,0.76498,505.4,1305.8,0.944,0.20626,0.78987,198.0,1348.3,0.977,0.56437,0.74317,541.8,1268.6,0.586
261,7.208,960,1707,0.49458,0.51491,474.8,879.0,0.999,0.4935,0.50948,473.8,869.7,0.999,0.48962,0.50826,470.0,867.6,0.999,0.48577,0.50698,466.3,865.4,1.0,0.50269,0.51256,482.6,874.9,1.0,0.50558,0.51369,485.4,876.9,1.0,0.50862,0.51489,488.3,878.9,1.0,0.47659,0.50797,457.5,867.1,1.0,0.50962,0.51979,489.2,887.3,1.0,0.48367,0.51782,464.3,883.9,0.998,0.49231,0.52176,472.6,890.6,0.998,0.40682,0.51831,390.5,884.8,1.0,0.51163,0.56224,491.2,959.7,0.999,0.34164,0.532,328.0,908.1,0.733,0.49172,0.61538,472.0,1050.4,0.284,0.38477,0.53875,369.4,919.6,0.232,0.48431,0.59709,464.9,1019.2,0.022,0.39684,0.53893,381.0,919.9,0.214,0.48633,0.58857,466.9,1004.7,0.027,0.41086,0.5484,394.4,936.1,0.206,0.47812,0.58615,459.0,1000.6,0.025,0.40938,0.549,393.0,937.1,0.169,0.47717,0.5881,458.1,1003.9,0.021,0.36137,0.64641,346.9,1103.4,1.0,0.44183,0.65212,424.2,1113.2,1.0,0.30104,0.7142,289.0,1219.1,0.997,0.49713,0.68653,477.2,1171.9,0.809,0.23896,0.79468,229.4,1356.5,0.998,0.52874,0.75238,507.6,1284.3,0.89,0.23739,0.81316,227.9,1388.1,0.996,0.52642,0.76503,505.4,1305.9,0.946,0.20517,0.78981,197.0,1348.2,0.976,0.56388,0.74351,541.3,1269.2,0.593
262,7.236,960,1707,0.4961,0.51505,476.3,879.2,0.999,0.49573,0.50951,475.9,869.7,0.999,0.49199,0.50828,472.3,867.6,0.999,0.48835,0.50698,468.8,865.4,1.0,0.50541,0.51274,485.2,875.3,1.0,0.50841,0.51396,488.1,877.3,1.0,0.51157,0.51521,491.1,879.5,1.0,0.4799,0.50777,460.7,866.8,1.0,0.51243,0.52007,491.9,887.8,1.0,0.48535,0.51792,465.9,884.1,0.998,0.49395,0.52203,474.2,891.1,0.998,0.4072,0.51748,390.9,883.3,1.0,0.5146,0.56268,494.0,960.5,0.999,0.35877,0.52129,344.4,889.8,0.704,0.49393,0.61573,474.2,1051.1,0.266,0.41466,0.51801,398.1,884.2,0.213,0.48737,0.59703,467.9,1019.1,0.024,0.43234,0.51122,415.0,872.6,0.197,0.49122,0.58683,471.6,1001.7,0.029,0.44119,0.51531,423.5,879.6,0.19,0.48298,0.58572,463.7,999.8,0.026,0.43628,0.52223,418.8,891.4,0.156,0.48218,0.58796,462.9,1003.6,0.022,0.36185,0.64503,347.4,1101.1,1.0,0.44256,0.65178,424.9,1112.6,1.0,0.30063,0.71411,288.6,1219.0,0.997,0.49823,0.6871,478.3,1172.9,0.813,0.23877,0.79485,229.2,1356.8,0.998,0.52857,0.75257,507.4,1284.6,0.892,0.237,0.81275,227.5,1387.4,0.996,0.52551,0.76553,504.5,1306.8,0.946,0.20648,0.78827,198.2,1345.6,0.976,0.56389,0.74393,541.3,1269.9,0.594
263,7.263,960,1707,0.49869,0.51526,478.7,879.6,0.999,0.49862,0.50968,478.7,870.0,0.999,0.49495,0.50843,475.1,867.9,0.999,0.49134,0.5071,471.7,865.6,1.0,0.50807,0.51296,487.7,875.6,1.0,0.51094,0.51417,490.5,877.7,1.0,0.51411,0.51543,493.5,879.8,1.0,0.48252,0.50765,463.2,866.6,1.0,0.51512,0.52025,494.5,888.1,1.0,0.48773,0.51817,468.2,884.5,0.999,0.49616,0.52224,476.3,891.5,0.999,0.41079,0.51665,394.4,881.9,1.0,0.51674,0.56288,496.1,960.8,0.999,0.39797,0.5191,382.1,886.1,0.669,0.49512,0.61548,475.3,1050.6,0.254,0.46595,0.51033,447.3,871.1,0.197,0.49374,0.59322,474.0,1012.6,0.026,0.47536,0.50603,456.3,863.8,0.184,0.49561,0.58286,475.8,994.9,0.032,0.48273,0.50924,463.4,869.3,0.177,0.48928,0.5808,469.7,991.4,0.029,0.47914,0.51131,460.0,872.8,0.146,0.48959,0.58276,470.0,994.8,0.024,0.36242,0.64408,347.9,1099.4,1.0,0.44362,0.65138,425.9,1111.9,1.0,0.30059,0.71249,288.6,1216.2,0.997,0.49872,0.68727,478.8,1173.2,0.811,0.23854,0.79489,229.0,1356.9,0.998,0.5286,0.75256,507.5,1284.6,0.891,0.23688,0.81236,227.4,1386.7,0.996,0.52539,0.76566,504.4,1307.0,0.945,0.20628,0.7878,198.0,1344.8,0.977,0.56392,0.74392,541.4,1269.9,0.593
264,7.291,960,1707,0.50353,0.51604,483.4,880.9,0.999,0.50438,0.5101,484.2,870.7,0.999,0.50118,0.50872,481.1,868.4,0.999,0.49795,0.50731,478.0,866.0,1.0,0.51235,0.51385,491.9,877.1,1.0,0.51486,0.51515,494.3,879.4,1.0,0.51776,0.51647,497.0,881.6,1.0,0.48887,0.50777,469.3,866.8,1.0,0.51803,0.52084,497.3,889.1,1.0,0.49165,0.51882,472.0,885.6,0.999,0.49954,0.52342,479.6,893.5,0.999,0.42002,0.51747,403.2,883.3,1.0,0.52083,0.56384,500.0,962.5,0.999,0.43901,0.51827,421.4,884.7,0.621,0.49793,0.61557,478.0,1050.8,0.268,0.48742,0.5106,467.9,871.6,0.197,0.50555,0.58579,485.3,999.9,0.032,0.50584,0.50383,485.6,860.0,0.192,0.50427,0.57839,484.1,987.3,0.042,0.51453,0.50659,494.0,864.8,0.184,0.49945,0.57584,479.5,983.0,0.038,0.50916,0.50868,488.8,868.3,0.155,0.49973,0.57789,479.7,986.5,0.032,0.36321,0.64341,348.7,1098.3,1.0,0.44527,0.65153,427.5,1112.2,1.0,0.30047,0.71169,288.5,1214.9,0.997,0.50023,0.68813,480.2,1174.6,0.822,0.23803,0.79502,228.5,1357.1,0.998,0.52847,0.7526,507.3,1284.7,0.897,0.23662,0.81247,227.2,1386.9,0.996,0.52483,0.76585,503.8,1307.3,0.947,0.20643,0.78753,198.2,1344.3,0.978,0.56333,0.74394,540.8,1269.9,0.611
265,7.319,960,1707,0.50656,0.51604,486.3,880.9,0.999,0.50774,0.5101,487.4,870.7,0.999,0.50469,0.50871,484.5,868.4,1.0,0.50149,0.50732,481.4,866.0,1.0,0.51571,0.51391,495.1,877.2,1.0,0.5183,0.51522,497.6,879.5,1.0,0.5212,0.51653,500.4,881.7,1.0,0.49218,0.5076,472.5,866.5,1.0,0.52203,0.52087,501.2,889.1,1.0,0.49368,0.51887,473.9,885.7,0.999,0.50237,0.52346,482.3,893.5,0.999,0.42588,0.51881,408.8,885.6,1.0,0.52328,0.56454,502.3,963.7,0.999,0.46295,0.51075,444.4,871.8,0.57,0.50032,0.61559,480.3,1050.8,0.3,0.51825,0.50718,497.5,865.8,0.205,0.50815,0.58158,487.8,992.7,0.042,0.53401,0.50272,512.6,858.1,0.211,0.50881,0.57504,488.5,981.6,0.056,0.53984,0.50451,518.2,861.2,0.201,0.50533,0.57235,485.1,977.0,0.052,0.5365,0.50618,515.0,864.0,0.171,0.50484,0.57349,484.6,978.9,0.045,0.36369,0.64309,349.1,1097.8,1.0,0.44557,0.65165,427.7,1112.4,1.0,0.30032,0.71184,288.3,1215.1,0.997,0.50051,0.68835,480.5,1175.0,0.837,0.23803,0.79509,228.5,1357.2,0.998,0.52826,0.75218,507.1,1284.0,0.904,0.23651,0.81256,227.0,1387.0,0.996,0.5239,0.76578,502.9,1307.2,0.951,0.2041,0.78745,195.9,1344.2,0.98,0.56346,0.7439,540.9,1269.8,0.639
266,7.346,960,1707,0.51788,0.51842,497.2,884.9,0.999,0.51952,0.51232,498.7,874.5,0.999,0.51656,0.51094,495.9,872.2,1.0,0.51328,0.50957,492.8,869.8,1.0,0.52675,0.51652,505.7,881.7,1.0,0.52919,0.5181,508.0,884.4,1.0,0.53199,0.51973,510.7,887.2,1.0,0.50359,0.50884,483.4,868.6,1.0,0.53118,0.52493,509.9,896.0,1.0,0.50396,0.52107,483.8,889.5,0.999,0.51309,0.52688,492.6,899.4,0.999,0.4321,0.51894,414.8,885.8,1.0,0.52504,0.56698,504.0,967.8,0.999,0.46849,0.50853,449.8,868.1,0.529,0.50008,0.6184,480.1,1055.6,0.322,0.53212,0.50517,510.8,862.3,0.228,0.50898,0.58346,488.6,996.0,0.05,0.54438,0.49889,522.6,851.6,0.243,0.5108,0.57608,490.4,983.4,0.068,0.55192,0.50224,529.8,857.3,0.232,0.50742,0.57319,487.1,978.4,0.063,0.54708,0.50466,525.2,861.5,0.201,0.50737,0.57445,487.1,980.6,0.056,0.36343,0.64216,348.9,1096.2,1.0,0.44305,0.65135,425.3,1111.8,1.0,0.30031,0.71108,288.3,1213.8,0.998,0.50045,0.68857,480.4,1175.4,0.85,0.24034,0.79409,230.7,1355.5,0.998,0.52825,0.75113,507.1,1282.2,0.911,0.23704,0.81182,227.6,1385.8,0.996,0.52391,0.76515,503.0,1306.1,0.954,0.20243,0.7876,194.3,1344.4,0.981,0.56352,0.74385,541.0,1269.8,0.663
267,7.374,960,1707,0.53126,0.51975,510.0,887.2,0.999,0.5319,0.51305,510.6,875.8,1.0,0.52933,0.51139,508.2,872.9,1.0,0.52672,0.50985,505.7,870.3,1.0,0.53778,0.51824,516.3,884.6,1.0,0.53977,0.51994,518.2,887.5,1.0,0.54242,0.52153,520.7,890.3,1.0,0.51687,0.50885,496.2,868.6,1.0,0.54024,0.5261,518.6,898.1,1.0,0.51767,0.52189,497.0,890.9,0.999,0.5243,0.52819,503.3,901.6,0.999,0.4435,0.51818,425.8,884.5,1.0,0.52597,0.56748,504.9,968.7,0.999,0.48086,0.51133,461.6,872.8,0.495,0.49992,0.61805,479.9,1055.0,0.341,0.5439,0.50462,522.1,861.4,0.246,0.51414,0.58332,493.6,995.7,0.057,0.55683,0.4986,534.6,851.1,0.269,0.51863,0.57545,497.9,982.3,0.079,0.56144,0.50021,539.0,853.9,0.257,0.51873,0.57184,498.0,976.1,0.073,0.55722,0.50261,534.9,857.9,0.225,0.5159,0.57332,495.3,978.7,0.064,0.36372,0.64142,349.2,1094.9,1.0,0.44297,0.65134,425.3,1111.8,1.0,0.30019,0.71121,288.2,1214.0,0.998,0.50044,0.68875,480.4,1175.7,0.858,0.24143,0.79417,231.8,1355.7,0.998,0.52804,0.75098,506.9,1281.9,0.914,0.23714,0.81191,227.7,1385.9,0.996,0.52383,0.76519,502.9,1306.2,0.955,0.20358,0.78768,195.4,1344.6,0.982,0.56361,0.74363,541.1,1269.4,0.675
268,7.401,960,1707,0.54027,0.52317,518.7,893.1,0.999,0.54137,0.51593,519.7,880.7,1.0,0.5393,0.514,517.7,877.4,1.0,0.53731,0.51225,515.8,874.4,1.0,0.54618,0.52175,524.3,890.6,1.0,0.54787,0.52337,526.0,893.4,1.0,0.5501,0.52481,528.1,895.8,1.0,0.52693,0.51082,505.9,872.0,1.0,0.54614,0.52915,524.3,903.3,1.0,0.52822,0.52522,507.1,896.5,0.999,0.53303,0.53113,511.7,906.6,0.999,0.44955,0.51715,431.6,882.8,1.0,0.52752,0.56839,506.4,970.2,0.999,0.45067,0.51584,432.6,880.5,0.484,0.49974,0.61972,479.8,1057.9,0.32,0.50866,0.50994,488.3,870.5,0.227,0.51148,0.58461,491.0,997.9,0.055,0.51935,0.50501,498.6,862.1,0.248,0.51427,0.57682,493.7,984.6,0.075,0.53697,0.50598,515.5,863.7,0.237,0.5126,0.5734,492.1,978.8,0.07,0.52459,0.50931,503.6,869.4,0.208,0.51019,0.5749,489.8,981.4,0.061,0.36393,0.64066,349.4,1093.6,1.0,0.44215,0.65135,424.5,1111.9,1.0,0.30008,0.71115,288.1,1213.9,0.997,0.50044,0.68875,480.4,1175.7,0.847,0.2416,0.79425,231.9,1355.8,0.998,0.52766,0.75002,506.6,1280.3,0.904,0.23712,0.81219,227.6,1386.4,0.996,0.52369,0.7647,502.7,1305.3,0.949,0.20779,0.78846,199.5,1345.9,0.98,0.56415,0.74283,541.6,1268.0,0.653
269,7.429,960,1707,0.54141,0.52763,519.8,900.7,0.999,0.54297,0.51999,521.2,887.6,1.0,0.54064,0.51789,519.0,884.0,1.0,0.53826,0.51575,516.7,880.4,1.0,0.54814,0.52502,526.2,896.2,1.0,0.54998,0.52635,528.0,898.5,1.0,0.5525,0.52755,530.4,900.5,1.0,0.52675,0.51308,505.7,875.8,1.0,0.54936,0.53186,527.4,907.9,1.0,0.5283,0.5296,507.2,904.0,0.999,0.53392,0.53538,512.6,913.9,0.999,0.45319,0.51706,435.1,882.6,1.0,0.52862,0.56993,507.5,972.9,1.0,0.47424,0.5168,455.3,882.2,0.453,0.49934,0.62002,479.4,1058.4,0.33,0.5338,0.508,512.4,867.2,0.218,0.51093,0.58516,490.5,998.9,0.061,0.54598,0.50274,524.1,858.2,0.241,0.51275,0.57659,492.2,984.2,0.082,0.55366,0.50645,531.5,864.5,0.23,0.5106,0.57304,490.2,978.2,0.075,0.54816,0.50834,526.2,867.7,0.202,0.50896,0.5754,488.6,982.2,0.066,0.36394,0.63972,349.4,1092.0,1.0,0.44133,0.65128,423.7,1111.7,1.0,0.3,0.71044,288.0,1212.7,0.997,0.50043,0.68878,480.4,1175.7,0.85,0.24157,0.79341,231.9,1354.4,0.998,0.52674,0.74992,505.7,1280.1,0.9,0.23608,0.81177,226.6,1385.7,0.996,0.52305,0.76451,502.1,1305.0,0.947,0.20939,0.78876,201.0,1346.4,0.98,0.56441,0.74283,541.8,1268.0,0.645
270,7.457,960,1707,0.54501,0.53249,523.2,909.0,1.0,0.54794,0.52475,526.0,895.8,1.0,0.54588,0.52256,524.0,892.0,1.0,0.5438,0.52027,522.0,888.1,1.0,0.5524,0.52918,530.3,903.3,1.0,0.55385,0.53031,531.7,905.2,1.0,0.55581,0.5314,533.6,907.1,1.0,0.53128,0.51567,510.0,880.3,1.0,0.55197,0.53498,529.9,913.2,1.0,0.53199,0.53414,510.7,911.8,0.999,0.5372,0.53904,515.7,920.1,0.999,0.45742,0.51744,439.1,883.3,1.0,0.52996,0.57161,508.8,975.7,1.0,0.48909,0.51032,469.5,871.1,0.453,0.49974,0.61986,479.7,1058.1,0.39,0.54265,0.50512,520.9,862.2,0.252,0.50962,0.58642,489.2,1001.0,0.069,0.55737,0.5011,535.1,855.4,0.277,0.51149,0.57727,491.0,985.4,0.088,0.56729,0.50495,544.6,861.9,0.266,0.50866,0.5734,488.3,978.8,0.081,0.56439,0.50558,541.8,863.0,0.236,0.50718,0.57591,486.9,983.1,0.072,0.36462,0.63934,350.0,1091.4,1.0,0.44024,0.65035,422.6,1110.2,1.0,0.30124,0.70919,289.2,1210.6,0.998,0.50055,0.68861,480.5,1175.5,0.863,0.24081,0.79301,231.2,1353.7,0.998,0.52647,0.74993,505.4,1280.1,0.908,0.2331,0.81049,223.8,1383.5,0.996,0.52304,0.76451,502.1,1305.0,0.951,0.2105,0.7893,202.1,1347.3,0.982,0.56523,0.74279,542.6,1267.9,0.671
271,7.484,960,1707,0.54451,0.53178,522.7,907.7,1.0,0.54794,0.52348,526.0,893.6,1.0,0.54559,0.52137,523.8,890.0,1.0,0.54298,0.51919,521.3,886.3,1.0,0.5525,0.52782,530.4,901.0,1.0,0.55389,0.52895,531.7,902.9,1.0,0.55587,0.53007,533.6,904.8,1.0,0.52996,0.51538,508.8,879.8,1.0,0.55249,0.53377,530.4,911.1,1.0,0.5315,0.53328,510.2,910.3,0.999,0.53699,0.53829,515.5,918.9,0.999,0.46369,0.51769,445.1,883.7,1.0,0.53317,0.57287,511.8,977.9,1.0,0.5062,0.50573,486.0,863.3,0.492,0.50475,0.61779,484.6,1054.6,0.437,0.56325,0.50317,540.7,858.9,0.298,0.50948,0.58913,489.1,1005.6,0.068,0.57586,0.49973,552.8,853.0,0.321,0.50968,0.57946,489.3,989.1,0.085,0.57895,0.50177,555.8,856.5,0.309,0.50854,0.57798,488.2,986.6,0.078,0.57418,0.50426,551.2,860.8,0.276,0.50445,0.57735,484.3,985.5,0.069,0.36462,0.63854,350.0,1090.0,1.0,0.43991,0.64979,422.3,1109.2,1.0,0.30153,0.7087,289.5,1209.8,0.998,0.50071,0.68793,480.7,1174.3,0.862,0.2408,0.7912,231.2,1350.6,0.998,0.52627,0.74996,505.2,1280.2,0.909,0.23324,0.8077,223.9,1378.7,0.996,0.523,0.76441,502.1,1304.8,0.953,0.21041,0.78936,202.0,1347.4,0.983,0.56522,0.74258,542.6,1267.6,0.68
272,7.512,960,1707,0.54521,0.53429,523.4,912.0,1.0,0.54783,0.52621,525.9,898.2,1.0,0.54494,0.52416,523.1,894.7,1.0,0.5419,0.52195,520.2,891.0,1.0,0.55398,0.53076,531.8,906.0,1.0,0.5558,0.5321,533.6,908.3,1.0,0.55808,0.53352,535.8,910.7,1.0,0.53238,0.51889,511.1,885.7,1.0,0.55629,0.53854,534.0,919.3,1.0,0.53167,0.53596,510.4,914.9,0.999,0.53829,0.54155,516.8,924.4,0.999,0.46506,0.51793,446.5,884.1,1.0,0.53762,0.57546,516.1,982.3,1.0,0.49686,0.50707,477.0,865.6,0.501,0.50443,0.62123,484.2,1060.4,0.427,0.55221,0.5,530.1,853.5,0.311,0.50877,0.59018,488.4,1007.4,0.073,0.5707,0.49246,547.9,840.6,0.333,0.50877,0.58112,488.4,992.0,0.091,0.57367,0.49723,550.7,848.8,0.319,0.50688,0.57848,486.6,987.5,0.084,0.56809,0.50106,545.4,855.3,0.286,0.50448,0.57915,484.3,988.6,0.073,0.36472,0.63808,350.1,1089.2,1.0,0.44,0.64984,422.4,1109.3,1.0,0.30148,0.70885,289.4,1210.0,0.998,0.50083,0.6892,480.8,1176.5,0.864,0.24011,0.79105,230.5,1350.3,0.998,0.52591,0.74987,504.9,1280.0,0.904,0.2341,0.80795,224.7,1379.2,0.996,0.52299,0.76418,502.1,1304.5,0.951,0.20228,0.79132,194.2,1350.8,0.983,0.56502,0.74221,542.4,1266.9,0.676
273,7.54,960,1707,0.54968,0.54238,527.7,925.8,1.0,0.55301,0.53516,530.9,913.5,1.0,0.55076,0.53354,528.7,910.8,1.0,0.54852,0.53174,526.6,907.7,1.0,0.55755,0.53871,535.2,919.6,1.0,0.55891,0.53983,536.6,921.5,1.0,0.56073,0.54108,538.3,923.6,1.0,0.5392,0.52813,517.6,901.5,1.0,0.55809,0.54468,535.8,929.8,1.0,0.53755,0.54375,516.0,928.2,0.999,0.54199,0.54826,520.3,935.9,0.999,0.46958,0.51901,450.8,886.0,1.0,0.53815,0.57935,516.6,989.0,1.0,0.5112,0.50351,490.8,859.5,0.522,0.50406,0.62179,483.9,1061.4,0.429,0.56149,0.49594,539.0,846.6,0.338,0.50805,0.59084,487.7,1008.6,0.079,0.577,0.48641,553.9,830.3,0.357,0.50983,0.58447,489.4,997.7,0.099,0.57972,0.49295,556.5,841.5,0.342,0.50654,0.57877,486.3,988.0,0.091,0.57566,0.49764,552.6,849.5,0.308,0.50232,0.57931,482.2,988.9,0.078,0.36499,0.63796,350.4,1089.0,1.0,0.43914,0.64977,421.6,1109.2,1.0,0.30142,0.709,289.4,1210.3,0.998,0.50205,0.68942,482.0,1176.8,0.871,0.24009,0.79076,230.5,1349.8,0.998,0.52546,0.74994,504.4,1280.1,0.906,0.23412,0.80735,224.8,1378.1,0.996,0.52257,0.76396,501.7,1304.1,0.952,0.20121,0.79327,193.2,1354.1,0.984,0.56501,0.74268,542.4,1267.8,0.684
274,7.567,960,1707,0.55032,0.54506,528.3,930.4,1.0,0.55375,0.53825,531.6,918.8,1.0,0.55138,0.53641,529.3,915.6,1.0,0.54897,0.5344,527.0,912.2,1.0,0.55826,0.5423,535.9,925.7,1.0,0.55935,0.54345,537.0,927.7,1.0,0.56071,0.54467,538.3,929.7,1.0,0.54057,0.53149,518.9,907.3,1.0,0.55829,0.54779,536.0,935.1,1.0,0.53804,0.54564,516.5,931.4,0.999,0.54273,0.55059,521.0,939.9,0.999,0.47202,0.52035,453.1,888.2,1.0,0.53943,0.58254,517.9,994.4,1.0,0.51464,0.50375,494.1,859.9,0.541,0.50403,0.62376,483.9,1064.8,0.42,0.55876,0.49786,536.4,849.9,0.353,0.50865,0.5923,488.3,1011.1,0.08,0.5727,0.48889,549.8,834.5,0.369,0.51476,0.58793,494.2,1003.6,0.1,0.57555,0.49362,552.5,842.6,0.352,0.50732,0.58026,487.0,990.5,0.091,0.57219,0.49811,549.3,850.3,0.316,0.50282,0.58064,482.7,991.1,0.078,0.36504,0.63819,350.4,1089.4,1.0,0.43886,0.64998,421.3,1109.5,1.0,0.30135,0.7094,289.3,1211.0,0.998,0.50331,0.6896,483.2,1177.1,0.87,0.24015,0.79107,230.5,1350.4,0.998,0.52532,0.74994,504.3,1280.1,0.902,0.23451,0.80753,225.1,1378.5,0.996,0.5224,0.76379,501.5,1303.8,0.95,0.20145,0.79309,193.4,1353.8,0.984,0.56508,0.7426,542.5,1267.6,0.678
275,7.595,960,1707,0.55331,0.54582,531.2,931.7,1.0,0.55703,0.53992,534.8,921.6,1.0,0.55499,0.53814,532.8,918.6,1.0,0.55278,0.53613,530.7,915.2,1.0,0.56101,0.54399,538.6,928.6,1.0,0.56196,0.54522,539.5,930.7,1.0,0.56311,0.54649,540.6,932.9,1.0,0.54457,0.5331,522.8,910.0,1.0,0.56035,0.54955,537.9,938.1,1.0,0.54132,0.54656,519.7,933.0,0.999,0.54555,0.55156,523.7,941.5,0.999,0.47686,0.52182,457.8,890.7,1.0,0.54077,0.58373,519.1,996.4,1.0,0.52756,0.50157,506.5,856.2,0.575,0.50454,0.62559,484.4,1067.9,0.428,0.56843,0.49736,545.7,849.0,0.39,0.51366,0.59507,493.1,1015.8,0.091,0.57763,0.48927,554.5,835.2,0.399,0.52407,0.59166,503.1,1010.0,0.11,0.57922,0.4934,556.0,842.2,0.382,0.5141,0.58313,493.5,995.4,0.101,0.57741,0.49718,554.3,848.7,0.344,0.50905,0.58338,488.7,995.8,0.085,0.36504,0.63832,350.4,1089.6,1.0,0.43888,0.65025,421.3,1110.0,1.0,0.30086,0.71096,288.8,1213.6,0.998,0.50467,0.68899,484.5,1176.1,0.877,0.24026,0.79157,230.6,1351.2,0.998,0.52511,0.75006,504.1,1280.3,0.904,0.23456,0.80886,225.2,1380.7,0.996,0.52215,0.76379,501.3,1303.8,0.951,0.19952,0.79266,191.5,1353.1,0.985,0.56538,0.74252,542.8,1267.5,0.688
276,7.622,960,1707,0.55756,0.54584,535.3,931.8,1.0,0.56088,0.54019,538.4,922.1,1.0,0.55875,0.53855,536.4,919.3,1.0,0.55646,0.53668,534.2,916.1,1.0,0.56485,0.54403,542.3,928.7,1.0,0.56569,0.54518,543.1,930.6,1.0,0.56678,0.54636,544.1,932.6,1.0,0.5481,0.53444,526.2,912.3,1.0,0.56381,0.54972,541.3,938.4,1.0,0.54571,0.54678,523.9,933.3,0.999,0.5497,0.55143,527.7,941.3,0.999,0.48037,0.52388,461.2,894.3,1.0,0.54315,0.58358,521.4,996.2,1.0,0.53308,0.50215,511.8,857.2,0.615,0.50597,0.62545,485.7,1067.6,0.471,0.57214,0.4978,549.3,849.7,0.426,0.51069,0.60243,490.3,1028.4,0.087,0.58089,0.48981,557.7,836.1,0.426,0.51594,0.5987,495.3,1022.0,0.104,0.58207,0.49363,558.8,842.6,0.408,0.50722,0.59091,486.9,1008.7,0.094,0.58041,0.49723,557.2,848.8,0.369,0.50531,0.59064,485.1,1008.2,0.08,0.36555,0.63802,350.9,1089.1,1.0,0.43885,0.65025,421.3,1110.0,1.0,0.30134,0.71075,289.3,1213.2,0.998,0.50507,0.68902,484.9,1176.2,0.886,0.24094,0.79134,231.3,1350.8,0.998,0.52518,0.75032,504.2,1280.8,0.91,0.23459,0.80888,225.2,1380.8,0.997,0.52204,0.76391,501.2,1304.0,0.954,0.19941,0.79252,191.4,1352.8,0.986,0.56538,0.74296,542.8,1268.2,0.707
277,7.65,960,1707,0.56153,0.54831,539.1,936.0,1.0,0.56551,0.54225,542.9,925.6,1.0,0.56375,0.54062,541.2,922.8,1.0,0.56185,0.53878,539.4,919.7,1.0,0.56863,0.54631,545.9,932.5,1.0,0.56925,0.54757,546.5,934.7,1.0,0.57012,0.54879,547.3,936.8,1.0,0.55374,0.5369,531.6,916.5,1.0,0.56733,0.55222,544.6,942.6,1.0,0.54988,0.54962,527.9,938.2,0.999,0.55311,0.55419,531.0,946.0,1.0,0.4838,0.52549,464.5,897.0,1.0,0.544,0.58514,522.2,998.8,1.0,0.53784,0.5033,516.3,859.1,0.652,0.5057,0.62949,485.5,1074.5,0.506,0.57272,0.49775,549.8,849.7,0.456,0.49783,0.61848,477.9,1055.8,0.082,0.58098,0.48916,557.7,835.0,0.444,0.49659,0.61727,476.7,1053.7,0.096,0.58288,0.49247,559.6,840.7,0.425,0.48838,0.61024,468.8,1041.7,0.087,0.58019,0.49709,557.0,848.5,0.385,0.48956,0.60873,470.0,1039.1,0.074,0.36745,0.63781,352.8,1088.7,1.0,0.44341,0.65093,425.7,1111.1,1.0,0.30218,0.71107,290.1,1213.8,0.998,0.50659,0.689,486.3,1176.1,0.892,0.24094,0.79141,231.3,1350.9,0.998,0.52547,0.75091,504.5,1281.8,0.915,0.23435,0.80946,225.0,1381.8,0.997,0.52214,0.76452,501.3,1305.0,0.957,0.19946,0.79233,191.5,1352.5,0.987,0.56535,0.74298,542.7,1268.3,0.721
278,7.678,960,1707,0.56491,0.54874,542.3,936.7,1.0,0.56939,0.54267,546.6,926.3,1.0,0.56773,0.541,545.0,923.5,1.0,0.56594,0.53912,543.3,920.3,1.0,0.57276,0.54686,549.8,933.5,1.0,0.57352,0.5481,550.6,935.6,1.0,0.57453,0.54932,551.5,937.7,1.0,0.5582,0.53756,535.9,917.6,1.0,0.57173,0.55273,548.9,943.5,1.0,0.55333,0.55001,531.2,938.9,1.0,0.55653,0.55466,534.3,946.8,1.0,0.48826,0.52591,468.7,897.7,1.0,0.54768,0.58562,525.8,999.7,1.0,0.54841,0.50239,526.5,857.6,0.675,0.50552,0.62966,485.3,1074.8,0.476,0.57586,0.49842,552.8,850.8,0.452,0.49808,0.61263,478.2,1045.8,0.078,0.58144,0.48967,558.2,835.9,0.434,0.50063,0.61006,480.6,1041.4,0.092,0.58351,0.49377,560.2,842.9,0.414,0.4891,0.60249,469.5,1028.5,0.084,0.5821,0.49803,558.8,850.1,0.373,0.49088,0.60178,471.2,1027.2,0.07,0.36871,0.63767,354.0,1088.5,1.0,0.44398,0.65104,426.2,1111.3,1.0,0.30438,0.71093,292.2,1213.6,0.998,0.50728,0.68902,487.0,1176.2,0.886,0.24073,0.79151,231.1,1351.1,0.998,0.52666,0.75093,505.6,1281.8,0.908,0.23325,0.80956,223.9,1381.9,0.997,0.52283,0.76413,501.9,1304.4,0.953,0.20352,0.79322,195.4,1354.0,0.987,0.56622,0.74295,543.6,1268.2,0.708
279,7.705,960,1707,0.56788,0.54817,545.2,935.7,1.0,0.57278,0.54208,549.9,925.3,1.0,0.57102,0.54048,548.2,922.6,1.0,0.56902,0.53869,546.3,919.5,1.0,0.57664,0.54615,553.6,932.3,1.0,0.57758,0.54742,554.5,934.4,1.0,0.57868,0.54867,555.5,936.6,1.0,0.5613,0.53751,538.8,917.5,1.0,0.5759,0.55273,552.9,943.5,1.0,0.55602,0.54962,533.8,938.2,1.0,0.55995,0.55425,537.5,946.1,1.0,0.49206,0.52603,472.4,897.9,1.0,0.55212,0.58641,530.0,1001.0,1.0,0.54923,0.50287,527.3,858.4,0.702,0.50652,0.62942,486.3,1074.4,0.455,0.57481,0.49912,551.8,852.0,0.446,0.509,0.61003,488.6,1041.3,0.078,0.57944,0.49032,556.3,837.0,0.421,0.5171,0.60643,496.4,1035.2,0.091,0.58033,0.49445,557.1,844.0,0.4,0.50563,0.59862,485.4,1021.8,0.082,0.57953,0.49857,556.4,851.1,0.36,0.5031,0.59834,483.0,1021.4,0.068,0.36935,0.63772,354.6,1088.6,1.0,0.44476,0.65144,427.0,1112.0,1.0,0.30471,0.71092,292.5,1213.5,0.998,0.50826,0.68961,487.9,1177.2,0.889,0.24091,0.79157,231.3,1351.2,0.998,0.52849,0.75138,507.3,1282.6,0.909,0.23441,0.80962,225.0,1382.0,0.997,0.52419,0.76435,503.2,1304.8,0.953,0.20342,0.7931,195.3,1353.8,0.987,0.56782,0.74295,545.1,1268.2,0.711
280,7.733,960,1707,0.56837,0.54723,545.6,934.1,1.0,0.57251,0.54097,549.6,923.4,1.0,0.57036,0.53926,547.5,920.5,1.0,0.56798,0.53741,545.3,917.4,1.0,0.57728,0.54535,554.2,930.9,1.0,0.5785,0.54666,555.4,933.2,1.0,0.57985,0.54791,556.7,935.3,1.0,0.56013,0.53658,537.7,916.0,1.0,0.57771,0.55187,554.6,942.0,1.0,0.55624,0.54854,534.0,936.4,1.0,0.56152,0.55366,539.1,945.1,1.0,0.49295,0.52719,473.2,899.9,1.0,0.55556,0.58658,533.3,1001.3,1.0,0.54467,0.50299,522.9,858.6,0.717,0.50985,0.63149,489.5,1078.0,0.44,0.56974,0.49982,546.9,853.2,0.427,0.52276,0.60896,501.9,1039.5,0.08,0.57566,0.49045,552.6,837.2,0.4,0.53458,0.60491,513.2,1032.6,0.092,0.57788,0.49489,554.8,844.8,0.379,0.52641,0.59989,505.4,1024.0,0.083,0.57692,0.49878,553.8,851.4,0.34,0.52375,0.60069,502.8,1025.4,0.068,0.37045,0.63775,355.6,1088.6,1.0,0.4459,0.65236,428.1,1113.6,1.0,0.30487,0.71092,292.7,1213.5,0.998,0.51016,0.68991,489.8,1177.7,0.888,0.24091,0.79158,231.3,1351.2,0.998,0.53019,0.75077,509.0,1281.6,0.903,0.23509,0.80965,225.7,1382.1,0.997,0.52536,0.76417,504.3,1304.4,0.95,0.20604,0.79257,197.8,1352.9,0.987,0.56909,0.74271,546.3,1267.8,0.695
281,7.761,960,1707,0.57075,0.5514,547.9,941.2,1.0,0.5755,0.54469,552.5,929.8,1.0,0.5733,0.54278,550.4,926.5,1.0,0.57091,0.54074,548.1,923.0,1.0,0.58,0.5493,556.8,937.7,1.0,0.58106,0.55063,557.8,939.9,1.0,0.58226,0.5519,559.0,942.1,1.0,0.56304,0.54012,540.5,922.0,1.0,0.58027,0.55521,557.1,947.7,1.0,0.55814,0.5525,535.8,943.1,1.0,0.56314,0.55735,540.6,951.4,1.0,0.49426,0.52896,474.5,902.9,1.0,0.55759,0.58938,535.3,1006.1,1.0,0.54323,0.50405,521.5,860.4,0.735,0.51369,0.63433,493.1,1082.8,0.419,0.56997,0.50023,547.2,853.9,0.426,0.52759,0.60839,506.5,1038.5,0.08,0.57551,0.49054,552.5,837.3,0.395,0.54632,0.60535,524.5,1033.3,0.092,0.57869,0.49507,555.5,845.1,0.373,0.53191,0.59975,510.6,1023.8,0.082,0.57918,0.49915,556.0,852.1,0.334,0.52949,0.60124,508.3,1026.3,0.067,0.37136,0.63785,356.5,1088.8,1.0,0.44691,0.65352,429.0,1115.6,1.0,0.30494,0.71108,292.7,1213.8,0.998,0.51097,0.69103,490.5,1179.6,0.882,0.24073,0.79157,231.1,1351.2,0.998,0.53229,0.75073,511.0,1281.5,0.893,0.23511,0.80966,225.7,1382.1,0.996,0.52652,0.76417,505.5,1304.4,0.945,0.2088,0.79226,200.4,1352.4,0.986,0.56986,0.74265,547.1,1267.7,0.674
282,7.788,960,1707,0.57357,0.55121,550.6,940.9,1.0,0.57837,0.54477,555.2,929.9,1.0,0.57636,0.54286,553.3,926.7,1.0,0.57422,0.54089,551.3,923.3,1.0,0.58288,0.54967,559.6,938.3,1.0,0.58415,0.55114,560.8,940.8,1.0,0.58558,0.55256,562.2,943.2,1.0,0.5668,0.54072,544.1,923.0,1.0,0.58354,0.55657,560.2,950.1,1.0,0.56099,0.55215,538.6,942.5,1.0,0.56621,0.55749,543.6,951.6,1.0,0.49967,0.52957,479.7,904.0,1.0,0.56033,0.59137,537.9,1009.5,1.0,0.54329,0.50428,521.6,860.8,0.761,0.51686,0.63579,496.2,1085.3,0.46,0.56797,0.50033,545.2,854.1,0.447,0.53035,0.60874,509.1,1039.1,0.079,0.57415,0.49086,551.2,837.9,0.406,0.54195,0.60471,520.3,1032.2,0.088,0.5781,0.49537,555.0,845.6,0.383,0.53349,0.60125,512.1,1026.3,0.078,0.5782,0.49935,555.1,852.4,0.343,0.53176,0.60286,510.5,1029.1,0.064,0.37499,0.63843,360.0,1089.8,1.0,0.44919,0.65416,431.2,1116.7,1.0,0.30487,0.71152,292.7,1214.6,0.998,0.5122,0.68826,491.7,1174.9,0.887,0.24053,0.79195,230.9,1351.9,0.998,0.53467,0.7496,513.3,1279.6,0.894,0.23655,0.81056,227.1,1383.6,0.996,0.52762,0.76382,506.5,1303.8,0.946,0.20427,0.79209,196.1,1352.1,0.987,0.57073,0.74223,547.9,1267.0,0.678
283,7.816,960,1707,0.5761,0.55273,553.1,943.5,1.0,0.58026,0.54634,557.0,932.6,1.0,0.57827,0.54431,555.1,929.1,1.0,0.57607,0.54237,553.0,925.8,1.0,0.58459,0.55163,561.2,941.6,1.0,0.58578,0.55324,562.4,944.4,1.0,0.58711,0.55485,563.6,947.1,1.0,0.56838,0.54194,545.6,925.1,1.0,0.58477,0.55817,561.4,952.8,1.0,0.56373,0.55281,541.2,943.6,1.0,0.56929,0.55909,546.5,954.4,1.0,0.50279,0.53039,482.7,905.4,1.0,0.56238,0.59172,539.9,1010.1,1.0,0.53996,0.50451,518.4,861.2,0.777,0.51931,0.63602,498.5,1085.7,0.447,0.56753,0.50232,544.8,857.5,0.437,0.54417,0.60833,522.4,1038.4,0.082,0.56764,0.49089,544.9,838.0,0.394,0.56944,0.60613,546.7,1034.7,0.091,0.57779,0.49555,554.7,845.9,0.37,0.5598,0.60004,537.4,1024.3,0.081,0.57728,0.50125,554.2,855.6,0.33,0.5543,0.60169,532.1,1027.1,0.065,0.37818,0.63845,363.0,1089.8,1.0,0.45157,0.65414,433.5,1116.6,1.0,0.30483,0.71185,292.6,1215.1,0.998,0.51269,0.68831,492.2,1174.9,0.889,0.24001,0.79196,230.4,1351.9,0.998,0.53451,0.74944,513.1,1279.3,0.89,0.23663,0.81066,227.2,1383.8,0.996,0.52753,0.76358,506.4,1303.4,0.945,0.19929,0.79199,191.3,1351.9,0.987,0.57064,0.74224,547.8,1267.0,0.67
284,7.843,960,1707,0.57956,0.55232,556.4,942.8,1.0,0.58433,0.54605,561.0,932.1,1.0,0.58238,0.54398,559.1,928.6,1.0,0.58019,0.54201,557.0,925.2,1.0,0.58868,0.55145,565.1,941.3,1.0,0.58993,0.55311,566.3,944.2,1.0,0.59133,0.55476,567.7,947.0,1.0,0.57218,0.54177,549.3,924.8,1.0,0.58841,0.5585,564.9,953.4,1.0,0.56711,0.5524,544.4,942.9,1.0,0.57307,0.55889,550.1,954.0,1.0,0.50707,0.53101,486.8,906.4,1.0,0.56763,0.59242,544.9,1011.3,1.0,0.55235,0.50435,530.3,860.9,0.794,0.52253,0.63754,501.6,1088.3,0.469,0.57185,0.50444,549.0,861.1,0.441,0.56023,0.60867,537.8,1039.0,0.121,0.572,0.49273,549.1,841.1,0.393,0.5868,0.60678,563.3,1035.8,0.126,0.58151,0.5012,558.3,855.6,0.368,0.58189,0.60165,558.6,1027.0,0.112,0.58309,0.50734,559.8,866.0,0.327,0.57223,0.60234,549.3,1028.2,0.089,0.38049,0.63882,365.3,1090.5,1.0,0.45426,0.65511,436.1,1118.3,1.0,0.30479,0.7133,292.6,1217.6,0.998,0.51424,0.68895,493.7,1176.0,0.889,0.23855,0.79264,229.0,1353.0,0.998,0.5344,0.74945,513.0,1279.3,0.886,0.23621,0.81164,226.8,1385.5,0.997,0.52731,0.76351,506.2,1303.3,0.944,0.19944,0.79138,191.5,1350.9,0.988,0.57041,0.74289,547.6,1268.1,0.663
285,7.871,960,1707,0.58357,0.55301,560.2,944.0,1.0,0.58837,0.54684,564.8,933.5,1.0,0.58634,0.54466,562.9,929.7,1.0,0.58403,0.54258,560.7,926.2,1.0,0.59279,0.55238,569.1,942.9,1.0,0.59403,0.55405,570.3,945.8,1.0,0.59549,0.55574,571.7,948.7,1.0,0.57522,0.54225,552.2,925.6,1.0,0.59162,0.55953,568.0,955.1,1.0,0.57051,0.55286,547.7,943.7,1.0,0.57682,0.55948,553.7,955.0,1.0,0.5111,0.53174,490.7,907.7,1.0,0.57103,0.5939,548.2,1013.8,1.0,0.55514,0.50447,532.9,861.1,0.809,0.5292,0.63674,508.0,1086.9,0.476,0.57148,0.50385,548.6,860.1,0.451,0.57054,0.60952,547.7,1040.5,0.148,0.57163,0.49158,548.8,839.1,0.398,0.59935,0.60786,575.4,1037.6,0.151,0.5803,0.49815,557.1,850.3,0.373,0.59477,0.60289,571.0,1029.1,0.135,0.58176,0.50426,558.5,860.8,0.329,0.58244,0.60329,559.1,1029.8,0.104,0.38324,0.64103,367.9,1094.2,1.0,0.45748,0.65696,439.2,1121.4,1.0,0.3044,0.71339,292.2,1217.8,0.998,0.51791,0.68659,497.2,1172.0,0.873,0.23807,0.79257,228.5,1352.9,0.998,0.5344,0.74922,513.0,1278.9,0.861,0.23615,0.81163,226.7,1385.5,0.997,0.52727,0.76332,506.2,1303.0,0.935,0.19917,0.79092,191.2,1350.1,0.988,0.57034,0.74306,547.5,1268.4,0.631
286,7.899,960,1707,0.58668,0.55379,563.2,945.3,1.0,0.59122,0.54778,567.6,935.1,1.0,0.58905,0.54569,565.5,931.5,1.0,0.58667,0.54369,563.2,928.1,1.0,0.59616,0.5532,572.3,944.3,1.0,0.59766,0.55491,573.8,947.2,1.0,0.5994,0.55667,575.4,950.2,1.0,0.57748,0.54375,554.4,928.2,1.0,0.59558,0.56074,571.8,957.2,1.0,0.57344,0.55386,550.5,945.4,1.0,0.58034,0.56053,557.1,956.8,1.0,0.51369,0.53358,493.1,910.8,1.0,0.57531,0.59615,552.3,1017.6,1.0,0.55443,0.51,532.3,870.6,0.819,0.53286,0.63856,511.5,1090.0,0.468,0.5704,0.50335,547.6,859.2,0.465,0.5726,0.6114,549.7,1043.7,0.164,0.57018,0.49119,547.4,838.5,0.41,0.59589,0.60864,572.1,1038.9,0.166,0.57869,0.49546,555.5,845.7,0.384,0.59381,0.60441,570.1,1031.7,0.149,0.58063,0.50062,557.4,854.6,0.336,0.58269,0.60497,559.4,1032.7,0.113,0.3846,0.64257,369.2,1096.9,1.0,0.45931,0.65822,440.9,1123.6,1.0,0.30438,0.71373,292.2,1218.3,0.998,0.52255,0.68047,501.7,1161.6,0.852,0.23792,0.79257,228.4,1352.9,0.998,0.53534,0.74901,513.9,1278.6,0.835,0.23614,0.81164,226.7,1385.5,0.996,0.52741,0.76312,506.3,1302.7,0.922,0.19686,0.79064,189.0,1349.6,0.986,0.56999,0.7431,547.2,1268.5,0.599
287,7.926,960,1707,0.59029,0.5549,566.7,947.2,1.0,0.59458,0.54902,570.8,937.2,1.0,0.59231,0.54693,568.6,933.6,1.0,0.58978,0.54497,566.2,930.3,1.0,0.59964,0.55453,575.7,946.6,1.0,0.60112,0.55625,577.1,949.5,1.0,0.60282,0.55801,578.7,952.5,1.0,0.57998,0.54474,556.8,929.9,1.0,0.59874,0.56196,574.8,959.3,1.0,0.57698,0.55497,553.9,947.3,1.0,0.5835,0.56166,560.2,958.8,1.0,0.51577,0.53604,495.1,915.0,1.0,0.57865,0.59831,555.5,1021.3,1.0,0.55346,0.51306,531.3,875.8,0.824,0.53361,0.64192,512.3,1095.8,0.455,0.57007,0.50327,547.3,859.1,0.476,0.57036,0.61352,547.5,1047.3,0.173,0.56857,0.49118,545.8,838.4,0.421,0.59338,0.61011,569.6,1041.5,0.178,0.57669,0.49437,553.6,843.9,0.394,0.59231,0.60652,568.6,1035.3,0.159,0.57804,0.49926,554.9,852.2,0.343,0.58083,0.60726,557.6,1036.6,0.121,0.38638,0.64381,370.9,1099.0,1.0,0.46201,0.659,443.5,1124.9,1.0,0.30451,0.71365,292.3,1218.2,0.998,0.52664,0.67807,505.6,1157.5,0.836,0.23792,0.79207,228.4,1352.1,0.998,0.53612,0.74826,514.7,1277.3,0.815,0.23631,0.81105,226.9,1384.5,0.996,0.52758,0.76266,506.5,1301.9,0.913,0.19455,0.78986,186.8,1348.3,0.985,0.56997,0.74308,547.2,1268.4,0.574
288,7.954,960,1707,0.59534,0.55638,571.5,949.7,1.0,0.59943,0.55063,575.5,939.9,1.0,0.59746,0.54853,573.6,936.3,1.0,0.59518,0.5465,571.4,932.9,1.0,0.60388,0.556,579.7,949.1,1.0,0.6052,0.55767,581.0,951.9,1.0,0.60674,0.55937,582.5,954.8,1.0,0.58485,0.54593,561.5,931.9,1.0,0.60152,0.56278,577.5,960.7,1.0,0.58261,0.55647,559.3,949.9,1.0,0.58848,0.56302,564.9,961.1,1.0,0.51921,0.53671,498.4,916.2,1.0,0.58256,0.60053,559.3,1025.1,1.0,0.55199,0.51649,529.9,881.7,0.82,0.53654,0.64336,515.1,1098.2,0.433,0.56875,0.50261,546.0,858.0,0.476,0.57991,0.61365,556.7,1047.5,0.178,0.56551,0.49126,542.9,838.6,0.423,0.60097,0.61018,576.9,1041.6,0.184,0.5731,0.49376,550.2,842.8,0.396,0.59887,0.6067,574.9,1035.6,0.165,0.57501,0.49849,552.0,850.9,0.342,0.59027,0.60725,566.7,1036.6,0.125,0.38825,0.64556,372.7,1102.0,1.0,0.46403,0.66144,445.5,1129.1,1.0,0.30449,0.71368,292.3,1218.3,0.998,0.53085,0.67305,509.6,1148.9,0.809,0.23836,0.79207,228.8,1352.1,0.998,0.53609,0.74727,514.6,1275.6,0.787,0.237,0.81101,227.5,1384.4,0.995,0.5277,0.76227,506.6,1301.2,0.898,0.1939,0.78882,186.1,1346.5,0.984,0.56818,0.74308,545.4,1268.4,0.543
289,7.981,960,1707,0.59717,0.55849,573.3,953.3,1.0,0.60194,0.55313,577.9,944.2,1.0,0.60023,0.55128,576.2,941.0,1.0,0.59822,0.54947,574.3,937.9,1.0,0.606,0.558,581.8,952.5,1.0,0.60733,0.55962,583.0,955.3,1.0,0.60892,0.56134,584.6,958.2,1.0,0.58857,0.54846,565.0,936.2,1.0,0.60453,0.56483,580.3,964.2,1.0,0.58507,0.55868,561.7,953.7,1.0,0.59036,0.56489,566.7,964.3,1.0,0.5232,0.53851,502.3,919.2,1.0,0.58593,0.60151,562.5,1026.8,1.0,0.55073,0.51931,528.7,886.5,0.817,0.54414,0.64283,522.4,1097.3,0.42,0.56841,0.50294,545.7,858.5,0.483,0.58839,0.6152,564.9,1050.1,0.188,0.56553,0.49153,542.9,839.0,0.432,0.60801,0.6117,583.7,1044.2,0.194,0.5731,0.49384,550.2,843.0,0.405,0.60576,0.60803,581.5,1037.9,0.174,0.57494,0.49868,551.9,851.2,0.348,0.59792,0.60852,574.0,1038.7,0.131,0.39021,0.64861,374.6,1107.2,1.0,0.46612,0.6636,447.5,1132.8,1.0,0.30461,0.7142,292.4,1219.1,0.997,0.53469,0.67194,513.3,1147.0,0.777,0.23914,0.79177,229.6,1351.6,0.997,0.53639,0.74678,514.9,1274.8,0.751,0.23882,0.81086,229.3,1384.1,0.995,0.52857,0.76169,507.4,1300.2,0.879,0.19313,0.78884,185.4,1346.6,0.982,0.56657,0.74319,543.9,1268.6,0.509
290,8.009,960,1707,0.5969,0.55923,573.0,954.6,1.0,0.60151,0.55428,577.4,946.2,1.0,0.59964,0.55269,575.7,943.4,1.0,0.59746,0.5511,573.6,940.7,1.0,0.60621,0.55871,582.0,953.7,1.0,0.60776,0.56028,583.4,956.4,1.0,0.60945,0.56193,585.1,959.2,1.0,0.58869,0.54998,565.1,938.8,1.0,0.60584,0.56581,581.6,965.8,1.0,0.58602,0.56028,562.6,956.4,0.999,0.5912,0.56603,567.6,966.2,0.999,0.5265,0.53997,505.4,921.7,1.0,0.58894,0.60326,565.4,1029.8,1.0,0.55017,0.52215,528.2,891.3,0.805,0.55003,0.64481,528.0,1100.7,0.399,0.5681,0.50256,545.4,857.9,0.476,0.59709,0.61643,573.2,1052.2,0.193,0.56554,0.49157,542.9,839.1,0.429,0.61541,0.61272,590.8,1045.9,0.202,0.57313,0.49306,550.2,841.7,0.403,0.61337,0.60919,588.8,1039.9,0.181,0.57493,0.49787,551.9,849.9,0.343,0.60532,0.61032,581.1,1041.8,0.136,0.39392,0.64961,378.2,1108.9,1.0,0.46916,0.66499,450.4,1135.1,1.0,0.30499,0.71499,292.8,1220.5,0.997,0.53957,0.67149,518.0,1146.2,0.731,0.23931,0.7917,229.7,1351.4,0.996,0.53653,0.74677,515.1,1274.7,0.702,0.23952,0.8109,229.9,1384.2,0.994,0.52918,0.76149,508.0,1299.9,0.845,0.19311,0.78834,185.4,1345.7,0.977,0.5652,0.74419,542.6,1270.3,0.469
291,8.037,960,1707,0.60142,0.56067,577.4,957.1,1.0,0.60605,0.55576,581.8,948.7,1.0,0.60434,0.55412,580.2,945.9,1.0,0.6023,0.55243,578.2,943.0,1.0,0.61063,0.56016,586.2,956.2,1.0,0.61211,0.56162,587.6,958.7,1.0,0.61364,0.56314,589.1,961.3,1.0,0.59404,0.55088,570.3,940.3,1.0,0.60916,0.56656,584.8,967.1,1.0,0.59106,0.56146,567.4,958.4,0.999,0.59578,0.56731,572.0,968.4,0.999,0.53214,0.54059,510.9,922.8,1.0,0.59318,0.60337,569.5,1029.9,1.0,0.55427,0.52138,532.1,890.0,0.799,0.55663,0.64482,534.4,1100.7,0.379,0.56797,0.50239,545.3,857.6,0.475,0.60052,0.61609,576.5,1051.7,0.194,0.56554,0.49177,542.9,839.5,0.43,0.6186,0.61277,593.9,1046.0,0.204,0.57246,0.49308,549.6,841.7,0.404,0.61751,0.60937,592.8,1040.2,0.184,0.5743,0.49757,551.3,849.4,0.342,0.60911,0.6106,584.7,1042.3,0.137,0.40016,0.6498,384.2,1109.2,1.0,0.47591,0.66591,456.9,1136.7,1.0,0.30803,0.71393,295.7,1218.7,0.996,0.54197,0.67275,520.3,1148.4,0.689,0.24004,0.79158,230.4,1351.2,0.995,0.53719,0.74479,515.7,1271.4,0.657,0.24006,0.81089,230.5,1384.2,0.993,0.53066,0.75869,509.4,1295.1,0.817,0.19327,0.78826,185.5,1345.6,0.975,0.56523,0.74428,542.6,1270.5,0.433
292,8.064,960,1707,0.60579,0.56231,581.6,959.9,1.0,0.6104,0.55728,586.0,951.3,1.0,0.60884,0.55557,584.5,948.4,1.0,0.60693,0.55374,582.7,945.2,1.0,0.61474,0.56177,590.1,958.9,1.0,0.61622,0.56327,591.6,961.5,1.0,0.61784,0.56482,593.1,964.1,1.0,0.59877,0.55224,574.8,942.7,1.0,0.61364,0.56876,589.1,970.9,1.0,0.59595,0.56333,572.1,961.6,0.999,0.60033,0.56868,576.3,970.7,0.999,0.53792,0.54175,516.4,924.8,1.0,0.59661,0.60819,572.7,1038.2,1.0,0.5597,0.52215,537.3,891.3,0.79,0.55501,0.64737,532.8,1105.1,0.351,0.56866,0.50247,545.9,857.7,0.469,0.59311,0.61899,569.4,1056.6,0.183,0.56544,0.4927,542.8,841.0,0.425,0.61022,0.61374,585.8,1047.6,0.193,0.57206,0.49319,549.2,841.9,0.399,0.60702,0.61111,582.7,1043.2,0.174,0.57423,0.49771,551.3,849.6,0.336,0.6002,0.61212,576.2,1044.9,0.129,0.40342,0.6509,387.3,1111.1,1.0,0.47858,0.6671,459.4,1138.7,1.0,0.30857,0.71357,296.2,1218.1,0.995,0.54711,0.67074,525.2,1145.0,0.646,0.24222,0.79019,232.5,1348.8,0.995,0.53715,0.74389,515.7,1269.8,0.613,0.24205,0.8098,232.4,1382.3,0.992,0.53061,0.75777,509.4,1293.5,0.783,0.19475,0.78934,187.0,1347.4,0.971,0.56511,0.74439,542.5,1270.7,0.399
293,8.092,960,1707,0.61081,0.56443,586.4,963.5,1.0,0.61548,0.55926,590.9,954.7,1.0,0.61367,0.55755,589.1,951.7,1.0,0.61153,0.55575,587.1,948.7,1.0,0.62059,0.56381,595.8,962.4,1.0,0.6224,0.56534,597.5,965.0,1.0,0.62437,0.56692,599.4,967.7,1.0,0.6031,0.555,579.0,947.4,1.0,0.6204,0.57138,595.6,975.3,1.0,0.60051,0.5656,576.5,965.5,0.999,0.60562,0.57096,581.4,974.6,0.999,0.54364,0.5453,521.9,930.8,1.0,0.60056,0.61163,576.5,1044.1,1.0,0.56206,0.5235,539.6,893.6,0.796,0.55556,0.64894,533.3,1107.7,0.323,0.56851,0.50271,545.8,858.1,0.483,0.58852,0.62164,565.0,1061.1,0.168,0.56516,0.49301,542.6,841.6,0.438,0.60725,0.61541,583.0,1050.5,0.179,0.57172,0.49327,548.9,842.0,0.413,0.60297,0.61227,578.8,1045.1,0.161,0.574,0.49781,551.0,849.8,0.345,0.59632,0.61389,572.5,1047.9,0.12,0.40695,0.65198,390.7,1112.9,1.0,0.47961,0.66835,460.4,1140.9,1.0,0.30978,0.71235,297.4,1216.0,0.995,0.54691,0.67183,525.0,1146.8,0.596,0.2429,0.79006,233.2,1348.6,0.994,0.53669,0.74374,515.2,1269.6,0.565,0.24279,0.80972,233.1,1382.2,0.99,0.5303,0.75773,509.1,1293.4,0.744,0.19468,0.78939,186.9,1347.5,0.967,0.56511,0.74433,542.5,1270.6,0.366
294,8.12,960,1707,0.61769,0.56392,593.0,962.6,1.0,0.6229,0.55856,598.0,953.5,1.0,0.62119,0.55695,596.3,950.7,1.0,0.61938,0.55525,594.6,947.8,1.0,0.62793,0.56322,602.8,961.4,1.0,0.6297,0.5649,604.5,964.3,1.0,0.63169,0.56663,606.4,967.2,1.0,0.61158,0.55455,587.1,946.6,1.0,0.62732,0.57169,602.2,975.9,1.0,0.60645,0.56574,582.2,965.7,0.999,0.61148,0.57075,587.0,974.3,0.999,0.55202,0.54508,529.9,930.4,1.0,0.60425,0.616,580.1,1051.5,1.0,0.57094,0.52056,548.1,888.6,0.804,0.55455,0.65186,532.4,1112.7,0.3,0.57103,0.50081,548.2,854.9,0.486,0.58629,0.62514,562.8,1067.1,0.156,0.56488,0.49263,542.3,840.9,0.439,0.60508,0.61827,580.9,1055.4,0.166,0.57172,0.49327,548.9,842.0,0.414,0.60063,0.61475,576.6,1049.4,0.149,0.57473,0.49788,551.7,849.9,0.343,0.59378,0.61624,570.0,1051.9,0.112,0.4112,0.65204,394.7,1113.0,1.0,0.48172,0.66852,462.4,1141.2,1.0,0.311,0.71229,298.6,1215.9,0.995,0.54644,0.6724,524.6,1147.8,0.568,0.2429,0.78988,233.2,1348.3,0.994,0.53619,0.74392,514.7,1269.9,0.538,0.24273,0.80893,233.0,1380.8,0.99,0.53009,0.75787,508.9,1293.7,0.727,0.19546,0.78935,187.6,1347.4,0.968,0.56512,0.74427,542.5,1270.5,0.344
295,8.147,960,1707,0.62103,0.56668,596.2,967.3,1.0,0.62594,0.56151,600.9,958.5,1.0,0.62431,0.55993,599.3,955.8,1.0,0.62257,0.55838,597.7,953.1,1.0,0.63093,0.56599,605.7,966.1,1.0,0.63258,0.5675,607.3,968.7,1.0,0.6344,0.56906,609.0,971.4,1.0,0.61551,0.55827,590.9,953.0,1.0,0.6298,0.5737,604.6,979.3,1.0,0.61042,0.5678,586.0,969.2,0.999,0.6156,0.57284,591.0,977.8,0.999,0.56206,0.54983,539.6,938.6,1.0,0.60831,0.61541,584.0,1050.5,1.0,0.57071,0.52038,547.9,888.3,0.81,0.56283,0.65325,540.3,1115.1,0.275,0.57181,0.50027,548.9,854.0,0.506,0.58499,0.62905,561.6,1073.8,0.143,0.56495,0.49241,542.4,840.5,0.457,0.59988,0.62295,575.9,1063.4,0.153,0.57172,0.49231,548.8,840.4,0.432,0.60028,0.61916,576.3,1056.9,0.138,0.5747,0.49648,551.7,847.5,0.356,0.59202,0.62017,568.3,1058.6,0.103,0.4165,0.65293,399.8,1114.6,1.0,0.48331,0.66991,464.0,1143.5,1.0,0.31284,0.71191,300.3,1215.2,0.994,0.54711,0.67422,525.2,1150.9,0.519,0.24335,0.78944,233.6,1347.6,0.992,0.53595,0.74398,514.5,1270.0,0.491,0.24323,0.80881,233.5,1380.6,0.988,0.53011,0.75776,508.9,1293.5,0.679,0.19544,0.78884,187.6,1346.5,0.961,0.56538,0.74426,542.8,1270.5,0.312
296,8.175,960,1707,0.63054,0.5699,605.3,972.8,1.0,0.63438,0.56422,609.0,963.1,1.0,0.63235,0.56246,607.1,960.1,1.0,0.63015,0.56072,604.9,957.1,1.0,0.63919,0.56906,613.6,971.4,1.0,0.64047,0.57064,614.9,974.1,1.0,0.642,0.57231,616.3,976.9,1.0,0.62209,0.56018,597.2,956.2,1.0,0.63685,0.57665,611.4,984.3,1.0,0.61869,0.57027,593.9,973.5,0.999,0.62354,0.57579,598.6,982.9,0.999,0.56922,0.55079,546.5,940.2,1.0,0.612,0.61823,587.5,1055.3,1.0,0.57237,0.51839,549.5,884.9,0.813,0.5659,0.65337,543.3,1115.3,0.252,0.57317,0.49957,550.2,852.8,0.518,0.58542,0.62948,562.0,1074.5,0.132,0.56509,0.4921,542.5,840.0,0.468,0.59999,0.62282,576.0,1063.2,0.142,0.5717,0.49203,548.8,839.9,0.444,0.59873,0.62028,574.8,1058.8,0.127,0.57468,0.49605,551.7,846.8,0.363,0.59167,0.6211,568.0,1060.2,0.095,0.41883,0.65422,402.1,1116.8,1.0,0.48673,0.67193,467.3,1147.0,1.0,0.31449,0.71188,301.9,1215.2,0.993,0.54731,0.67786,525.4,1157.1,0.477,0.24385,0.78894,234.1,1346.7,0.99,0.53588,0.74396,514.4,1269.9,0.449,0.24395,0.80854,234.2,1380.2,0.985,0.53027,0.75699,509.1,1292.2,0.637,0.19547,0.78809,187.7,1345.3,0.952,0.5656,0.7441,543.0,1270.2,0.285
297,8.202,960,1707,0.6374,0.57197,611.9,976.4,1.0,0.64131,0.56627,615.7,966.6,1.0,0.63958,0.56445,614.0,963.5,1.0,0.63789,0.56269,612.4,960.5,1.0,0.64573,0.57142,619.9,975.4,1.0,0.64692,0.57305,621.0,978.2,1.0,0.64832,0.57472,622.4,981.0,1.0,0.63071,0.56173,605.5,958.9,1.0,0.6422,0.57815,616.5,986.9,1.0,0.62546,0.57203,600.4,976.5,0.999,0.6298,0.57764,604.6,986.0,0.999,0.57533,0.55223,552.3,942.7,1.0,0.61755,0.61876,592.8,1056.2,1.0,0.57376,0.51645,550.8,881.6,0.831,0.56877,0.65462,546.0,1117.4,0.26,0.57359,0.49907,550.6,851.9,0.556,0.55104,0.64337,529.0,1098.2,0.12,0.56533,0.49218,542.7,840.1,0.505,0.54642,0.64068,524.6,1093.6,0.128,0.57163,0.4921,548.8,840.0,0.482,0.54232,0.6337,520.6,1081.7,0.115,0.5743,0.49614,551.3,846.9,0.4,0.54349,0.63311,521.7,1080.7,0.086,0.42458,0.6555,407.6,1118.9,1.0,0.49211,0.67327,472.4,1149.3,1.0,0.31488,0.71186,302.3,1215.1,0.993,0.54673,0.68,524.9,1160.8,0.447,0.2448,0.78852,235.0,1346.0,0.99,0.53583,0.74403,514.4,1270.1,0.424,0.24472,0.80845,234.9,1380.0,0.985,0.53129,0.75705,510.0,1292.3,0.628,0.19545,0.78769,187.6,1344.6,0.954,0.56368,0.7441,541.1,1270.2,0.266
298,8.23,960,1707,0.63932,0.57156,613.7,975.7,1.0,0.64387,0.56567,618.1,965.6,1.0,0.64201,0.56375,616.3,962.3,1.0,0.64025,0.56189,614.6,959.1,1.0,0.64944,0.5714,623.5,975.4,1.0,0.65105,0.57331,625.0,978.6,1.0,0.65265,0.57519,626.5,981.9,1.0,0.63478,0.56117,609.4,957.9,1.0,0.6468,0.57901,620.9,988.4,1.0,0.62731,0.57149,602.2,975.5,0.999,0.63238,0.57777,607.1,986.2,0.999,0.57936,0.55156,556.2,941.5,1.0,0.62366,0.6196,598.7,1057.7,1.0,0.57885,0.51023,555.7,871.0,0.836,0.58215,0.65364,558.9,1115.8,0.24,0.58053,0.49633,557.3,847.2,0.574,0.58626,0.63808,562.8,1089.2,0.111,0.57122,0.49167,548.4,839.3,0.521,0.59074,0.63337,567.1,1081.2,0.12,0.57654,0.49202,553.5,839.9,0.498,0.58243,0.6279,559.1,1071.8,0.107,0.57952,0.49564,556.3,846.1,0.412,0.57784,0.62869,554.7,1073.2,0.081,0.4286,0.65698,411.5,1121.5,1.0,0.49625,0.67477,476.4,1151.8,1.0,0.31527,0.71187,302.7,1215.2,0.993,0.54702,0.6858,525.1,1170.7,0.422,0.24521,0.78774,235.4,1344.7,0.99,0.53587,0.7445,514.4,1270.9,0.395,0.24596,0.80801,236.1,1379.3,0.985,0.53225,0.75676,511.0,1291.8,0.603,0.19488,0.78781,187.1,1344.8,0.954,0.56455,0.74408,542.0,1270.1,0.246
299,8.258,960,1707,0.64712,0.57741,621.2,985.6,1.0,0.65099,0.57128,625.0,975.2,1.0,0.64889,0.56919,622.9,971.6,1.0,0.6468,0.56715,620.9,968.1,1.0,0.65582,0.57669,629.6,984.4,1.0,0.65686,0.57829,630.6,987.1,1.0,0.65794,0.57994,631.6,989.9,1.0,0.63802,0.56597,612.5,966.1,1.0,0.65022,0.58315,624.2,995.4,1.0,0.63395,0.57667,608.6,984.4,0.999,0.63858,0.58274,613.0,994.7,0.999,0.58077,0.55314,557.5,944.2,1.0,0.62345,0.6228,598.5,1063.1,1.0,0.57609,0.51075,553.1,871.8,0.85,0.57585,0.65502,552.8,1118.1,0.245,0.57954,0.49633,556.4,847.2,0.609,0.52033,0.64509,499.5,1101.2,0.102,0.56933,0.49154,546.6,839.1,0.556,0.5045,0.64302,484.3,1097.6,0.109,0.57376,0.49136,550.8,838.8,0.536,0.49304,0.64264,473.3,1097.0,0.098,0.57675,0.49495,553.7,844.9,0.451,0.49717,0.64268,477.3,1097.1,0.074,0.42948,0.65935,412.3,1125.5,1.0,0.49823,0.67738,478.3,1156.3,1.0,0.31669,0.71187,304.0,1215.2,0.993,0.55143,0.68497,529.4,1169.2,0.386,0.24516,0.78773,235.4,1344.7,0.99,0.5359,0.7447,514.5,1271.2,0.364,0.24597,0.80793,236.1,1379.1,0.985,0.53219,0.75588,510.9,1290.3,0.574,0.19501,0.78808,187.2,1345.2,0.953,0.56459,0.7443,542.0,1270.5,0.227
300,8.285,960,1707,0.65146,0.57707,625.4,985.1,1.0,0.65598,0.57052,629.7,973.9,1.0,0.65402,0.56853,627.9,970.5,1.0,0.65211,0.56663,626.0,967.2,1.0,0.66116,0.57631,634.7,983.8,1.0,0.66247,0.57819,636.0,987.0,1.0,0.66378,0.58006,637.2,990.2,1.0,0.64549,0.56603,619.7,966.2,1.0,0.6593,0.58408,632.9,997.0,1.0,0.63937,0.57646,613.8,984.0,1.0,0.64424,0.58298,618.5,995.2,0.999,0.58761,0.55552,564.1,948.3,1.0,0.63388,0.62154,608.5,1061.0,1.0,0.57708,0.5152,554.0,879.5,0.865,0.58005,0.65473,556.8,1117.6,0.28,0.57903,0.49625,555.9,847.1,0.643,0.53618,0.64328,514.7,1098.1,0.097,0.56947,0.49111,546.7,838.3,0.594,0.52587,0.64048,504.8,1093.3,0.103,0.57418,0.4913,551.2,838.6,0.575,0.51903,0.63661,498.3,1086.7,0.093,0.57709,0.49471,554.0,844.5,0.495,0.52207,0.63664,501.2,1086.7,0.07,0.43608,0.65919,418.6,1125.2,1.0,0.50614,0.67726,485.9,1156.1,1.0,0.32071,0.71177,307.9,1215.0,0.994,0.55448,0.68132,532.3,1163.0,0.363,0.24526,0.78776,235.4,1344.7,0.991,0.53752,0.74463,516.0,1271.1,0.352,0.24591,0.8079,236.1,1379.1,0.986,0.53435,0.75533,513.0,1289.3,0.577,0.19508,0.78906,187.3,1346.9,0.957,0.56459,0.7443,542.0,1270.5,0.222
301,8.313,960,1707,0.65978,0.58034,633.4,990.6,1.0,0.66321,0.57421,636.7,980.2,1.0,0.661,0.57228,634.6,976.9,1.0,0.65884,0.57044,632.5,973.7,1.0,0.66847,0.57947,641.7,989.2,1.0,0.66987,0.58118,643.1,992.1,1.0,0.67149,0.58293,644.6,995.1,1.0,0.64956,0.56973,623.6,972.5,1.0,0.66541,0.58695,638.8,1001.9,1.0,0.64729,0.5798,621.4,989.7,1.0,0.65209,0.58575,626.0,999.9,1.0,0.58951,0.55824,565.9,952.9,1.0,0.6326,0.622,607.3,1061.8,1.0,0.57616,0.51629,553.1,881.3,0.875,0.57857,0.65552,555.4,1119.0,0.274,0.57895,0.49409,555.8,843.4,0.666,0.51427,0.65278,493.7,1114.3,0.089,0.56933,0.48843,546.6,833.7,0.615,0.4993,0.65274,479.3,1114.2,0.095,0.57415,0.48889,551.2,834.5,0.599,0.49078,0.65303,471.1,1114.7,0.085,0.57697,0.49237,553.9,840.5,0.517,0.49564,0.65224,475.8,1113.4,0.064,0.44026,0.65962,422.6,1126.0,1.0,0.50858,0.67801,488.2,1157.4,1.0,0.32445,0.71177,311.5,1215.0,0.993,0.55402,0.68124,531.9,1162.9,0.332,0.24642,0.7878,236.6,1344.8,0.99,0.53751,0.74469,516.0,1271.2,0.326,0.24627,0.80768,236.4,1378.7,0.985,0.53335,0.7554,512.0,1289.5,0.554,0.19575,0.78963,187.9,1347.9,0.956,0.56461,0.74404,542.0,1270.1,0.205
302,8.34,960,1707,0.66343,0.58317,636.9,995.5,1.0,0.66736,0.57646,640.7,984.0,1.0,0.66489,0.57427,638.3,980.3,1.0,0.66247,0.57218,636.0,976.7,1.0,0.67317,0.58254,646.2,994.4,1.0,0.6745,0.58441,647.5,997.6,1.0,0.67592,0.58621,648.9,1000.7,1.0,0.65254,0.57099,626.4,974.7,1.0,0.66872,0.58973,642.0,1006.7,1.0,0.65003,0.58243,624.0,994.2,1.0,0.65474,0.58874,628.5,1005.0,1.0,0.59291,0.55921,569.2,954.6,1.0,0.63324,0.62337,607.9,1064.1,1.0,0.57424,0.52091,551.3,889.2,0.884,0.57535,0.65494,552.3,1118.0,0.263,0.57876,0.49417,555.6,843.5,0.68,0.51526,0.65118,494.7,1111.6,0.081,0.56927,0.48847,546.5,833.8,0.627,0.50063,0.65228,480.6,1113.4,0.086,0.57436,0.48973,551.4,836.0,0.611,0.494,0.64947,474.2,1108.6,0.077,0.57702,0.49309,553.9,841.7,0.526,0.50131,0.64791,481.3,1106.0,0.059,0.44294,0.65924,425.2,1125.3,1.0,0.51128,0.67778,490.8,1157.0,1.0,0.32649,0.71185,313.4,1215.1,0.99,0.55371,0.68093,531.6,1162.3,0.301,0.2471,0.78783,237.2,1344.8,0.988,0.53736,0.7448,515.9,1271.4,0.298,0.24662,0.80786,236.8,1379.0,0.983,0.53164,0.75546,510.4,1289.6,0.523,0.19689,0.78974,189.0,1348.1,0.948,0.56466,0.74422,542.1,1270.4,0.188
303,8.368,960,1707,0.66617,0.58265,639.5,994.6,1.0,0.66921,0.57649,642.4,984.1,1.0,0.66645,0.57449,639.8,980.7,1.0,0.66377,0.57261,637.2,977.5,1.0,0.67566,0.58218,648.6,993.8,1.0,0.67726,0.58405,650.2,997.0,1.0,0.67902,0.58595,651.9,1000.2,1.0,0.65342,0.57225,627.3,976.8,1.0,0.67205,0.59053,645.2,1008.0,1.0,0.6524,0.5822,626.3,993.8,1.0,0.65753,0.58838,631.2,1004.4,1.0,0.59383,0.56116,570.1,957.9,1.0,0.6327,0.62286,607.4,1063.2,1.0,0.56685,0.52144,544.2,890.1,0.892,0.57342,0.6548,550.5,1117.8,0.258,0.5785,0.49453,555.4,844.2,0.69,0.51765,0.64984,496.9,1109.3,0.074,0.56952,0.488,546.7,833.0,0.634,0.49904,0.65125,479.1,1111.7,0.079,0.57455,0.4893,551.6,835.2,0.62,0.49506,0.64918,475.3,1108.1,0.071,0.57704,0.49288,554.0,841.3,0.532,0.50051,0.64827,480.5,1106.6,0.054,0.44532,0.65909,427.5,1125.1,1.0,0.51321,0.67814,492.7,1157.6,1.0,0.32879,0.71233,315.6,1216.0,0.989,0.55407,0.67899,531.9,1159.0,0.274,0.24888,0.78786,238.9,1344.9,0.986,0.53733,0.74487,515.8,1271.5,0.274,0.2478,0.80781,237.9,1378.9,0.98,0.5313,0.7555,510.0,1289.6,0.495,0.19738,0.78985,189.5,1348.3,0.941,0.56468,0.74422,542.1,1270.4,0.172
304,8.396,960,1707,0.66724,0.58486,640.6,998.4,1.0,0.67089,0.57912,644.1,988.6,1.0,0.66839,0.57713,641.7,985.2,1.0,0.66589,0.57522,639.3,981.9,1.0,0.67692,0.58456,649.8,997.8,1.0,0.6786,0.58633,651.5,1000.9,1.0,0.68039,0.58813,653.2,1003.9,1.0,0.65577,0.57416,629.5,980.1,1.0,0.67404,0.59221,647.1,1010.9,1.0,0.65456,0.58439,628.4,997.6,1.0,0.65902,0.59026,632.7,1007.6,1.0,0.59521,0.56222,571.4,959.7,1.0,0.63336,0.62264,608.0,1062.8,1.0,0.56562,0.5234,543.0,893.4,0.902,0.57309,0.65182,550.2,1112.7,0.269,0.57785,0.49474,554.7,844.5,0.713,0.51951,0.64838,498.7,1106.8,0.068,0.56955,0.48752,546.8,832.2,0.657,0.50343,0.65312,483.3,1114.9,0.072,0.57503,0.48881,552.0,834.4,0.645,0.49735,0.649,477.5,1107.8,0.065,0.57727,0.4926,554.2,840.9,0.558,0.50226,0.64816,482.2,1106.4,0.049,0.44667,0.65891,428.8,1124.8,1.0,0.51451,0.67781,493.9,1157.0,1.0,0.33168,0.71276,318.4,1216.7,0.989,0.55663,0.67845,534.4,1158.1,0.255,0.24965,0.78786,239.7,1344.9,0.986,0.53715,0.74515,515.7,1272.0,0.26,0.24787,0.80757,238.0,1378.5,0.981,0.52952,0.75584,508.3,1290.2,0.491,0.20235,0.79006,194.3,1348.6,0.943,0.5647,0.74425,542.1,1270.4,0.164
305,8.423,960,1707,0.66831,0.58452,641.6,997.8,1.0,0.67218,0.57887,645.3,988.1,1.0,0.66963,0.5768,642.8,984.6,1.0,0.66706,0.57482,640.4,981.2,1.0,0.67785,0.58418,650.7,997.2,1.0,0.67924,0.58586,652.1,1000.1,1.0,0.68071,0.58762,653.5,1003.1,1.0,0.65714,0.57376,630.9,979.4,1.0,0.67414,0.5918,647.2,1010.2,1.0,0.6558,0.58402,629.6,996.9,1.0,0.66008,0.59007,633.7,1007.2,1.0,0.59695,0.56147,573.1,958.4,1.0,0.63324,0.62311,607.9,1063.7,1.0,0.56424,0.52319,541.7,893.1,0.91,0.57394,0.65267,551.0,1114.1,0.267,0.57403,0.49612,551.1,846.9,0.714,0.5242,0.65033,503.2,1110.1,0.061,0.56757,0.4892,544.9,835.1,0.651,0.51197,0.65375,491.5,1115.9,0.065,0.57275,0.49033,549.8,837.0,0.639,0.50554,0.64911,485.3,1108.0,0.058,0.57443,0.49391,551.4,843.1,0.548,0.50963,0.64849,489.2,1107.0,0.044,0.4503,0.65879,432.3,1124.5,1.0,0.51599,0.67675,495.3,1155.2,1.0,0.33496,0.71271,321.6,1216.6,0.988,0.56089,0.67587,538.5,1153.7,0.233,0.25044,0.78661,240.4,1342.7,0.985,0.53713,0.74496,515.6,1271.6,0.239,0.24854,0.80527,238.6,1374.6,0.979,0.52847,0.75586,507.3,1290.3,0.464,0.20223,0.78991,194.1,1348.4,0.937,0.5654,0.74394,542.8,1269.9,0.15
306,8.451,960,1707,0.6733,0.58389,646.4,996.7,1.0,0.67714,0.57798,650.1,986.6,1.0,0.6744,0.57578,647.4,982.9,1.0,0.67164,0.5737,644.8,979.3,1.0,0.68246,0.58359,655.2,996.2,1.0,0.68366,0.58534,656.3,999.2,1.0,0.68491,0.58716,657.5,1002.3,1.0,0.66122,0.57257,634.8,977.4,1.0,0.67802,0.59151,650.9,1009.7,1.0,0.6605,0.58328,634.1,995.7,1.0,0.66415,0.58969,637.6,1006.6,0.999,0.60021,0.5615,576.2,958.5,1.0,0.63708,0.62265,611.6,1062.9,1.0,0.56286,0.52383,540.3,894.2,0.915,0.57647,0.65107,553.4,1111.4,0.267,0.5717,0.49661,548.8,847.7,0.715,0.52246,0.65167,501.6,1112.4,0.056,0.56722,0.48934,544.5,835.3,0.647,0.508,0.65146,487.7,1112.0,0.059,0.5722,0.49065,549.3,837.5,0.636,0.50112,0.64707,481.1,1104.5,0.053,0.57365,0.49421,550.7,843.6,0.541,0.50634,0.64669,486.1,1103.9,0.04,0.44926,0.65717,431.3,1121.8,1.0,0.51422,0.67319,493.7,1149.1,1.0,0.33972,0.71167,326.1,1214.8,0.987,0.56802,0.6737,545.3,1150.0,0.214,0.25119,0.78352,241.1,1337.5,0.984,0.53715,0.74438,515.7,1270.7,0.222,0.2486,0.80102,238.7,1367.3,0.979,0.52805,0.75574,506.9,1290.0,0.445,0.20205,0.78982,194.0,1348.2,0.933,0.56606,0.7439,543.4,1269.8,0.138
307,8.479,960,1707,0.67911,0.58344,651.9,995.9,1.0,0.68262,0.57735,655.3,985.5,1.0,0.68014,0.57523,652.9,981.9,1.0,0.67767,0.57323,650.6,978.5,1.0,0.68781,0.58278,660.3,994.8,1.0,0.68907,0.58452,661.5,997.8,1.0,0.69035,0.58632,662.7,1000.8,1.0,0.6675,0.57145,640.8,975.5,1.0,0.68476,0.59091,657.4,1008.7,1.0,0.66682,0.583,640.1,995.2,0.999,0.66983,0.58896,643.0,1005.4,0.999,0.60217,0.55902,578.1,954.3,1.0,0.64126,0.61887,615.6,1056.4,1.0,0.56297,0.52193,540.5,890.9,0.922,0.58056,0.65297,557.3,1114.6,0.268,0.57053,0.49912,547.7,852.0,0.713,0.53151,0.65076,510.2,1110.9,0.05,0.56633,0.4924,543.7,840.5,0.639,0.51684,0.65003,496.2,1109.6,0.053,0.57178,0.49454,548.9,844.2,0.628,0.51216,0.64593,491.7,1102.6,0.048,0.57287,0.49828,550.0,850.6,0.531,0.518,0.64563,497.3,1102.1,0.037,0.45442,0.65261,436.2,1114.0,1.0,0.51756,0.66861,496.9,1141.3,1.0,0.34202,0.70921,328.3,1210.6,0.987,0.57223,0.67038,549.3,1144.3,0.199,0.25136,0.77946,241.3,1330.5,0.985,0.53839,0.7401,516.9,1263.4,0.211,0.24948,0.79583,239.5,1358.5,0.979,0.52888,0.75216,507.7,1283.9,0.437,0.20147,0.78919,193.4,1347.2,0.934,0.5661,0.74357,543.5,1269.3,0.13
308,8.506,960,1707,0.67586,0.5741,648.8,980.0,1.0,0.67951,0.56873,652.3,970.8,1.0,0.67718,0.56672,650.1,967.4,1.0,0.67495,0.56481,648.0,964.1,1.0,0.68505,0.57408,657.7,980.0,1.0,0.68643,0.57571,659.0,982.7,1.0,0.68763,0.57725,660.1,985.4,1.0,0.66579,0.56272,639.2,960.6,1.0,0.68177,0.58068,654.5,991.2,1.0,0.66435,0.57375,637.8,979.4,0.999,0.6683,0.58023,641.6,990.4,0.999,0.602,0.5523,577.9,942.8,1.0,0.64679,0.61353,620.9,1047.3,1.0,0.56306,0.52125,540.5,889.8,0.927,0.58717,0.64503,563.7,1101.1,0.266,0.57058,0.49908,547.8,851.9,0.711,0.53712,0.63578,515.6,1085.3,0.046,0.56637,0.4923,543.7,840.4,0.631,0.52363,0.63155,502.7,1078.1,0.048,0.57194,0.49433,549.1,843.8,0.621,0.51895,0.62649,498.2,1069.4,0.043,0.57339,0.49763,550.5,849.4,0.522,0.52391,0.62681,503.0,1070.0,0.033,0.46108,0.64749,442.6,1105.3,1.0,0.52655,0.66497,505.5,1135.1,1.0,0.34824,0.70379,334.3,1201.4,0.987,0.57473,0.67069,551.7,1144.9,0.193,0.25147,0.77251,241.4,1318.7,0.985,0.53895,0.7397,517.4,1262.7,0.204,0.24939,0.7847,239.4,1339.5,0.98,0.52886,0.75172,507.7,1283.2,0.435,0.20201,0.78602,193.9,1341.7,0.932,0.56639,0.74306,543.7,1268.4,0.122
309,8.534,960,1707,0.68241,0.56956,655.1,972.2,1.0,0.68634,0.56382,658.9,962.4,1.0,0.68424,0.56173,656.9,958.9,1.0,0.68209,0.55978,654.8,955.5,1.0,0.69167,0.56918,664.0,971.6,1.0,0.69316,0.57073,665.4,974.2,1.0,0.69441,0.57216,666.6,976.7,1.0,0.67376,0.55751,646.8,951.7,1.0,0.68937,0.57498,661.8,981.5,1.0,0.67151,0.56881,644.7,971.0,0.999,0.6761,0.57526,649.1,982.0,0.999,0.60593,0.54586,581.7,931.8,1.0,0.6512,0.61085,625.2,1042.7,1.0,0.56169,0.52017,539.2,887.9,0.926,0.59219,0.64546,568.5,1101.8,0.242,0.57063,0.49898,547.8,851.8,0.699,0.598,0.62141,574.1,1060.8,0.042,0.56753,0.49208,544.8,840.0,0.62,0.6091,0.62156,584.7,1061.0,0.045,0.57246,0.49406,549.6,843.4,0.609,0.60626,0.6131,582.0,1046.6,0.04,0.57357,0.49753,550.6,849.3,0.509,0.6007,0.61214,576.7,1044.9,0.031,0.46787,0.6391,449.2,1090.9,1.0,0.53125,0.65684,510.0,1121.2,1.0,0.35372,0.69684,339.6,1189.5,0.988,0.57897,0.67118,555.8,1145.7,0.195,0.25115,0.76337,241.1,1303.1,0.985,0.53947,0.73907,517.9,1261.6,0.201,0.24544,0.77506,235.6,1323.0,0.98,0.52825,0.75076,507.1,1281.5,0.437,0.2039,0.78106,195.7,1333.3,0.931,0.56662,0.74303,544.0,1268.4,0.117
310,8.561,960,1707,0.6831,0.56182,655.8,959.0,1.0,0.68637,0.55597,658.9,949.0,1.0,0.68395,0.55392,656.6,945.5,1.0,0.68155,0.55201,654.3,942.3,1.0,0.69263,0.56113,664.9,957.8,1.0,0.69448,0.56264,666.7,960.4,1.0,0.69612,0.56406,668.3,962.9,1.0,0.6727,0.55047,645.8,939.7,1.0,0.69195,0.56723,664.3,968.3,1.0,0.67174,0.56154,644.9,958.5,0.999,0.67748,0.56741,650.4,968.6,0.999,0.60903,0.53869,584.7,919.5,1.0,0.65788,0.60574,631.6,1034.0,1.0,0.55484,0.5186,532.6,885.3,0.928,0.594,0.64015,570.2,1092.7,0.22,0.57062,0.49963,547.8,852.9,0.694,0.57689,0.62347,553.8,1064.3,0.038,0.56753,0.49206,544.8,839.9,0.613,0.57721,0.62238,554.1,1062.4,0.041,0.57328,0.49416,550.3,843.5,0.602,0.57197,0.61481,549.1,1049.5,0.037,0.5752,0.49807,552.2,850.2,0.503,0.57127,0.61388,548.4,1047.9,0.029,0.47377,0.63431,454.8,1082.8,1.0,0.53607,0.65401,514.6,1116.4,1.0,0.35869,0.69208,344.3,1181.4,0.988,0.58026,0.67149,557.1,1146.2,0.213,0.25493,0.75768,244.7,1293.4,0.985,0.54098,0.73942,519.3,1262.2,0.214,0.24693,0.76867,237.1,1312.1,0.98,0.52832,0.75107,507.2,1282.1,0.455,0.21668,0.77651,208.0,1325.5,0.929,0.56763,0.74108,544.9,1265.0,0.118
311,8.589,960,1707,0.68808,0.55379,660.6,945.3,1.0,0.69106,0.54807,663.4,935.6,1.0,0.68837,0.5462,660.8,932.4,1.0,0.68566,0.54445,658.2,929.4,1.0,0.69765,0.55303,669.7,944.0,1.0,0.69944,0.55454,671.5,946.6,1.0,0.70098,0.55601,672.9,949.1,1.0,0.67632,0.54333,649.3,927.5,1.0,0.69731,0.55919,669.4,954.5,0.999,0.67639,0.55374,649.3,945.2,0.999,0.68259,0.55954,655.3,955.1,0.999,0.61018,0.53354,585.8,910.7,1.0,0.66448,0.60015,637.9,1024.5,1.0,0.55158,0.51653,529.5,881.7,0.926,0.60425,0.63104,580.1,1077.2,0.201,0.57039,0.50019,547.6,853.8,0.674,0.60517,0.61032,581.0,1041.8,0.035,0.56713,0.49254,544.4,840.8,0.595,0.6074,0.61348,583.1,1047.2,0.038,0.57319,0.49444,550.3,844.0,0.583,0.60274,0.6056,578.6,1033.8,0.035,0.57529,0.49837,552.3,850.7,0.486,0.59831,0.60415,574.4,1031.3,0.027,0.4794,0.62719,460.2,1070.6,1.0,0.53893,0.6455,517.4,1101.9,1.0,0.36561,0.68734,351.0,1173.3,0.988,0.58296,0.67172,559.6,1146.6,0.259,0.26727,0.75536,256.6,1289.4,0.986,0.54217,0.73941,520.5,1262.2,0.242,0.25967,0.76557,249.3,1306.8,0.981,0.5283,0.75129,507.2,1282.4,0.48,0.22758,0.77769,218.5,1327.5,0.929,0.56733,0.74114,544.6,1265.1,0.125
312,8.617,960,1707,0.68665,0.54482,659.2,930.0,0.999,0.6901,0.53983,662.5,921.5,0.999,0.68761,0.53822,660.1,918.7,1.0,0.68501,0.53668,657.6,916.1,1.0,0.69641,0.54452,668.6,929.5,1.0,0.69835,0.54618,670.4,932.3,1.0,0.70016,0.54779,672.1,935.1,1.0,0.67715,0.53661,650.1,916.0,1.0,0.6985,0.55199,670.6,942.2,0.999,0.67549,0.54526,648.5,930.8,0.999,0.68233,0.55092,655.0,940.4,0.999,0.61525,0.5286,590.6,902.3,1.0,0.67704,0.58638,650.0,1001.0,1.0,0.54741,0.51668,525.5,882.0,0.923,0.61987,0.62261,595.1,1062.8,0.19,0.57039,0.5028,547.6,858.3,0.638,0.58828,0.62203,564.7,1061.8,0.033,0.56722,0.49455,544.5,844.2,0.561,0.58578,0.63835,562.4,1089.7,0.036,0.57339,0.49658,550.5,847.7,0.55,0.58107,0.63449,557.8,1083.1,0.032,0.57564,0.49999,552.6,853.5,0.456,0.5797,0.62981,556.5,1075.1,0.025,0.48617,0.61779,466.7,1054.6,1.0,0.54635,0.63759,524.5,1088.4,1.0,0.37563,0.68228,360.6,1164.7,0.989,0.58633,0.67235,562.9,1147.7,0.301,0.28184,0.75245,270.6,1284.4,0.986,0.54299,0.73875,521.3,1261.1,0.279,0.2799,0.76207,268.7,1300.9,0.981,0.52823,0.75035,507.1,1280.9,0.515,0.25042,0.77583,240.4,1324.3,0.926,0.56715,0.74121,544.5,1265.3,0.134
313,8.644,960,1707,0.6856,0.53757,658.2,917.6,0.999,0.68969,0.53332,662.1,910.4,0.999,0.68739,0.53192,659.9,908.0,1.0,0.68503,0.53051,657.6,905.6,1.0,0.69607,0.53747,668.2,917.5,1.0,0.69816,0.5389,670.2,919.9,1.0,0.70008,0.54031,672.1,922.3,1.0,0.67811,0.53071,651.0,905.9,1.0,0.69842,0.5444,670.5,929.3,0.999,0.67529,0.53846,648.3,919.2,0.999,0.68211,0.54327,654.8,927.4,0.999,0.6176,0.52312,592.9,893.0,1.0,0.67862,0.58127,651.5,992.2,1.0,0.54317,0.51717,521.4,882.8,0.925,0.6185,0.61337,593.8,1047.0,0.183,0.57039,0.50301,547.6,858.6,0.623,0.58268,0.62866,559.4,1073.1,0.032,0.56812,0.49438,545.4,843.9,0.545,0.56597,0.64409,543.3,1099.5,0.034,0.57527,0.49631,552.3,847.2,0.535,0.56301,0.64118,540.5,1094.5,0.031,0.5774,0.49974,554.3,853.1,0.442,0.56543,0.63758,542.8,1088.4,0.024,0.48897,0.61804,469.4,1055.0,1.0,0.55117,0.63783,529.1,1088.8,1.0,0.38388,0.67955,368.5,1160.0,0.989,0.58601,0.67458,562.6,1151.5,0.346,0.29803,0.7505,286.1,1281.1,0.987,0.54294,0.73894,521.2,1261.4,0.317,0.3037,0.76207,291.5,1300.9,0.982,0.52883,0.74991,507.7,1280.1,0.548,0.26672,0.77523,256.0,1323.3,0.925,0.56763,0.7417,544.9,1266.1,0.146
314,8.672,960,1707,0.68404,0.52483,656.7,895.9,0.999,0.68888,0.52229,661.3,891.5,0.999,0.68612,0.5217,658.7,890.5,1.0,0.68348,0.52112,656.1,889.6,1.0,0.69467,0.52506,666.9,896.3,1.0,0.69637,0.52642,668.5,898.6,1.0,0.69816,0.5278,670.2,901.0,1.0,0.67668,0.52281,649.6,892.4,1.0,0.69707,0.53273,669.2,909.4,0.999,0.6743,0.52693,647.3,899.5,0.999,0.68016,0.53064,653.0,905.8,0.999,0.61936,0.52272,594.6,892.3,1.0,0.69206,0.56679,664.4,967.5,1.0,0.54362,0.51756,521.9,883.5,0.925,0.61688,0.55934,592.2,954.8,0.168,0.56994,0.50311,547.1,858.8,0.608,0.58496,0.54745,561.6,934.5,0.029,0.56826,0.49443,545.5,844.0,0.533,0.59214,0.52141,568.5,890.0,0.032,0.57588,0.49625,552.8,847.1,0.524,0.59031,0.51623,566.7,881.2,0.029,0.57776,0.49964,554.6,852.9,0.431,0.58526,0.51925,561.9,886.4,0.023,0.49515,0.61463,475.3,1049.2,1.0,0.55811,0.63426,535.8,1082.7,1.0,0.39519,0.67822,379.4,1157.7,0.987,0.58583,0.67607,562.4,1154.1,0.343,0.31175,0.75077,299.3,1281.6,0.984,0.54317,0.73914,521.4,1261.7,0.312,0.31642,0.76328,303.8,1302.9,0.979,0.52891,0.75001,507.8,1280.3,0.554,0.28638,0.77279,274.9,1319.1,0.915,0.56763,0.74136,544.9,1265.5,0.141
315,8.699,960,1707,0.68986,0.5212,662.3,889.7,0.999,0.69351,0.51714,665.8,882.8,0.999,0.69065,0.51577,663.0,880.4,0.999,0.68813,0.51473,660.6,878.6,1.0,0.70144,0.52134,673.4,889.9,0.999,0.70398,0.52266,675.8,892.2,0.999,0.70626,0.52379,678.0,894.1,1.0,0.6804,0.51383,653.2,877.1,1.0,0.70549,0.5269,677.3,899.4,0.999,0.67938,0.52194,652.2,891.0,0.998,0.68732,0.52647,659.8,898.7,0.998,0.6219,0.51683,597.0,882.2,1.0,0.70034,0.55685,672.3,950.5,1.0,0.54361,0.51712,521.9,882.7,0.918,0.63529,0.56019,609.9,956.2,0.157,0.57136,0.50291,548.5,858.5,0.583,0.63371,0.51732,608.4,883.1,0.028,0.57115,0.49432,548.3,843.8,0.513,0.63852,0.51025,613.0,871.0,0.031,0.579,0.49615,555.8,846.9,0.505,0.63824,0.5057,612.7,863.2,0.028,0.58084,0.49946,557.6,852.6,0.413,0.63534,0.50909,609.9,869.0,0.022,0.50077,0.60738,480.7,1036.8,1.0,0.56274,0.62778,540.2,1071.6,1.0,0.40473,0.67711,388.5,1155.8,0.981,0.58494,0.67604,561.5,1154.0,0.338,0.32615,0.75109,313.1,1282.1,0.982,0.54438,0.73921,522.6,1261.8,0.318,0.33259,0.76331,319.3,1303.0,0.977,0.52958,0.75017,508.4,1280.5,0.567,0.30632,0.77208,294.1,1317.9,0.905,0.56631,0.74141,543.7,1265.6,0.139
316,8.727,960,1707,0.69022,0.51615,662.6,881.1,0.999,0.6941,0.51172,666.3,873.5,0.999,0.69167,0.51037,664.0,871.2,0.999,0.68934,0.5091,661.8,869.0,1.0,0.70121,0.51568,673.2,880.3,0.999,0.70361,0.51711,675.5,882.7,0.999,0.70582,0.51846,677.6,885.0,1.0,0.6825,0.50802,655.2,867.2,1.0,0.70549,0.52264,677.3,892.1,0.999,0.68059,0.51735,653.4,883.1,0.998,0.68747,0.52191,660.0,890.9,0.998,0.62572,0.51455,600.7,878.3,1.0,0.70889,0.55181,680.5,941.9,1.0,0.54733,0.5167,525.4,882.0,0.92,0.676,0.53071,649.0,905.9,0.168,0.57135,0.50255,548.5,857.9,0.603,0.66922,0.49297,642.5,841.5,0.042,0.57002,0.49435,547.2,843.8,0.537,0.67273,0.48164,645.8,822.2,0.045,0.57791,0.49567,554.8,846.1,0.529,0.66877,0.48079,642.0,820.7,0.041,0.58044,0.49818,557.2,850.4,0.435,0.66606,0.48586,639.4,829.4,0.033,0.51058,0.60409,490.2,1031.2,1.0,0.57204,0.6238,549.2,1064.8,1.0,0.41367,0.675,397.1,1152.2,0.979,0.58407,0.67538,560.7,1152.9,0.351,0.34183,0.75023,328.2,1280.6,0.981,0.54515,0.73917,523.3,1261.8,0.337,0.34878,0.762,334.8,1300.7,0.977,0.53038,0.75034,509.2,1280.8,0.589,0.31821,0.77237,305.5,1318.4,0.905,0.56297,0.74161,540.4,1265.9,0.149
317,8.755,960,1707,0.70449,0.49756,676.3,849.3,0.999,0.70966,0.49564,681.3,846.1,0.999,0.70721,0.49499,678.9,844.9,0.999,0.70455,0.4944,676.4,843.9,1.0,0.71793,0.49818,689.2,850.4,0.999,0.72059,0.49921,691.8,852.1,0.999,0.72286,0.50033,693.9,854.1,1.0,0.69713,0.49578,669.2,846.3,1.0,0.721,0.50555,692.2,863.0,0.999,0.69569,0.5002,667.9,853.8,0.999,0.70195,0.50327,673.9,859.1,0.998,0.64168,0.50978,616.0,870.2,1.0,0.71053,0.53905,682.1,920.2,1.0,0.55481,0.51288,532.6,875.5,0.919,0.66715,0.52966,640.5,904.1,0.154,0.57255,0.50245,549.6,857.7,0.629,0.64143,0.50153,615.8,856.1,0.04,0.5689,0.49507,546.1,845.1,0.568,0.64231,0.49404,616.6,843.3,0.045,0.57777,0.4956,554.7,846.0,0.561,0.63438,0.48982,609.0,836.1,0.04,0.58057,0.49797,557.3,850.0,0.465,0.63116,0.49108,605.9,838.3,0.034,0.51741,0.60645,496.7,1035.2,1.0,0.5822,0.62435,558.9,1065.8,1.0,0.41696,0.6762,400.3,1154.3,0.973,0.58357,0.67505,560.2,1152.3,0.329,0.35517,0.74827,341.0,1277.3,0.979,0.54625,0.73727,524.4,1258.5,0.335,0.36609,0.75969,351.4,1296.8,0.974,0.53457,0.74926,513.2,1279.0,0.589,0.32289,0.7732,310.0,1319.8,0.905,0.56037,0.74279,538.0,1267.9,0.152
318,8.782,960,1707,0.70071,0.49112,672.7,838.3,0.999,0.70661,0.48864,678.3,834.1,0.999,0.70422,0.48811,676.1,833.2,0.999,0.70158,0.48765,673.5,832.4,1.0,0.71522,0.4911,686.6,838.3,0.999,0.71843,0.49231,689.7,840.4,1.0,0.72112,0.49353,692.3,842.5,1.0,0.69568,0.48873,667.9,834.3,1.0,0.72262,0.4989,693.7,851.6,0.999,0.69179,0.49419,664.1,843.6,0.999,0.69881,0.497,670.9,848.4,0.998,0.64052,0.50656,614.9,864.7,1.0,0.71218,0.53481,683.7,912.9,1.0,0.55417,0.51111,532.0,872.5,0.892,0.67233,0.5114,645.4,873.0,0.148,0.57307,0.50058,550.1,854.5,0.606,0.67195,0.46482,645.1,793.5,0.058,0.57077,0.49421,547.9,843.6,0.551,0.6682,0.45329,641.5,773.8,0.068,0.57868,0.49469,555.5,844.4,0.546,0.66685,0.4529,640.2,773.1,0.063,0.58096,0.49693,557.7,848.3,0.448,0.66828,0.45695,641.5,780.0,0.054,0.52111,0.60561,500.3,1033.8,1.0,0.58756,0.62443,564.1,1065.9,1.0,0.42629,0.67369,409.2,1150.0,0.956,0.58318,0.67397,559.9,1150.5,0.302,0.36758,0.74769,352.9,1276.3,0.97,0.54701,0.73746,525.1,1258.9,0.318,0.38002,0.75913,364.8,1295.8,0.964,0.5354,0.74942,514.0,1279.3,0.568,0.33776,0.77316,324.2,1319.8,0.891,0.56031,0.74243,537.9,1267.3,0.146
319,8.81,960,1707,0.69802,0.48749,670.1,832.1,0.999,0.70376,0.48503,675.6,827.9,0.999,0.70154,0.48465,673.5,827.3,0.999,0.69911,0.4843,671.1,826.7,1.0,0.71169,0.48719,683.2,831.6,0.999,0.71465,0.48839,686.1,833.7,0.999,0.71725,0.4896,688.6,835.8,1.0,0.69319,0.48525,665.5,828.3,1.0,0.71923,0.49497,690.5,844.9,0.999,0.68917,0.49068,661.6,837.6,0.999,0.69604,0.4933,668.2,842.1,0.998,0.64057,0.50338,614.9,859.3,1.0,0.71353,0.53066,685.0,905.8,1.0,0.55358,0.51081,531.4,872.0,0.87,0.67996,0.50364,652.8,859.7,0.144,0.5755,0.4963,552.5,847.2,0.585,0.67394,0.45207,647.0,771.7,0.081,0.57403,0.4902,551.1,836.8,0.535,0.67105,0.44203,644.2,754.6,0.095,0.58375,0.491,560.4,838.1,0.531,0.67042,0.44199,643.6,754.5,0.089,0.58551,0.49357,562.1,842.5,0.434,0.67195,0.44575,645.1,760.9,0.076,0.5341,0.60135,512.7,1026.5,1.0,0.59869,0.61859,574.7,1055.9,1.0,0.43746,0.67104,420.0,1145.5,0.938,0.58297,0.67103,559.6,1145.4,0.278,0.38177,0.74574,366.5,1273.0,0.956,0.54834,0.7371,526.4,1258.2,0.303,0.39172,0.75765,376.1,1293.3,0.953,0.53805,0.74947,516.5,1279.3,0.551,0.35258,0.77154,338.5,1317.0,0.868,0.56054,0.74214,538.1,1266.8,0.14
320,8.838,960,1707,0.69713,0.48148,669.2,821.9,0.999,0.70252,0.47899,674.4,817.6,0.999,0.69992,0.47874,671.9,817.2,0.999,0.69739,0.47849,669.5,816.8,1.0,0.71048,0.48073,682.1,820.6,0.999,0.71274,0.48192,684.2,822.6,0.999,0.71504,0.48314,686.4,824.7,0.999,0.6919,0.48074,664.2,820.6,1.0,0.71764,0.48868,688.9,834.2,0.999,0.6878,0.48513,660.3,828.1,0.999,0.69434,0.48708,666.6,831.4,0.998,0.64247,0.5005,616.8,854.4,1.0,0.71385,0.52214,685.3,891.3,1.0,0.55339,0.51088,531.3,872.1,0.839,0.67583,0.48035,648.8,820.0,0.142,0.57733,0.49233,554.2,840.4,0.573,0.67627,0.44129,649.2,753.3,0.121,0.57603,0.48637,553.0,830.2,0.534,0.67621,0.43038,649.2,734.7,0.142,0.58705,0.48627,563.6,830.1,0.531,0.67317,0.43164,646.2,736.8,0.135,0.58806,0.48892,564.5,834.6,0.43,0.67357,0.43538,646.6,743.2,0.118,0.54178,0.6003,520.1,1024.7,1.0,0.60623,0.61618,582.0,1051.8,1.0,0.44418,0.66962,426.4,1143.0,0.92,0.58243,0.66984,559.1,1143.4,0.26,0.39315,0.74457,377.4,1271.0,0.949,0.54943,0.7371,527.4,1258.2,0.303,0.40522,0.75578,389.0,1290.1,0.945,0.54054,0.75093,518.9,1281.8,0.551,0.35892,0.77139,344.6,1316.8,0.859,0.55743,0.74124,535.1,1265.3,0.144
321,8.865,960,1707,0.6886,0.47628,661.1,813.0,0.999,0.6951,0.47367,667.3,808.6,0.999,0.69398,0.4736,666.2,808.4,0.999,0.69276,0.47354,665.0,808.3,0.999,0.70148,0.47516,673.4,811.1,0.999,0.70474,0.47629,676.5,813.0,0.999,0.70811,0.47741,679.8,814.9,0.999,0.69083,0.47709,663.2,814.4,1.0,0.71638,0.48257,687.7,823.8,0.999,0.68277,0.48083,655.5,820.8,0.998,0.68886,0.48267,661.3,823.9,0.998,0.64333,0.49748,617.6,849.2,1.0,0.71058,0.51774,682.2,883.8,1.0,0.55248,0.51121,530.4,872.6,0.819,0.67577,0.47279,648.7,807.1,0.146,0.57862,0.48975,555.5,836.0,0.565,0.67573,0.43478,648.7,742.2,0.173,0.57789,0.48462,554.8,827.3,0.54,0.67642,0.42246,649.4,721.1,0.199,0.58857,0.48383,565.0,825.9,0.538,0.67371,0.42461,646.8,724.8,0.192,0.58929,0.48676,565.7,830.9,0.435,0.6738,0.42849,646.9,731.4,0.173,0.55195,0.59888,529.9,1022.3,1.0,0.61223,0.61269,587.7,1045.9,1.0,0.44993,0.66701,431.9,1138.6,0.909,0.58224,0.66783,558.9,1140.0,0.249,0.40079,0.74299,384.8,1268.3,0.946,0.55271,0.73696,530.6,1258.0,0.319,0.41398,0.75362,397.4,1286.4,0.942,0.54439,0.75099,522.6,1281.9,0.564,0.36392,0.76937,349.4,1313.3,0.856,0.55755,0.73903,535.2,1261.5,0.157
322,8.893,960,1707,0.68902,0.48085,661.5,820.8,0.999,0.695,0.47854,667.2,816.9,0.999,0.69381,0.47838,666.1,816.6,0.999,0.6925,0.47826,664.8,816.4,0.999,0.70167,0.48038,673.6,820.0,0.999,0.70516,0.48157,677.0,822.0,0.999,0.70863,0.48274,680.3,824.0,0.999,0.69028,0.48019,662.7,819.7,1.0,0.71552,0.48743,686.9,832.0,0.999,0.68309,0.48477,655.8,827.5,0.998,0.69024,0.4869,662.6,831.1,0.998,0.64524,0.49873,619.4,851.3,1.0,0.71199,0.51518,683.5,879.4,1.0,0.55295,0.51262,530.8,875.0,0.805,0.67525,0.47264,648.2,806.8,0.148,0.57934,0.48982,556.2,836.1,0.573,0.67834,0.43073,651.2,735.3,0.241,0.57881,0.48478,555.7,827.5,0.561,0.67762,0.41703,650.5,711.9,0.27,0.58831,0.48326,564.8,824.9,0.56,0.674,0.41837,647.0,714.2,0.263,0.58944,0.48617,565.9,829.9,0.457,0.67438,0.42292,647.4,721.9,0.245,0.55836,0.60063,536.0,1025.3,1.0,0.61754,0.61251,592.8,1045.6,1.0,0.45672,0.66526,438.5,1135.6,0.9,0.5823,0.66781,559.0,1139.9,0.243,0.41199,0.74151,395.5,1265.8,0.945,0.55652,0.73699,534.3,1258.0,0.349,0.42826,0.75204,411.1,1283.7,0.94,0.55017,0.75104,528.2,1282.0,0.585,0.37042,0.76717,355.6,1309.6,0.857,0.55784,0.73838,535.5,1260.4,0.183
323,8.92,960,1707,0.68724,0.47606,659.8,812.6,0.999,0.69153,0.47356,663.9,808.4,0.999,0.6903,0.47362,662.7,808.5,0.999,0.68904,0.47371,661.5,808.6,0.999,0.6987,0.47487,670.8,810.6,0.999,0.70261,0.47604,674.5,812.6,0.999,0.70648,0.47727,678.2,814.7,0.999,0.68871,0.47625,661.2,813.0,0.999,0.71537,0.482,686.8,822.8,0.998,0.68188,0.4805,654.6,820.2,0.998,0.68983,0.48244,662.2,823.5,0.998,0.64732,0.49679,621.4,848.0,1.0,0.71794,0.51311,689.2,875.9,1.0,0.55299,0.5166,530.9,881.8,0.788,0.67885,0.46603,651.7,795.5,0.147,0.58078,0.49069,557.5,837.6,0.575,0.67538,0.42746,648.4,729.7,0.293,0.57882,0.4851,555.7,828.1,0.575,0.67488,0.41448,647.9,707.5,0.327,0.58908,0.4839,565.5,826.0,0.575,0.67204,0.41618,645.2,710.4,0.32,0.59003,0.48686,566.4,831.1,0.47,0.67284,0.42091,645.9,718.5,0.3,0.56743,0.59975,544.7,1023.8,1.0,0.62594,0.61142,600.9,1043.7,1.0,0.46923,0.66058,450.5,1127.6,0.886,0.58345,0.66805,560.1,1140.4,0.237,0.4223,0.73639,405.4,1257.0,0.941,0.55888,0.73951,536.5,1262.3,0.374,0.43652,0.74909,419.1,1278.7,0.936,0.55459,0.75231,532.4,1284.2,0.6,0.37774,0.76424,362.6,1304.6,0.854,0.5565,0.74082,534.2,1264.6,0.206
324,8.948,960,1707,0.68344,0.47594,656.1,812.4,0.999,0.68675,0.47362,659.3,808.5,0.998,0.68568,0.47363,658.2,808.5,0.999,0.68485,0.4737,657.5,808.6,0.999,0.69379,0.47497,666.0,810.8,0.999,0.69864,0.47616,670.7,812.8,0.999,0.70323,0.47729,675.1,814.7,0.999,0.6864,0.47695,658.9,814.2,0.999,0.71416,0.48173,685.6,822.3,0.998,0.67802,0.48025,650.9,819.8,0.998,0.68666,0.48199,659.2,822.8,0.998,0.64974,0.4975,623.7,849.2,1.0,0.71826,0.51299,689.5,875.7,1.0,0.55369,0.52142,531.5,890.1,0.755,0.67483,0.4664,647.8,796.1,0.143,0.58091,0.4937,557.7,842.7,0.562,0.67188,0.42711,645.0,729.1,0.334,0.57852,0.48605,555.4,829.7,0.577,0.67032,0.41309,643.5,705.1,0.375,0.58854,0.48409,565.0,826.3,0.578,0.66969,0.414,642.9,706.7,0.367,0.58964,0.48715,566.1,831.6,0.471,0.67114,0.41902,644.3,715.3,0.347,0.56772,0.59995,545.0,1024.1,1.0,0.62749,0.6121,602.4,1044.9,1.0,0.47468,0.65816,455.7,1123.5,0.867,0.5859,0.66708,562.5,1138.7,0.226,0.42845,0.73209,411.3,1249.7,0.936,0.56201,0.73949,539.5,1262.3,0.388,0.44369,0.74527,425.9,1272.2,0.932,0.5578,0.75206,535.5,1283.8,0.608,0.38722,0.76231,371.7,1301.3,0.85,0.55654,0.73965,534.3,1262.6,0.219
325,8.976,960,1707,0.72445,0.48063,695.5,820.4,0.999,0.72935,0.4766,700.2,813.6,0.998,0.73283,0.4762,703.5,812.9,0.999,0.7287,0.47574,699.6,812.1,0.999,0.73761,0.47806,708.1,816.1,0.998,0.7399,0.47892,710.3,817.5,0.999,0.73897,0.4795,709.4,818.5,0.999,0.71633,0.47647,687.7,813.3,0.999,0.73461,0.48333,705.2,825.0,0.998,0.71981,0.4843,691.0,826.7,0.998,0.71551,0.48588,686.9,829.4,0.997,0.65433,0.49306,628.2,841.7,1.0,0.73063,0.5171,701.4,882.7,1.0,0.55795,0.5225,535.6,891.9,0.724,0.66296,0.52146,636.4,890.1,0.129,0.58081,0.4938,557.6,842.9,0.521,0.62024,0.48598,595.4,829.6,0.301,0.57834,0.48631,555.2,830.1,0.537,0.6216,0.48177,596.7,822.4,0.339,0.58825,0.48449,564.7,827.0,0.538,0.62066,0.47585,595.8,812.3,0.332,0.58932,0.48769,565.8,832.5,0.437,0.61993,0.47908,595.1,817.8,0.314,0.57096,0.60103,548.1,1026.0,1.0,0.62996,0.61407,604.8,1048.2,1.0,0.47976,0.6593,460.6,1125.4,0.849,0.58776,0.6673,564.3,1139.1,0.206,0.43367,0.73092,416.3,1247.7,0.923,0.56532,0.73957,542.7,1262.4,0.365,0.45159,0.74289,433.5,1268.1,0.914,0.55779,0.75197,535.5,1283.6,0.575,0.39177,0.76286,376.1,1302.2,0.825,0.55776,0.73803,535.5,1259.8,0.206
326,9.003,960,1707,0.67272,0.47229,645.8,806.2,0.999,0.67367,0.46717,646.7,797.5,0.998,0.67306,0.46707,646.1,797.3,0.999,0.67141,0.46694,644.6,797.1,0.999,0.67915,0.46764,652.0,798.3,0.999,0.68179,0.46794,654.5,798.8,0.999,0.68419,0.46811,656.8,799.1,0.999,0.67331,0.47113,646.4,804.2,0.999,0.69267,0.47188,665.0,805.5,0.998,0.66824,0.478,641.5,815.9,0.998,0.67306,0.47831,646.1,816.5,0.998,0.6523,0.49305,626.2,841.6,1.0,0.72545,0.50976,696.4,870.2,1.0,0.56261,0.523,540.1,892.8,0.727,0.65046,0.52137,624.4,890.0,0.118,0.57928,0.49491,556.1,844.8,0.524,0.5999,0.49655,575.9,847.6,0.28,0.5737,0.48753,550.7,832.2,0.548,0.59132,0.48927,567.7,835.2,0.323,0.58599,0.4852,562.6,828.2,0.55,0.59463,0.4863,570.8,830.1,0.316,0.5873,0.48812,563.8,833.2,0.447,0.59477,0.4908,571.0,837.8,0.3,0.57979,0.60096,556.6,1025.8,1.0,0.63835,0.61363,612.8,1047.5,1.0,0.48072,0.65601,461.5,1119.8,0.852,0.59099,0.66439,567.4,1134.1,0.199,0.44036,0.7289,422.7,1244.2,0.924,0.56859,0.73953,545.8,1262.4,0.393,0.45783,0.74071,439.5,1264.4,0.914,0.56071,0.75207,538.3,1283.8,0.59,0.39618,0.76165,380.3,1300.1,0.83,0.55723,0.73725,534.9,1258.5,0.233
327,9.031,960,1707,0.65983,0.47138,633.4,804.7,0.999,0.66197,0.46702,635.5,797.2,0.999,0.66194,0.46702,635.5,797.2,0.999,0.66158,0.467,635.1,797.2,0.999,0.66487,0.46726,638.3,797.6,0.999,0.66848,0.46758,641.7,798.2,0.999,0.67287,0.46792,646.0,798.7,0.999,0.66715,0.47115,640.5,804.3,0.999,0.69226,0.47317,664.6,807.7,0.998,0.65791,0.47715,631.6,814.5,0.998,0.66355,0.47762,637.0,815.3,0.998,0.65528,0.49164,629.1,839.2,1.0,0.72328,0.50804,694.4,867.2,1.0,0.56753,0.52236,544.8,891.7,0.717,0.64734,0.52735,621.4,900.2,0.109,0.57633,0.49456,553.3,844.2,0.49,0.59255,0.49809,568.8,850.2,0.258,0.56923,0.48757,546.5,832.3,0.515,0.58475,0.49154,561.4,839.1,0.3,0.58135,0.48543,558.1,828.6,0.516,0.58673,0.48855,563.3,834.0,0.294,0.58412,0.4884,560.8,833.7,0.419,0.58812,0.49222,564.6,840.2,0.28,0.58714,0.60138,563.7,1026.6,1.0,0.64456,0.61392,618.8,1048.0,1.0,0.48452,0.65337,465.1,1115.3,0.854,0.59303,0.66345,569.3,1132.5,0.201,0.45037,0.72605,432.4,1239.4,0.919,0.57402,0.73951,551.1,1262.3,0.41,0.46471,0.73847,446.1,1260.6,0.905,0.56799,0.75224,545.3,1284.1,0.59,0.40841,0.7581,392.1,1294.1,0.821,0.5561,0.73713,533.9,1258.3,0.248
328,9.059,960,1707,0.65235,0.47361,626.3,808.5,0.999,0.6545,0.46972,628.3,801.8,0.999,0.65433,0.46963,628.2,801.7,0.999,0.65414,0.46951,628.0,801.5,0.999,0.65734,0.47016,631.0,802.6,0.999,0.65951,0.47039,633.1,802.9,0.999,0.66193,0.47053,635.5,803.2,0.999,0.66117,0.47324,634.7,807.8,0.999,0.67595,0.47424,648.9,809.5,0.998,0.65158,0.47905,625.5,817.7,0.998,0.6562,0.47972,629.9,818.9,0.998,0.65442,0.49235,628.2,840.4,1.0,0.72197,0.50712,693.1,865.7,1.0,0.57118,0.52407,548.3,894.6,0.722,0.64797,0.52538,622.0,896.8,0.101,0.57544,0.4961,552.4,846.8,0.472,0.59528,0.49943,571.5,852.5,0.239,0.56745,0.48935,544.8,835.3,0.497,0.5829,0.49274,559.6,841.1,0.281,0.57988,0.48644,556.7,830.4,0.497,0.58685,0.48999,563.4,836.4,0.275,0.58306,0.48935,559.7,835.3,0.403,0.58852,0.49364,565.0,842.6,0.263,0.58937,0.60147,565.8,1026.7,1.0,0.64567,0.61435,619.8,1048.7,1.0,0.48408,0.65037,464.7,1110.2,0.861,0.59366,0.6631,569.9,1131.9,0.213,0.456,0.72548,437.8,1238.4,0.919,0.57648,0.73861,553.4,1260.8,0.441,0.46899,0.7377,450.2,1259.2,0.902,0.57307,0.75209,550.1,1283.8,0.602,0.41331,0.75773,396.8,1293.4,0.822,0.55618,0.73529,533.9,1255.1,0.28
329,9.086,960,1707,0.65172,0.47319,625.6,807.7,0.999,0.65468,0.46959,628.5,801.6,0.999,0.65465,0.46956,628.5,801.5,0.999,0.65453,0.46953,628.3,801.5,0.999,0.65756,0.46982,631.3,802.0,0.999,0.65973,0.46985,633.3,802.0,0.999,0.662,0.46977,635.5,801.9,0.999,0.66223,0.47365,635.7,808.5,0.999,0.67645,0.47329,649.4,807.9,0.998,0.65186,0.47888,625.8,817.5,0.998,0.65615,0.47922,629.9,818.0,0.998,0.65545,0.49296,629.2,841.5,1.0,0.72238,0.50731,693.5,866.0,1.0,0.57372,0.52352,550.8,893.6,0.723,0.64901,0.52579,623.1,897.5,0.094,0.57472,0.49556,551.7,845.9,0.451,0.59631,0.49897,572.5,851.7,0.223,0.56645,0.4891,543.8,834.9,0.475,0.58859,0.49192,565.0,839.7,0.264,0.57845,0.48619,555.3,829.9,0.475,0.58951,0.48931,565.9,835.3,0.259,0.58167,0.48909,558.4,834.9,0.385,0.59016,0.49289,566.6,841.4,0.249,0.59664,0.60169,572.8,1027.1,1.0,0.6506,0.6141,624.6,1048.3,1.0,0.48776,0.64802,468.2,1106.2,0.87,0.59358,0.66257,569.8,1131.0,0.228,0.46152,0.72537,443.1,1238.2,0.921,0.5758,0.7381,552.8,1259.9,0.472,0.4758,0.73703,456.8,1258.1,0.901,0.57327,0.75171,550.3,1283.2,0.615,0.41951,0.75405,402.7,1287.2,0.826,0.55716,0.73536,534.9,1255.3,0.311
330,9.114,960,1707,0.64344,0.47452,617.7,810.0,0.999,0.64798,0.47074,622.1,803.5,0.999,0.64839,0.47066,622.5,803.4,0.999,0.64872,0.47058,622.8,803.3,0.999,0.65008,0.47108,624.1,804.1,0.999,0.65196,0.47117,625.9,804.3,0.999,0.65369,0.47118,627.5,804.3,0.999,0.65888,0.4739,632.5,808.9,1.0,0.66589,0.47396,639.3,809.1,0.999,0.64512,0.48003,619.3,819.4,0.998,0.64821,0.4805,622.3,820.2,0.998,0.65561,0.49314,629.4,841.8,1.0,0.72175,0.50492,692.9,861.9,1.0,0.57981,0.52321,556.6,893.1,0.729,0.66926,0.49829,642.5,850.6,0.099,0.57489,0.49568,551.9,846.1,0.472,0.66778,0.44168,641.1,753.9,0.25,0.56682,0.48964,544.1,835.8,0.501,0.66699,0.43228,640.3,737.9,0.299,0.57861,0.48624,555.5,830.0,0.5,0.66609,0.432,639.4,737.4,0.292,0.58175,0.48916,558.5,835.0,0.41,0.668,0.43523,641.3,742.9,0.283,0.60137,0.60182,577.3,1027.3,1.0,0.65389,0.6138,627.7,1047.7,1.0,0.48896,0.64699,469.4,1104.4,0.875,0.5933,0.66244,569.6,1130.8,0.241,0.46628,0.72486,447.6,1237.3,0.922,0.57449,0.73864,551.5,1260.9,0.503,0.4815,0.73669,462.2,1257.5,0.903,0.57277,0.75252,549.9,1284.6,0.633,0.42191,0.75374,405.0,1286.6,0.832,0.55754,0.73552,535.2,1255.5,0.346
331,9.141,960,1707,0.64389,0.47495,618.1,810.7,0.999,0.64761,0.47182,621.7,805.4,0.999,0.64787,0.47169,622.0,805.2,0.999,0.648,0.47156,622.1,804.9,0.999,0.65024,0.47243,624.2,806.4,0.999,0.65232,0.47269,626.2,806.9,0.999,0.6542,0.47287,628.0,807.2,0.999,0.65839,0.4748,632.1,810.5,1.0,0.66599,0.47579,639.4,812.2,0.999,0.64593,0.48081,620.1,820.7,0.999,0.64954,0.48063,623.6,820.4,0.998,0.6606,0.49325,634.2,842.0,1.0,0.72121,0.505,692.4,862.0,1.0,0.58343,0.52295,560.1,892.7,0.737,0.67892,0.47677,651.8,813.8,0.112,0.57562,0.49578,552.6,846.3,0.503,0.6751,0.43669,648.1,745.4,0.302,0.56694,0.48976,544.3,836.0,0.534,0.67448,0.42416,647.5,724.0,0.352,0.57871,0.48627,555.6,830.1,0.533,0.67202,0.42349,645.1,722.9,0.345,0.58193,0.48918,558.6,835.0,0.443,0.67304,0.4281,646.1,730.8,0.335,0.61173,0.60102,587.3,1025.9,1.0,0.66015,0.61246,633.7,1045.5,1.0,0.4923,0.64422,472.6,1099.7,0.878,0.59311,0.66251,569.4,1130.9,0.243,0.46353,0.72342,445.0,1234.9,0.923,0.57374,0.74008,550.8,1263.3,0.523,0.48138,0.73532,462.1,1255.2,0.904,0.57373,0.75356,550.8,1286.3,0.648,0.4198,0.75375,403.0,1286.6,0.839,0.5523,0.7396,530.2,1262.5,0.375
332,9.169,960,1707,0.64486,0.47885,619.1,817.4,0.999,0.64798,0.47479,622.1,810.5,0.999,0.64789,0.4748,622.0,810.5,0.999,0.64776,0.47479,621.9,810.5,0.999,0.65157,0.47502,625.5,810.9,0.999,0.65379,0.47513,627.6,811.0,0.999,0.65584,0.47508,629.6,811.0,0.999,0.65771,0.4773,631.4,814.8,0.999,0.6666,0.47646,639.9,813.3,0.999,0.64678,0.48484,620.9,827.6,0.999,0.65119,0.48435,625.1,826.8,0.998,0.66607,0.49339,639.4,842.2,1.0,0.72111,0.50603,692.3,863.8,1.0,0.59038,0.52246,566.8,891.8,0.717,0.68701,0.46777,659.5,798.5,0.117,0.57862,0.49649,555.5,847.5,0.516,0.67615,0.43291,649.1,739.0,0.354,0.56717,0.49126,544.5,838.6,0.557,0.67666,0.41873,649.6,714.8,0.404,0.57882,0.48744,555.7,832.1,0.556,0.6734,0.41854,646.5,714.4,0.396,0.58231,0.49005,559.0,836.5,0.463,0.67309,0.42359,646.2,723.1,0.386,0.61956,0.60013,594.8,1024.4,1.0,0.66421,0.61204,637.6,1044.7,1.0,0.49545,0.63995,475.6,1092.4,0.855,0.59288,0.6624,569.2,1130.7,0.228,0.46609,0.72072,447.4,1230.3,0.915,0.57362,0.74005,550.7,1263.3,0.523,0.48543,0.7326,466.0,1250.5,0.899,0.57252,0.7532,549.6,1285.7,0.648,0.41725,0.75151,400.6,1282.8,0.834,0.52447,0.7499,503.5,1280.1,0.379
333,9.197,960,1707,0.64469,0.47993,618.9,819.2,0.999,0.64814,0.47577,622.2,812.1,0.999,0.64826,0.47581,622.3,812.2,0.999,0.64832,0.47585,622.4,812.3,0.999,0.65139,0.47564,625.3,811.9,0.999,0.65364,0.47549,627.5,811.7,0.999,0.65569,0.47517,629.5,811.1,0.999,0.65839,0.47776,632.1,815.5,0.999,0.667,0.47735,640.3,814.8,0.999,0.64747,0.48555,621.6,828.8,0.999,0.65163,0.48476,625.6,827.5,0.998,0.67021,0.4936,643.4,842.6,1.0,0.72146,0.50573,692.6,863.3,1.0,0.59398,0.52235,570.2,891.6,0.702,0.68798,0.46942,660.5,801.3,0.119,0.57917,0.49831,556.0,850.6,0.525,0.67738,0.43396,650.3,740.8,0.384,0.56722,0.49315,544.5,841.8,0.573,0.67719,0.42062,650.1,718.0,0.437,0.5789,0.48881,555.7,834.4,0.573,0.6734,0.41996,646.5,716.9,0.428,0.58235,0.49138,559.1,838.8,0.477,0.67369,0.42467,646.7,724.9,0.417,0.62419,0.59879,599.2,1022.1,1.0,0.66629,0.61143,639.6,1043.7,1.0,0.4967,0.63756,476.8,1088.3,0.838,0.59269,0.66221,569.0,1130.4,0.22,0.4694,0.71837,450.6,1226.3,0.909,0.57347,0.7399,550.5,1263.0,0.526,0.48465,0.73085,465.3,1247.6,0.894,0.57155,0.75178,548.7,1283.3,0.652,0.4166,0.74685,399.9,1274.9,0.831,0.53271,0.74784,511.4,1276.6,0.388
334,9.224,960,1707,0.64455,0.48171,618.8,822.3,0.999,0.64843,0.4767,622.5,813.7,0.999,0.64866,0.4767,622.7,813.7,0.999,0.64876,0.4767,622.8,813.7,0.999,0.65138,0.47639,625.3,813.2,0.999,0.65352,0.47609,627.4,812.7,0.999,0.65546,0.4756,629.2,811.8,0.999,0.6587,0.47812,632.4,816.1,1.0,0.66662,0.47788,640.0,815.7,0.999,0.6478,0.48703,621.9,831.4,0.999,0.65162,0.48635,625.6,830.2,0.998,0.66933,0.49435,642.6,843.9,1.0,0.72203,0.50571,693.1,863.2,1.0,0.59452,0.52226,570.7,891.5,0.689,0.6857,0.47353,658.3,808.3,0.126,0.57967,0.49949,556.5,852.6,0.53,0.68041,0.43498,653.2,742.5,0.396,0.56743,0.495,544.7,845.0,0.582,0.67968,0.42204,652.5,720.4,0.451,0.57897,0.4905,555.8,837.3,0.582,0.67591,0.42067,648.9,718.1,0.441,0.58326,0.49267,559.9,841.0,0.483,0.67664,0.42538,649.6,726.1,0.43,0.62519,0.59796,600.2,1020.7,1.0,0.66873,0.61118,642.0,1043.3,1.0,0.49761,0.63447,477.7,1083.0,0.837,0.5922,0.66225,568.5,1130.5,0.229,0.47414,0.7163,455.2,1222.7,0.906,0.57418,0.73861,551.2,1260.8,0.539,0.48793,0.72933,468.4,1245.0,0.891,0.57193,0.75083,549.1,1281.7,0.662,0.42011,0.74134,403.3,1265.5,0.831,0.54212,0.74725,520.4,1275.6,0.405
335,9.252,960,1707,0.64666,0.48285,620.8,824.2,0.999,0.65045,0.47741,624.4,814.9,0.999,0.65055,0.47736,624.5,814.8,0.999,0.65043,0.47732,624.4,814.8,0.999,0.65373,0.47719,627.6,814.6,0.999,0.65598,0.47688,629.7,814.0,0.999,0.65801,0.47636,631.7,813.2,0.999,0.65905,0.47875,632.7,817.2,1.0,0.66884,0.47806,642.1,816.1,0.999,0.64882,0.48803,622.9,833.1,0.999,0.65277,0.48761,626.7,832.3,0.999,0.66878,0.4958,642.0,846.3,1.0,0.72406,0.50646,695.1,864.5,1.0,0.59275,0.52219,569.0,891.4,0.697,0.68601,0.4715,658.6,804.8,0.15,0.581,0.49936,557.8,852.4,0.56,0.67859,0.43414,651.4,741.1,0.435,0.56747,0.49468,544.8,844.4,0.611,0.6774,0.42032,650.3,717.5,0.487,0.57971,0.4904,556.5,837.1,0.61,0.67405,0.41943,647.1,716.0,0.477,0.58505,0.49263,561.6,840.9,0.514,0.67454,0.42431,647.6,724.3,0.465,0.62708,0.59773,602.0,1020.3,1.0,0.66996,0.61113,643.2,1043.2,1.0,0.49834,0.6291,478.4,1073.9,0.841,0.59164,0.66287,568.0,1131.5,0.256,0.47875,0.71275,459.6,1216.7,0.906,0.5749,0.73971,551.9,1262.7,0.562,0.49286,0.72608,473.1,1239.4,0.89,0.57263,0.75163,549.7,1283.0,0.68,0.42275,0.7346,405.8,1254.0,0.835,0.54222,0.74606,520.5,1273.5,0.436
336,9.279,960,1707,0.64699,0.48394,621.1,826.1,0.999,0.65146,0.47795,625.4,815.9,0.999,0.65154,0.47782,625.5,815.6,0.999,0.65132,0.47772,625.3,815.5,0.999,0.65492,0.47786,628.7,815.7,0.999,0.65725,0.4776,631.0,815.3,0.999,0.65936,0.47716,633.0,814.5,0.999,0.65994,0.47911,633.5,817.8,1.0,0.66979,0.47821,643.0,816.3,0.999,0.65008,0.48908,624.1,834.9,0.999,0.65438,0.489,628.2,834.7,0.999,0.67052,0.49664,643.7,847.8,1.0,0.7251,0.50683,696.1,865.2,1.0,0.59494,0.52189,571.1,890.9,0.703,0.68404,0.47348,656.7,808.2,0.165,0.58215,0.49923,558.9,852.2,0.576,0.67594,0.43277,648.9,738.7,0.455,0.56776,0.49444,545.0,844.0,0.628,0.67555,0.42011,648.5,717.1,0.508,0.58042,0.49036,557.2,837.0,0.627,0.67216,0.4192,645.3,715.6,0.496,0.58647,0.49256,563.0,840.8,0.531,0.67275,0.42318,645.8,722.4,0.484,0.62954,0.59702,604.4,1019.1,1.0,0.67163,0.61102,644.8,1043.0,1.0,0.49987,0.62632,479.9,1069.1,0.851,0.5916,0.66362,567.9,1132.8,0.287,0.48117,0.71073,461.9,1213.2,0.911,0.57601,0.73949,553.0,1262.3,0.59,0.49586,0.72515,476.0,1237.8,0.894,0.57274,0.75156,549.8,1282.9,0.7,0.4223,0.72821,405.4,1243.1,0.844,0.54268,0.74534,521.0,1272.3,0.471
337,9.307,960,1707,0.65407,0.48615,627.9,829.9,0.999,0.65889,0.4803,632.5,819.9,0.999,0.65908,0.47995,632.7,819.3,0.999,0.65912,0.47961,632.8,818.7,0.999,0.662,0.4809,635.5,820.9,0.999,0.66433,0.48091,637.8,820.9,0.999,0.66671,0.4807,640.0,820.6,1.0,0.66853,0.48064,641.8,820.5,1.0,0.67946,0.48106,652.3,821.2,0.999,0.65648,0.49056,630.2,837.4,0.999,0.66154,0.49107,635.1,838.3,0.999,0.67451,0.49679,647.5,848.0,1.0,0.72847,0.50813,699.3,867.4,1.0,0.59792,0.52046,574.0,888.4,0.71,0.68636,0.47232,658.9,806.3,0.177,0.58286,0.49773,559.5,849.6,0.594,0.67549,0.43447,648.5,741.6,0.467,0.56788,0.49338,545.2,842.2,0.644,0.67532,0.42146,648.3,719.4,0.521,0.58099,0.48939,557.8,835.4,0.643,0.67198,0.42091,645.1,718.5,0.509,0.58734,0.49137,563.8,838.8,0.548,0.67271,0.42561,645.8,726.5,0.495,0.62944,0.59685,604.3,1018.8,1.0,0.67148,0.61114,644.6,1043.2,1.0,0.49923,0.6231,479.3,1063.6,0.859,0.59152,0.66411,567.9,1133.6,0.319,0.48215,0.70592,462.9,1205.0,0.914,0.57665,0.73972,553.6,1262.7,0.616,0.497,0.71987,477.1,1228.8,0.897,0.57327,0.7517,550.3,1283.2,0.719,0.42145,0.72381,404.6,1235.5,0.852,0.55224,0.74422,530.1,1270.4,0.505
338,9.335,960,1707,0.65435,0.49167,628.2,839.3,0.999,0.65877,0.48529,632.4,828.4,0.999,0.65887,0.48485,632.5,827.6,0.999,0.65881,0.48446,632.5,827.0,1.0,0.66202,0.48566,635.5,829.0,0.999,0.66436,0.48547,637.8,828.7,0.999,0.66677,0.48512,640.1,828.1,1.0,0.66818,0.48505,641.5,828.0,1.0,0.67942,0.48481,652.2,827.6,0.999,0.65675,0.49558,630.5,845.9,0.999,0.66217,0.4958,635.7,846.3,0.999,0.67367,0.49913,646.7,852.0,1.0,0.73026,0.50828,701.0,867.6,1.0,0.5961,0.51993,572.3,887.5,0.714,0.68927,0.47197,661.7,805.7,0.19,0.58419,0.49606,560.8,846.8,0.61,0.67629,0.43369,649.2,740.3,0.484,0.56895,0.49196,546.2,839.8,0.66,0.67614,0.42027,649.1,717.4,0.537,0.58262,0.48856,559.3,834.0,0.659,0.6724,0.42031,645.5,717.5,0.524,0.58932,0.49041,565.7,837.1,0.564,0.67286,0.42517,645.9,725.8,0.51,0.6302,0.59697,605.0,1019.0,1.0,0.67299,0.61205,646.1,1044.8,1.0,0.49963,0.61948,479.6,1057.5,0.867,0.59149,0.66418,567.8,1133.8,0.349,0.48247,0.70133,463.2,1197.2,0.918,0.57661,0.73971,553.5,1262.7,0.641,0.49729,0.71614,477.4,1222.5,0.9,0.57331,0.7517,550.4,1283.2,0.737,0.42112,0.7169,404.3,1223.7,0.86,0.55567,0.74266,533.4,1267.7,0.535
339,9.362,960,1707,0.65591,0.49317,629.7,841.8,0.999,0.65924,0.48699,632.9,831.3,0.999,0.65922,0.48658,632.9,830.6,0.999,0.65908,0.48619,632.7,829.9,1.0,0.66276,0.48731,636.2,831.8,0.999,0.66512,0.48711,638.5,831.5,1.0,0.66748,0.48678,640.8,830.9,1.0,0.66823,0.48686,641.5,831.1,1.0,0.67959,0.4866,652.4,830.6,0.999,0.6581,0.49706,631.8,848.5,0.999,0.66354,0.49719,637.0,848.7,0.999,0.67343,0.50151,646.5,856.1,1.0,0.73149,0.50831,702.2,867.7,1.0,0.59636,0.51927,572.5,886.4,0.721,0.69071,0.47243,663.1,806.4,0.212,0.58465,0.49498,561.3,844.9,0.626,0.67739,0.43417,650.3,741.1,0.512,0.56926,0.49057,546.5,837.4,0.675,0.67701,0.42074,649.9,718.2,0.563,0.58321,0.48768,559.9,832.5,0.674,0.67286,0.42065,645.9,718.0,0.551,0.58996,0.48958,566.4,835.7,0.579,0.67336,0.42539,646.4,726.1,0.536,0.63366,0.59753,608.3,1020.0,1.0,0.67649,0.61355,649.4,1047.3,1.0,0.50203,0.61659,481.9,1052.5,0.874,0.59173,0.66444,568.1,1134.2,0.386,0.4827,0.69632,463.4,1188.6,0.923,0.57645,0.74037,553.4,1263.8,0.668,0.49727,0.71176,477.4,1215.0,0.904,0.57431,0.75222,551.3,1284.0,0.756,0.42227,0.71113,405.4,1213.9,0.867,0.55537,0.74113,533.2,1265.1,0.568
340,9.39,960,1707,0.65817,0.4946,631.8,844.3,0.999,0.66022,0.48846,633.8,833.8,0.999,0.66001,0.4881,633.6,833.2,0.999,0.65968,0.48773,633.3,832.6,1.0,0.66409,0.48861,637.5,834.1,0.999,0.66645,0.48836,639.8,833.6,1.0,0.6687,0.48801,642.0,833.0,1.0,0.66836,0.48835,641.6,833.6,1.0,0.68003,0.4878,652.8,832.7,0.999,0.6601,0.49853,633.7,851.0,0.999,0.66553,0.49854,638.9,851.0,0.999,0.67312,0.50373,646.2,859.9,1.0,0.73304,0.50837,703.7,867.8,1.0,0.60116,0.51803,577.1,884.3,0.73,0.69103,0.47324,663.4,807.8,0.23,0.5846,0.49489,561.2,844.8,0.647,0.67694,0.43464,649.9,741.9,0.538,0.56879,0.49061,546.0,837.5,0.694,0.67646,0.42086,649.4,718.4,0.587,0.58192,0.48769,558.6,832.5,0.692,0.67185,0.4207,645.0,718.1,0.574,0.58911,0.48955,565.5,835.7,0.599,0.6723,0.4254,645.4,726.2,0.559,0.63673,0.59762,611.3,1020.1,1.0,0.68062,0.61412,653.4,1048.3,1.0,0.50386,0.61332,483.7,1046.9,0.876,0.59273,0.66444,569.0,1134.2,0.406,0.483,0.693,463.7,1183.0,0.924,0.57701,0.74079,553.9,1264.5,0.684,0.49759,0.70812,477.7,1208.8,0.905,0.57645,0.75227,553.4,1284.1,0.769,0.4241,0.70371,407.1,1201.2,0.871,0.55886,0.74102,536.5,1264.9,0.589
341,9.418,960,1707,0.661,0.49463,634.6,844.3,1.0,0.66186,0.489,635.4,834.7,0.999,0.66149,0.4887,635.0,834.2,1.0,0.66104,0.4884,634.6,833.7,1.0,0.66574,0.48913,639.1,834.9,1.0,0.66796,0.4889,641.2,834.6,1.0,0.67013,0.48855,643.3,834.0,1.0,0.66926,0.48958,642.5,835.7,1.0,0.68167,0.48857,654.4,834.0,0.999,0.66289,0.49857,636.4,851.1,0.999,0.66838,0.49851,641.6,851.0,0.999,0.67669,0.50374,649.6,859.9,1.0,0.73442,0.50845,705.0,867.9,1.0,0.60411,0.51807,579.9,884.4,0.736,0.69336,0.47142,665.6,804.7,0.238,0.58457,0.49465,561.2,844.4,0.668,0.6783,0.43439,651.2,741.5,0.561,0.56844,0.4906,545.7,837.5,0.714,0.67781,0.41951,650.7,716.1,0.609,0.58078,0.48742,557.5,832.0,0.712,0.67354,0.41979,646.6,716.6,0.596,0.5879,0.48911,564.4,834.9,0.622,0.674,0.42452,647.0,724.7,0.58,0.64132,0.59766,615.7,1020.2,1.0,0.68284,0.61411,655.5,1048.3,1.0,0.50723,0.60711,486.9,1036.3,0.876,0.59369,0.66484,569.9,1134.9,0.422,0.48521,0.68783,465.8,1174.1,0.926,0.57689,0.74105,553.8,1265.0,0.698,0.49856,0.70273,478.6,1199.6,0.907,0.57666,0.75283,553.6,1285.1,0.781,0.42372,0.69755,406.8,1190.7,0.875,0.55854,0.73957,536.2,1262.4,0.606
342,9.445,960,1707,0.66088,0.49679,634.4,848.0,1.0,0.6618,0.49144,635.3,838.9,0.999,0.66145,0.49126,635.0,838.6,1.0,0.661,0.49106,634.6,838.2,1.0,0.66574,0.49128,639.1,838.6,1.0,0.66803,0.49093,641.3,838.0,1.0,0.67024,0.49045,643.4,837.2,1.0,0.6693,0.4918,642.5,839.5,1.0,0.68174,0.49004,654.5,836.5,0.999,0.66305,0.50063,636.5,854.6,0.999,0.66833,0.50031,641.6,854.0,0.999,0.67848,0.50388,651.3,860.1,1.0,0.73596,0.50851,706.5,868.0,1.0,0.60431,0.51813,580.1,884.4,0.732,0.69401,0.46986,666.3,802.0,0.24,0.58401,0.49469,560.6,844.4,0.681,0.67839,0.43362,651.3,740.2,0.581,0.56798,0.49077,545.3,837.8,0.73,0.67765,0.41849,650.5,714.4,0.629,0.58017,0.48742,557.0,832.0,0.728,0.67434,0.41912,647.4,715.4,0.616,0.58695,0.48901,563.5,834.7,0.639,0.6748,0.42373,647.8,723.3,0.6,0.64511,0.59773,619.3,1020.3,1.0,0.68429,0.61384,656.9,1047.8,1.0,0.50841,0.60386,488.1,1030.8,0.87,0.59471,0.66484,570.9,1134.9,0.427,0.48622,0.68239,466.8,1164.8,0.926,0.57683,0.74078,553.8,1264.5,0.709,0.49963,0.69785,479.6,1191.2,0.906,0.57755,0.75281,554.4,1285.1,0.79,0.42456,0.69075,407.6,1179.1,0.877,0.55245,0.73816,530.4,1260.0,0.619
343,9.473,960,1707,0.66078,0.49709,634.4,848.5,1.0,0.66185,0.49121,635.4,838.5,1.0,0.66167,0.49089,635.2,838.0,1.0,0.66141,0.49055,635.0,837.4,1.0,0.66574,0.49135,639.1,838.7,1.0,0.66809,0.49108,641.4,838.3,1.0,0.67034,0.49065,643.5,837.5,1.0,0.67078,0.49117,643.9,838.4,1.0,0.68215,0.49028,654.9,836.9,0.999,0.66303,0.50088,636.5,855.0,0.999,0.66806,0.50104,641.3,855.3,0.999,0.67903,0.5036,651.9,859.6,1.0,0.7366,0.5091,707.1,869.0,1.0,0.60322,0.51846,579.1,885.0,0.734,0.69483,0.47081,667.0,803.7,0.251,0.58386,0.49472,560.5,844.5,0.683,0.67822,0.4341,651.1,741.0,0.586,0.56795,0.491,545.2,838.1,0.732,0.67715,0.41985,650.1,716.7,0.633,0.58015,0.48756,556.9,832.3,0.73,0.67407,0.42011,647.1,717.1,0.619,0.58691,0.48908,563.4,834.9,0.64,0.6747,0.4246,647.7,724.8,0.603,0.64674,0.59805,620.9,1020.9,1.0,0.6852,0.61393,657.8,1048.0,1.0,0.5117,0.59914,491.2,1022.7,0.878,0.59576,0.66484,571.9,1134.9,0.454,0.48754,0.67837,468.0,1158.0,0.93,0.57675,0.74072,553.7,1264.4,0.726,0.50087,0.69407,480.8,1184.8,0.91,0.57729,0.75285,554.2,1285.1,0.803,0.42626,0.68638,409.2,1171.6,0.884,0.55363,0.73555,531.5,1255.6,0.642
344,9.5,960,1707,0.66072,0.49629,634.3,847.2,1.0,0.66205,0.49039,635.6,837.1,1.0,0.66194,0.49007,635.5,836.5,1.0,0.66174,0.48973,635.3,836.0,1.0,0.66592,0.49061,639.3,837.5,1.0,0.66836,0.4904,641.6,837.1,1.0,0.67066,0.49003,643.8,836.5,1.0,0.67139,0.49052,644.5,837.3,1.0,0.68257,0.48988,655.3,836.2,1.0,0.66343,0.50019,636.9,853.8,0.999,0.6684,0.50044,641.7,854.2,0.999,0.67955,0.50341,652.4,859.3,1.0,0.73658,0.50913,707.1,869.1,1.0,0.60376,0.51924,579.6,886.3,0.738,0.69548,0.47124,667.7,804.4,0.266,0.58393,0.49519,560.6,845.3,0.686,0.67836,0.43462,651.2,741.9,0.591,0.56804,0.49141,545.3,838.8,0.734,0.6772,0.42059,650.1,718.0,0.637,0.58017,0.48796,557.0,832.9,0.732,0.67411,0.42068,647.1,718.1,0.622,0.58698,0.48951,563.5,835.6,0.641,0.6749,0.42509,647.9,725.6,0.606,0.64903,0.59819,623.1,1021.1,1.0,0.68604,0.61394,658.6,1048.0,1.0,0.51497,0.59495,494.4,1015.6,0.885,0.59698,0.66493,573.1,1135.0,0.483,0.48871,0.6744,469.2,1151.2,0.933,0.57673,0.73968,553.7,1262.6,0.745,0.50094,0.68947,480.9,1176.9,0.914,0.57733,0.75246,554.2,1284.5,0.816,0.42941,0.68136,412.2,1163.1,0.891,0.55385,0.73573,531.7,1255.9,0.666
345,9.528,960,1707,0.66071,0.49635,634.3,847.3,1.0,0.66234,0.49047,635.8,837.2,1.0,0.6624,0.4901,635.9,836.6,1.0,0.66236,0.48973,635.9,836.0,1.0,0.66606,0.49071,639.4,837.6,1.0,0.66858,0.49048,641.8,837.3,1.0,0.67094,0.49011,644.1,836.6,1.0,0.6726,0.49043,645.7,837.2,1.0,0.6833,0.48989,656.0,836.2,1.0,0.66378,0.50027,637.2,854.0,0.999,0.66864,0.50052,641.9,854.4,0.999,0.67994,0.5033,652.7,859.1,1.0,0.73662,0.50929,707.2,869.4,1.0,0.60426,0.51992,580.1,887.5,0.739,0.69526,0.47141,667.5,804.7,0.278,0.58538,0.49522,562.0,845.3,0.689,0.67855,0.43492,651.4,742.4,0.601,0.56969,0.49148,546.9,839.0,0.737,0.67731,0.4208,650.2,718.3,0.646,0.58167,0.488,558.4,833.0,0.735,0.67441,0.42084,647.4,718.4,0.63,0.58885,0.48954,565.3,835.6,0.643,0.6754,0.42518,648.4,725.8,0.613,0.64908,0.59826,623.1,1021.2,1.0,0.68613,0.61393,658.7,1048.0,1.0,0.51706,0.59281,496.4,1011.9,0.891,0.59809,0.66497,574.2,1135.1,0.507,0.48992,0.67009,470.3,1143.8,0.937,0.57671,0.73744,553.6,1258.8,0.762,0.50164,0.68529,481.6,1169.8,0.918,0.57721,0.75174,554.1,1283.2,0.828,0.43093,0.67544,413.7,1153.0,0.897,0.55244,0.73314,530.3,1251.5,0.688
346,9.556,960,1707,0.66054,0.49687,634.1,848.2,1.0,0.66233,0.49114,635.8,838.4,1.0,0.66241,0.49081,635.9,837.8,1.0,0.66238,0.49048,635.9,837.2,1.0,0.66605,0.49122,639.4,838.5,1.0,0.66857,0.49095,641.8,838.1,1.0,0.67093,0.49055,644.1,837.4,1.0,0.67292,0.49111,646.0,838.3,1.0,0.68331,0.4904,656.0,837.1,1.0,0.66373,0.50073,637.2,854.7,0.999,0.66843,0.50091,641.7,855.1,0.999,0.67964,0.50388,652.5,860.1,1.0,0.73685,0.50984,707.4,870.3,1.0,0.60422,0.51996,580.1,887.6,0.739,0.69605,0.47157,668.2,805.0,0.291,0.58619,0.49584,562.7,846.4,0.691,0.67872,0.43494,651.6,742.5,0.613,0.571,0.49237,548.2,840.5,0.74,0.67733,0.42119,650.2,719.0,0.656,0.58277,0.48892,559.5,834.6,0.737,0.67507,0.42114,648.1,718.9,0.64,0.58999,0.49036,566.4,837.0,0.645,0.67597,0.42546,648.9,726.3,0.623,0.64965,0.59829,623.7,1021.3,1.0,0.68635,0.61393,658.9,1048.0,1.0,0.51895,0.59061,498.2,1008.2,0.894,0.5995,0.6651,575.5,1135.3,0.526,0.49101,0.66708,471.4,1138.7,0.938,0.57674,0.73653,553.7,1257.3,0.776,0.50218,0.68292,482.1,1165.7,0.919,0.57737,0.75143,554.3,1282.7,0.837,0.43306,0.67082,415.7,1145.1,0.9,0.54839,0.73229,526.5,1250.0,0.705
347,9.583,960,1707,0.66014,0.49654,633.7,847.6,1.0,0.66231,0.49088,635.8,837.9,1.0,0.6624,0.49057,635.9,837.4,1.0,0.66238,0.49026,635.9,836.9,1.0,0.66584,0.49093,639.2,838.0,1.0,0.66833,0.49067,641.6,837.6,1.0,0.67068,0.49029,643.9,836.9,1.0,0.67331,0.49097,646.4,838.1,1.0,0.68326,0.49022,655.9,836.8,1.0,0.66369,0.50041,637.1,854.2,1.0,0.66801,0.5006,641.3,854.5,0.999,0.6803,0.50387,653.1,860.1,1.0,0.73705,0.50984,707.6,870.3,1.0,0.6047,0.51999,580.5,887.6,0.74,0.6968,0.47127,668.9,804.5,0.306,0.58679,0.496,563.3,846.7,0.693,0.67876,0.43503,651.6,742.6,0.629,0.57194,0.49261,549.1,840.9,0.743,0.6773,0.42144,650.2,719.4,0.67,0.58343,0.48907,560.1,834.8,0.741,0.67525,0.42134,648.2,719.2,0.654,0.59068,0.49051,567.0,837.3,0.648,0.67603,0.42565,649.0,726.6,0.636,0.65047,0.59806,624.4,1020.9,1.0,0.68709,0.61368,659.6,1047.6,1.0,0.51976,0.58913,499.0,1005.7,0.898,0.59983,0.66497,575.8,1135.1,0.545,0.49048,0.66522,470.9,1135.5,0.941,0.57672,0.73491,553.7,1254.5,0.791,0.50195,0.68061,481.9,1161.8,0.922,0.57828,0.74946,555.2,1279.3,0.846,0.43216,0.6687,414.9,1141.5,0.906,0.5471,0.73303,525.2,1251.3,0.724
348,9.611,960,1707,0.66031,0.49632,633.9,847.2,1.0,0.66281,0.49064,636.3,837.5,1.0,0.66295,0.49034,636.4,837.0,1.0,0.66298,0.49003,636.5,836.5,1.0,0.66625,0.49072,639.6,837.7,1.0,0.66881,0.49048,642.1,837.2,1.0,0.67124,0.49011,644.4,836.6,1.0,0.67387,0.4908,646.9,837.8,1.0,0.68455,0.49009,657.2,836.6,1.0,0.66377,0.50023,637.2,853.9,1.0,0.66808,0.50044,641.4,854.3,1.0,0.68067,0.50386,653.4,860.1,1.0,0.7372,0.50983,707.7,870.3,1.0,0.60575,0.52054,581.5,888.6,0.746,0.6973,0.4711,669.4,804.2,0.317,0.58668,0.49623,563.2,847.1,0.706,0.67932,0.43513,652.1,742.8,0.643,0.57191,0.49304,549.0,841.6,0.755,0.67781,0.42161,650.7,719.7,0.683,0.58342,0.4893,560.1,835.2,0.752,0.67577,0.42148,648.7,719.5,0.667,0.59056,0.49059,566.9,837.4,0.661,0.67651,0.42579,649.5,726.8,0.649,0.65099,0.59793,625.0,1020.7,1.0,0.68684,0.61337,659.4,1047.0,1.0,0.52041,0.58898,499.6,1005.4,0.9,0.60107,0.66468,577.0,1134.6,0.558,0.49035,0.66437,470.7,1134.1,0.942,0.57668,0.73468,553.6,1254.1,0.801,0.50166,0.67981,481.6,1160.4,0.924,0.57829,0.74895,555.2,1278.5,0.854,0.43171,0.66762,414.4,1139.6,0.909,0.5474,0.73238,525.5,1250.2,0.738
349,9.638,960,1707,0.66037,0.4962,634.0,847.0,1.0,0.66294,0.49062,636.4,837.5,1.0,0.66313,0.49033,636.6,837.0,1.0,0.66321,0.49003,636.7,836.5,1.0,0.66631,0.49068,639.7,837.6,1.0,0.66887,0.49043,642.1,837.2,1.0,0.67131,0.49005,644.5,836.5,1.0,0.67393,0.49084,647.0,837.9,1.0,0.68468,0.49001,657.3,836.4,1.0,0.66374,0.5001,637.2,853.7,1.0,0.66803,0.50029,641.3,854.0,1.0,0.68129,0.50401,654.0,860.3,1.0,0.73717,0.50983,707.7,870.3,1.0,0.60552,0.52127,581.3,889.8,0.754,0.69767,0.47104,669.8,804.1,0.334,0.58665,0.49642,563.2,847.4,0.718,0.67977,0.43516,652.6,742.8,0.657,0.57199,0.49342,549.1,842.3,0.764,0.67816,0.42173,651.0,719.9,0.695,0.5835,0.48953,560.2,835.6,0.762,0.67611,0.4216,649.1,719.7,0.679,0.59059,0.49073,567.0,837.7,0.672,0.67683,0.42592,649.8,727.0,0.66,0.65097,0.59795,624.9,1020.7,1.0,0.68661,0.61325,659.2,1046.8,1.0,0.52057,0.58841,499.7,1004.4,0.903,0.60167,0.66469,577.6,1134.6,0.579,0.49097,0.66373,471.3,1133.0,0.942,0.57666,0.73483,553.6,1254.4,0.813,0.50228,0.67884,482.2,1158.8,0.924,0.57859,0.74905,555.4,1278.6,0.861,0.43149,0.6676,414.2,1139.6,0.909,0.54759,0.73276,525.7,1250.8,0.751
350,9.666,960,1707,0.66018,0.49655,633.8,847.6,1.0,0.66274,0.49102,636.2,838.2,1.0,0.66287,0.49073,636.4,837.7,1.0,0.66288,0.49043,636.4,837.2,1.0,0.66621,0.49106,639.6,838.2,1.0,0.66881,0.4908,642.1,837.8,1.0,0.6713,0.49041,644.4,837.1,1.0,0.67304,0.49127,646.1,838.6,1.0,0.68454,0.49029,657.2,836.9,1.0,0.66337,0.50045,636.8,854.3,1.0,0.66778,0.50058,641.1,854.5,1.0,0.68116,0.50407,653.9,860.4,1.0,0.73759,0.51003,708.1,870.6,1.0,0.60542,0.52142,581.2,890.1,0.758,0.69811,0.47116,670.2,804.3,0.35,0.58669,0.49659,563.2,847.7,0.722,0.67986,0.435,652.7,742.6,0.668,0.57202,0.49361,549.1,842.6,0.767,0.67809,0.42164,651.0,719.7,0.704,0.58348,0.48978,560.1,836.1,0.765,0.67598,0.42163,648.9,719.7,0.689,0.59045,0.4909,566.8,838.0,0.675,0.6767,0.42594,649.6,727.1,0.668,0.65054,0.59803,624.5,1020.8,1.0,0.68682,0.61322,659.4,1046.8,1.0,0.52034,0.58824,499.5,1004.1,0.906,0.60181,0.66476,577.7,1134.7,0.599,0.49061,0.66448,471.0,1134.3,0.943,0.57666,0.73432,553.6,1253.5,0.824,0.50224,0.67931,482.1,1159.6,0.926,0.57857,0.7487,555.4,1278.0,0.869,0.43138,0.66688,414.1,1138.4,0.912,0.5477,0.73228,525.8,1250.0,0.764
351,9.694,960,1707,0.66017,0.49663,633.8,847.8,1.0,0.66274,0.49115,636.2,838.4,1.0,0.66287,0.49086,636.4,837.9,1.0,0.66287,0.49056,636.4,837.4,1.0,0.66625,0.49119,639.6,838.5,1.0,0.66891,0.49092,642.2,838.0,1.0,0.67148,0.49052,644.6,837.3,1.0,0.67302,0.49141,646.1,838.8,1.0,0.6849,0.49037,657.5,837.1,1.0,0.66333,0.50054,636.8,854.4,1.0,0.66775,0.50064,641.0,854.6,1.0,0.681,0.50404,653.8,860.4,1.0,0.73858,0.51031,709.0,871.1,1.0,0.60531,0.52141,581.1,890.0,0.754,0.69865,0.47114,670.7,804.2,0.359,0.58678,0.49669,563.3,847.9,0.721,0.67999,0.43494,652.8,742.4,0.683,0.5721,0.49372,549.2,842.8,0.769,0.67802,0.42168,650.9,719.8,0.718,0.58347,0.48992,560.1,836.3,0.767,0.67595,0.42168,648.9,719.8,0.703,0.59032,0.491,566.7,838.1,0.677,0.67673,0.42598,649.7,727.1,0.683,0.65023,0.59793,624.2,1020.7,1.0,0.68657,0.61316,659.1,1046.7,1.0,0.52024,0.58907,499.4,1005.5,0.908,0.60183,0.66476,577.8,1134.7,0.611,0.49035,0.66439,470.7,1134.1,0.945,0.57658,0.73359,553.5,1252.2,0.834,0.50183,0.67966,481.8,1160.2,0.929,0.57854,0.74787,555.4,1276.6,0.876,0.43038,0.66538,413.2,1135.8,0.915,0.54823,0.73191,526.3,1249.4,0.776
352,9.721,960,1707,0.66019,0.49656,633.8,847.6,1.0,0.66287,0.49107,636.4,838.3,1.0,0.66299,0.49078,636.5,837.8,1.0,0.66298,0.49048,636.5,837.2,1.0,0.66644,0.49111,639.8,838.3,1.0,0.66916,0.49084,642.4,837.9,1.0,0.67177,0.49046,644.9,837.2,1.0,0.673,0.49135,646.1,838.7,1.0,0.68514,0.49034,657.7,837.0,1.0,0.6633,0.50046,636.8,854.3,1.0,0.66777,0.50056,641.1,854.5,1.0,0.68092,0.50396,653.7,860.3,1.0,0.73932,0.51038,709.7,871.2,1.0,0.60522,0.52173,581.0,890.6,0.753,0.69917,0.471,671.2,804.0,0.365,0.58708,0.49698,563.6,848.3,0.721,0.67993,0.43474,652.7,742.1,0.693,0.57229,0.49391,549.4,843.1,0.772,0.67798,0.42158,650.9,719.6,0.728,0.58349,0.49018,560.1,836.7,0.77,0.6759,0.42164,648.9,719.7,0.713,0.59029,0.49131,566.7,838.7,0.68,0.67669,0.42588,649.6,727.0,0.693,0.65035,0.59802,624.3,1020.8,1.0,0.68677,0.61319,659.3,1046.7,1.0,0.51989,0.58943,499.1,1006.2,0.91,0.60172,0.66476,577.7,1134.7,0.626,0.49019,0.66523,470.6,1135.6,0.946,0.57658,0.73302,553.5,1251.3,0.844,0.50084,0.6804,480.8,1161.4,0.931,0.57875,0.74689,555.6,1274.9,0.882,0.43035,0.66492,413.1,1135.0,0.918,0.54942,0.73201,527.4,1249.5,0.788
353,9.749,960,1707,0.66018,0.49654,633.8,847.6,1.0,0.66287,0.49104,636.4,838.2,1.0,0.66298,0.49077,636.5,837.7,1.0,0.66297,0.49047,636.5,837.2,1.0,0.66649,0.49109,639.8,838.3,1.0,0.66925,0.49083,642.5,837.8,1.0,0.67192,0.49045,645.0,837.2,1.0,0.67291,0.49148,646.0,839.0,1.0,0.68518,0.4904,657.8,837.1,1.0,0.66327,0.50053,636.7,854.4,1.0,0.66778,0.50062,641.1,854.6,1.0,0.68058,0.50406,653.4,860.4,1.0,0.74058,0.51091,711.0,872.1,1.0,0.60514,0.52177,580.9,890.7,0.746,0.69902,0.47078,671.1,803.6,0.364,0.58706,0.49757,563.6,849.4,0.725,0.6797,0.43425,652.5,741.3,0.704,0.57227,0.49428,549.4,843.7,0.779,0.67786,0.42097,650.7,718.6,0.74,0.58328,0.49051,560.0,837.3,0.777,0.67584,0.42127,648.8,719.1,0.725,0.58983,0.49182,566.2,839.5,0.688,0.67667,0.42556,649.6,726.4,0.705,0.65012,0.59807,624.1,1020.9,1.0,0.68665,0.6136,659.2,1047.4,1.0,0.51964,0.58973,498.9,1006.7,0.908,0.60089,0.66461,576.9,1134.5,0.632,0.48954,0.66603,470.0,1136.9,0.947,0.57603,0.73314,553.0,1251.5,0.851,0.49879,0.68144,478.8,1163.2,0.932,0.57867,0.74706,555.5,1275.2,0.887,0.42891,0.6652,411.8,1135.5,0.919,0.54944,0.73091,527.5,1247.7,0.795
354,9.777,960,1707,0.65974,0.49696,633.4,848.3,1.0,0.66238,0.49154,635.9,839.1,1.0,0.66244,0.49127,635.9,838.6,1.0,0.66236,0.49097,635.9,838.1,1.0,0.66627,0.4915,639.6,839.0,1.0,0.66913,0.49118,642.4,838.4,1.0,0.67188,0.49074,645.0,837.7,1.0,0.67255,0.49191,645.6,839.7,1.0,0.68517,0.49065,657.8,837.5,1.0,0.66301,0.50092,636.5,855.1,1.0,0.66763,0.50095,640.9,855.1,1.0,0.68041,0.50414,653.2,860.6,1.0,0.74098,0.51097,711.3,872.2,1.0,0.60531,0.52238,581.1,891.7,0.738,0.69894,0.4698,671.0,801.9,0.364,0.58692,0.49817,563.4,850.4,0.729,0.67968,0.43328,652.5,739.6,0.715,0.57207,0.49459,549.2,844.3,0.784,0.67782,0.42011,650.7,717.1,0.75,0.58275,0.49075,559.4,837.7,0.783,0.67587,0.42051,648.8,717.8,0.735,0.58902,0.49221,565.5,840.2,0.695,0.67661,0.42477,649.5,725.1,0.715,0.65005,0.59806,624.0,1020.9,1.0,0.68665,0.61364,659.2,1047.5,1.0,0.51944,0.59034,498.7,1007.7,0.902,0.60086,0.66442,576.8,1134.2,0.631,0.48927,0.66676,469.7,1138.2,0.947,0.57548,0.73315,552.5,1251.5,0.854,0.49802,0.68207,478.1,1164.3,0.933,0.57861,0.74718,555.5,1275.4,0.889,0.42825,0.66666,411.1,1138.0,0.92,0.54946,0.73044,527.5,1246.9,0.798
355,9.804,960,1707,0.66003,0.49686,633.6,848.1,1.0,0.66265,0.49141,636.1,838.8,1.0,0.6626,0.49113,636.1,838.4,1.0,0.66244,0.49081,635.9,837.8,1.0,0.66688,0.49146,640.2,838.9,1.0,0.66985,0.49117,643.1,838.4,1.0,0.67268,0.49072,645.8,837.7,1.0,0.67249,0.4919,645.6,839.7,1.0,0.68564,0.49063,658.2,837.5,1.0,0.66307,0.50083,636.6,854.9,1.0,0.66796,0.5009,641.2,855.0,1.0,0.68032,0.50413,653.1,860.6,1.0,0.74128,0.5111,711.6,872.4,1.0,0.60567,0.52254,581.4,892.0,0.729,0.69884,0.46909,670.9,800.7,0.359,0.5869,0.49971,563.4,853.0,0.733,0.67963,0.43248,652.4,738.2,0.726,0.572,0.49569,549.1,846.1,0.791,0.67785,0.41956,650.7,716.2,0.762,0.58256,0.49156,559.3,839.1,0.791,0.67591,0.42008,648.9,717.1,0.748,0.58882,0.49335,565.3,842.2,0.703,0.67657,0.42418,649.5,724.1,0.729,0.64998,0.59848,624.0,1021.6,1.0,0.68658,0.61419,659.1,1048.4,1.0,0.51938,0.59071,498.6,1008.3,0.898,0.60078,0.66429,576.7,1133.9,0.627,0.48762,0.66804,468.1,1140.3,0.948,0.57539,0.7332,552.4,1251.6,0.858,0.4948,0.68385,475.0,1167.3,0.934,0.57847,0.74746,555.3,1275.9,0.892,0.42732,0.66761,410.2,1139.6,0.922,0.54583,0.72994,524.0,1246.0,0.802
356,9.832,960,1707,0.66089,0.49587,634.5,846.4,1.0,0.66344,0.49058,636.9,837.4,1.0,0.66318,0.49041,636.7,837.1,1.0,0.66286,0.49016,636.3,836.7,1.0,0.66816,0.49069,641.4,837.6,1.0,0.67122,0.49056,644.4,837.4,1.0,0.67406,0.49025,647.1,836.9,1.0,0.67248,0.49172,645.6,839.4,1.0,0.6864,0.49049,658.9,837.3,1.0,0.6635,0.49991,637.0,853.4,1.0,0.66903,0.49992,642.3,853.4,1.0,0.68028,0.50401,653.1,860.3,1.0,0.74135,0.51109,711.7,872.4,1.0,0.60576,0.52257,581.5,892.0,0.718,0.69877,0.46892,670.8,800.4,0.355,0.58689,0.50034,563.4,854.1,0.74,0.6796,0.43212,652.4,737.6,0.746,0.57198,0.49615,549.1,846.9,0.801,0.67783,0.41911,650.7,715.4,0.78,0.58214,0.49176,558.9,839.4,0.801,0.67588,0.41972,648.8,716.5,0.767,0.58872,0.49377,565.2,842.9,0.716,0.67649,0.42376,649.4,723.4,0.748,0.64986,0.59905,623.9,1022.6,1.0,0.68653,0.6145,659.1,1048.9,1.0,0.51807,0.59172,497.3,1010.1,0.888,0.60079,0.66427,576.8,1133.9,0.613,0.4842,0.67006,464.8,1143.8,0.948,0.57553,0.73322,552.5,1251.6,0.859,0.49259,0.68568,472.9,1170.5,0.935,0.57843,0.74763,555.3,1276.2,0.894,0.42516,0.66967,408.2,1143.1,0.923,0.54443,0.72977,522.7,1245.7,0.803
357,9.859,960,1707,0.66354,0.49466,637.0,844.4,1.0,0.66531,0.48982,638.7,836.1,1.0,0.66468,0.48979,638.1,836.1,1.0,0.66409,0.48965,637.5,835.8,1.0,0.67074,0.48985,643.9,836.2,1.0,0.67376,0.48982,646.8,836.1,1.0,0.67663,0.48961,649.6,835.8,1.0,0.67247,0.49161,645.6,839.2,1.0,0.68793,0.49019,660.4,836.7,1.0,0.66502,0.49877,638.4,851.4,1.0,0.67183,0.49852,645.0,851.0,1.0,0.67956,0.50396,652.4,860.3,1.0,0.74165,0.51107,712.0,872.4,1.0,0.60574,0.52291,581.5,892.6,0.719,0.69872,0.46898,670.8,800.6,0.359,0.58697,0.50068,563.5,854.7,0.752,0.67953,0.43205,652.3,737.5,0.764,0.57222,0.49641,549.3,847.4,0.813,0.67779,0.41899,650.7,715.2,0.797,0.58227,0.49213,559.0,840.1,0.813,0.67557,0.41968,648.5,716.4,0.785,0.58871,0.49408,565.2,843.4,0.73,0.67604,0.42376,649.0,723.4,0.767,0.6492,0.59944,623.2,1023.2,1.0,0.68649,0.61451,659.0,1049.0,1.0,0.51669,0.59616,496.0,1017.6,0.879,0.60139,0.66432,577.3,1134.0,0.606,0.48065,0.67381,461.4,1150.2,0.947,0.57594,0.7334,552.9,1251.9,0.86,0.49131,0.68812,471.7,1174.6,0.934,0.57829,0.74777,555.2,1276.4,0.894,0.42206,0.67946,405.2,1159.8,0.92,0.54442,0.72944,522.6,1245.2,0.802
358,9.887,960,1707,0.66147,0.49486,635.0,844.7,1.0,0.66293,0.49001,636.4,836.5,1.0,0.66226,0.48993,635.8,836.3,1.0,0.66149,0.48975,635.0,836.0,1.0,0.66836,0.49001,641.6,836.5,1.0,0.67133,0.48993,644.5,836.3,1.0,0.67414,0.48968,647.2,835.9,1.0,0.66961,0.49159,642.8,839.2,1.0,0.68579,0.49018,658.4,836.7,1.0,0.66384,0.49886,637.3,851.6,1.0,0.67046,0.49861,643.6,851.1,1.0,0.67406,0.50396,647.1,860.3,1.0,0.74164,0.51042,712.0,871.3,1.0,0.60577,0.52392,581.5,894.3,0.729,0.70028,0.46949,672.3,801.4,0.365,0.58593,0.50188,562.5,856.7,0.767,0.6795,0.43213,652.3,737.6,0.781,0.5717,0.4971,548.8,848.5,0.825,0.67777,0.41907,650.7,715.3,0.811,0.58111,0.49243,557.9,840.6,0.825,0.67556,0.41979,648.5,716.6,0.799,0.58754,0.49447,564.0,844.1,0.745,0.67603,0.42392,649.0,723.6,0.782,0.64591,0.59944,620.1,1023.2,1.0,0.68601,0.6145,658.6,1049.0,1.0,0.51437,0.60255,493.8,1028.6,0.88,0.60153,0.66432,577.5,1134.0,0.605,0.47568,0.67954,456.7,1160.0,0.949,0.5766,0.73348,553.5,1252.1,0.863,0.48745,0.69498,468.0,1186.3,0.936,0.57828,0.7478,555.1,1276.5,0.897,0.41408,0.68985,397.5,1177.6,0.923,0.54454,0.72934,522.8,1245.0,0.805
359,9.915,960,1707,0.66036,0.49559,634.0,846.0,1.0,0.66141,0.49053,635.0,837.3,1.0,0.66075,0.49038,634.3,837.1,1.0,0.65998,0.49014,633.6,836.7,1.0,0.66677,0.49041,640.1,837.1,1.0,0.66973,0.4902,642.9,836.8,1.0,0.67261,0.48984,645.7,836.2,1.0,0.66825,0.49171,641.5,839.4,1.0,0.6847,0.49019,657.3,836.8,1.0,0.66314,0.49933,636.6,852.4,1.0,0.66968,0.49904,642.9,851.9,1.0,0.67307,0.50396,646.1,860.3,1.0,0.74174,0.51023,712.1,871.0,1.0,0.60493,0.52474,580.7,895.7,0.731,0.70073,0.46969,672.7,801.8,0.363,0.58566,0.50199,562.2,856.9,0.778,0.67942,0.43219,652.2,737.7,0.795,0.57166,0.49735,548.8,849.0,0.835,0.67765,0.4191,650.5,715.4,0.824,0.58109,0.49259,557.8,840.8,0.836,0.6753,0.41983,648.3,716.7,0.813,0.58738,0.49457,563.9,844.2,0.759,0.67575,0.42394,648.7,723.7,0.797,0.64273,0.59944,617.0,1023.2,1.0,0.68478,0.6145,657.4,1048.9,1.0,0.51129,0.61094,490.8,1042.9,0.877,0.60166,0.66477,577.6,1134.8,0.594,0.47038,0.68624,451.6,1171.4,0.95,0.57707,0.73448,554.0,1253.8,0.863,0.48118,0.70238,461.9,1199.0,0.937,0.57819,0.74858,555.1,1277.8,0.897,0.40737,0.69695,391.1,1189.7,0.924,0.54467,0.72941,522.9,1245.1,0.804
360,9.942,960,1707,0.65945,0.49633,633.1,847.2,1.0,0.66026,0.49137,633.8,838.8,1.0,0.65954,0.49116,633.2,838.4,1.0,0.6587,0.49086,632.4,837.9,1.0,0.66583,0.49118,639.2,838.4,1.0,0.6689,0.49085,642.1,837.9,1.0,0.67187,0.49039,645.0,837.1,1.0,0.66711,0.49197,640.4,839.8,1.0,0.68394,0.49042,656.6,837.2,1.0,0.66233,0.4999,635.8,853.3,1.0,0.66909,0.49956,642.3,852.8,1.0,0.67228,0.504,645.4,860.3,1.0,0.74171,0.51018,712.0,870.9,1.0,0.60443,0.52469,580.3,895.6,0.73,0.7008,0.46999,672.8,802.3,0.36,0.58538,0.50195,562.0,856.8,0.787,0.67941,0.43222,652.2,737.8,0.807,0.57164,0.49741,548.8,849.1,0.844,0.67747,0.41913,650.4,715.5,0.835,0.58104,0.49269,557.8,841.0,0.844,0.67506,0.41994,648.1,716.8,0.824,0.58707,0.49463,563.6,844.3,0.77,0.67565,0.42413,648.6,724.0,0.808,0.64117,0.59987,615.5,1024.0,1.0,0.68392,0.61462,656.6,1049.2,1.0,0.50687,0.61723,486.6,1053.6,0.87,0.60164,0.66548,577.6,1136.0,0.574,0.46479,0.69303,446.2,1183.0,0.949,0.57721,0.73608,554.1,1256.5,0.857,0.47498,0.70791,456.0,1208.4,0.936,0.57731,0.74988,554.2,1280.0,0.893,0.4017,0.70156,385.6,1197.6,0.923,0.54801,0.72983,526.1,1245.8,0.796
361,9.97,960,1707,0.65999,0.49562,633.6,846.0,1.0,0.66028,0.4912,633.9,838.5,1.0,0.65962,0.49104,633.2,838.2,1.0,0.65884,0.49079,632.5,837.8,1.0,0.66598,0.49098,639.3,838.1,1.0,0.66915,0.49067,642.4,837.6,1.0,0.6722,0.49023,645.3,836.8,1.0,0.6671,0.49187,640.4,839.6,1.0,0.68523,0.49013,657.8,836.6,1.0,0.6627,0.49901,636.2,851.8,1.0,0.67052,0.4985,643.7,850.9,1.0,0.67102,0.50376,644.2,859.9,1.0,0.74273,0.51013,713.0,870.8,1.0,0.60383,0.52419,579.7,894.8,0.719,0.70078,0.46953,672.7,801.5,0.352,0.58447,0.50185,561.1,856.7,0.791,0.67939,0.43207,652.2,737.5,0.817,0.57096,0.49739,548.1,849.0,0.849,0.67721,0.41891,650.1,715.1,0.845,0.58018,0.49268,557.0,841.0,0.85,0.67503,0.41985,648.0,716.7,0.835,0.58621,0.49462,562.8,844.3,0.777,0.67563,0.4241,648.6,723.9,0.819,0.63917,0.59962,613.6,1023.5,1.0,0.68361,0.61462,656.3,1049.1,1.0,0.50527,0.6223,485.1,1062.3,0.857,0.60053,0.66565,576.5,1136.3,0.544,0.4605,0.69788,442.1,1191.3,0.947,0.5771,0.73823,554.0,1260.2,0.843,0.47027,0.71332,451.5,1217.6,0.934,0.57657,0.75151,553.5,1282.8,0.886,0.39648,0.70789,380.6,1208.4,0.92,0.54646,0.72974,524.6,1245.7,0.777
362,9.998,960,1707,0.66017,0.49473,633.8,844.5,1.0,0.66031,0.49061,633.9,837.5,1.0,0.65967,0.49051,633.3,837.3,1.0,0.65893,0.49031,632.6,837.0,1.0,0.6661,0.49044,639.5,837.2,1.0,0.66933,0.49022,642.6,836.8,1.0,0.67243,0.48986,645.5,836.2,1.0,0.66698,0.49167,640.3,839.3,1.0,0.68551,0.48985,658.1,836.2,1.0,0.6627,0.4982,636.2,850.4,1.0,0.67067,0.49761,643.8,849.4,1.0,0.66957,0.50372,642.8,859.8,1.0,0.74297,0.51015,713.3,870.8,1.0,0.60279,0.52416,578.7,894.7,0.71,0.7004,0.46918,672.4,800.9,0.344,0.58409,0.50183,560.7,856.6,0.796,0.6793,0.43201,652.1,737.4,0.826,0.57074,0.49724,547.9,848.8,0.855,0.67684,0.41871,649.8,714.7,0.854,0.57991,0.49251,556.7,840.7,0.857,0.67497,0.41976,648.0,716.5,0.844,0.5859,0.49454,562.5,844.2,0.785,0.67561,0.42407,648.6,723.9,0.829,0.63797,0.59918,612.5,1022.8,1.0,0.68231,0.61421,655.0,1048.5,1.0,0.50501,0.6272,484.8,1070.6,0.851,0.59955,0.66573,575.6,1136.4,0.517,0.45432,0.7028,436.1,1199.7,0.946,0.57693,0.73932,553.9,1262.0,0.829,0.46305,0.71813,444.5,1225.8,0.933,0.57641,0.75247,553.4,1284.5,0.879,0.38788,0.71253,372.4,1216.3,0.918,0.54728,0.73082,525.4,1247.5,0.759
363,10.025,960,1707,0.66016,0.49417,633.8,843.5,1.0,0.66025,0.49038,633.8,837.1,1.0,0.65951,0.49035,633.1,837.0,1.0,0.65874,0.4902,632.4,836.8,1.0,0.66598,0.49009,639.3,836.6,1.0,0.66914,0.48988,642.4,836.2,1.0,0.6724,0.48947,645.5,835.5,1.0,0.66652,0.4915,639.9,839.0,1.0,0.68631,0.48926,658.9,835.2,1.0,0.66257,0.49755,636.1,849.3,0.999,0.67072,0.49673,643.9,847.9,0.999,0.66894,0.50338,642.2,859.3,1.0,0.74292,0.51015,713.2,870.8,1.0,0.59978,0.52438,575.8,895.1,0.692,0.69997,0.46901,672.0,800.6,0.333,0.58366,0.50211,560.3,857.1,0.788,0.67927,0.43203,652.1,737.5,0.831,0.57047,0.49733,547.7,848.9,0.853,0.67658,0.41873,649.5,714.8,0.859,0.57991,0.49266,556.7,841.0,0.855,0.67499,0.41971,648.0,716.4,0.849,0.58552,0.49479,562.1,844.6,0.782,0.67568,0.42405,648.6,723.9,0.835,0.63507,0.59943,609.7,1023.2,1.0,0.67974,0.6142,652.5,1048.4,1.0,0.50539,0.63245,485.2,1079.6,0.845,0.59747,0.66571,573.6,1136.4,0.494,0.44827,0.70633,430.3,1205.7,0.946,0.57675,0.73931,553.7,1262.0,0.82,0.45352,0.72132,435.4,1231.3,0.933,0.57701,0.75247,553.9,1284.5,0.875,0.37984,0.71679,364.6,1223.6,0.915,0.54131,0.73203,519.7,1249.6,0.745
364,10.053,960,1707,0.65987,0.49317,633.5,841.8,1.0,0.65995,0.48993,633.6,836.3,1.0,0.65931,0.48997,632.9,836.4,1.0,0.6587,0.48986,632.4,836.2,1.0,0.66499,0.48955,638.4,835.7,1.0,0.66811,0.48932,641.4,835.3,1.0,0.67221,0.48874,645.3,834.3,1.0,0.66659,0.49096,639.9,838.1,1.0,0.68986,0.48794,662.3,832.9,1.0,0.66269,0.49637,636.2,847.3,0.999,0.67068,0.49544,643.8,845.7,0.999,0.66769,0.50282,641.0,858.3,1.0,0.74288,0.51002,713.2,870.6,1.0,0.59961,0.52451,575.6,895.3,0.688,0.69913,0.46872,671.2,800.1,0.325,0.58305,0.50204,559.7,857.0,0.791,0.67919,0.43212,652.0,737.6,0.841,0.57009,0.49714,547.3,848.6,0.858,0.67637,0.41875,649.3,714.8,0.869,0.57938,0.4924,556.2,840.5,0.861,0.67498,0.41972,648.0,716.5,0.859,0.5851,0.49476,561.7,844.6,0.789,0.67571,0.42406,648.7,723.9,0.845,0.6316,0.59943,606.3,1023.2,1.0,0.67923,0.61416,652.1,1048.4,1.0,0.50632,0.63821,486.1,1089.4,0.842,0.59627,0.66529,572.4,1135.7,0.473,0.44307,0.70841,425.3,1209.3,0.946,0.5767,0.73975,553.6,1262.8,0.811,0.44785,0.72453,429.9,1236.8,0.934,0.57706,0.75322,554.0,1285.7,0.873,0.37439,0.71994,359.4,1228.9,0.914,0.54418,0.73299,522.4,1251.2,0.73
365,10.08,960,1707,0.65749,0.4927,631.2,841.0,1.0,0.65769,0.48937,631.4,835.3,1.0,0.65719,0.48941,630.9,835.4,1.0,0.65661,0.48932,630.3,835.3,1.0,0.66248,0.48898,636.0,834.7,1.0,0.66534,0.48878,638.7,834.3,1.0,0.66848,0.48832,641.7,833.6,1.0,0.66513,0.49036,638.5,837.0,1.0,0.68642,0.48779,659.0,832.7,1.0,0.66096,0.49593,634.5,846.6,0.999,0.66871,0.49512,642.0,845.2,0.999,0.66661,0.50228,639.9,857.4,1.0,0.74293,0.51108,713.2,872.4,1.0,0.59652,0.52449,572.7,895.3,0.676,0.69879,0.46879,670.8,800.2,0.321,0.58258,0.50234,559.3,857.5,0.783,0.67917,0.43215,652.0,737.7,0.85,0.57,0.49737,547.2,849.0,0.857,0.67642,0.41871,649.4,714.7,0.877,0.57933,0.49277,556.2,841.2,0.86,0.67535,0.41962,648.3,716.3,0.868,0.58444,0.49513,561.1,845.2,0.788,0.67609,0.42399,649.0,723.8,0.855,0.62721,0.60034,602.1,1024.8,1.0,0.67797,0.6151,650.9,1050.0,1.0,0.50653,0.64359,486.3,1098.6,0.841,0.59504,0.66515,571.2,1135.4,0.455,0.43633,0.71141,418.9,1214.4,0.948,0.57703,0.74031,553.9,1263.7,0.806,0.4417,0.72652,424.0,1240.2,0.937,0.57833,0.75346,555.2,1286.2,0.873,0.36639,0.72421,351.7,1236.2,0.916,0.54868,0.73736,526.7,1258.7,0.72
366,10.108,960,1707,0.65473,0.49089,628.5,837.9,0.999,0.65492,0.48806,628.7,833.1,0.999,0.65515,0.48801,628.9,833.0,0.999,0.65515,0.48783,628.9,832.7,1.0,0.65812,0.4878,631.8,832.7,1.0,0.66048,0.48764,634.1,832.4,1.0,0.66286,0.48724,636.3,831.7,1.0,0.66489,0.4887,638.3,834.2,1.0,0.68671,0.48631,659.2,830.1,1.0,0.66029,0.49357,633.9,842.5,0.999,0.66788,0.49277,641.2,841.2,0.999,0.66634,0.50002,639.7,853.5,1.0,0.7416,0.51041,711.9,871.3,1.0,0.59649,0.52431,572.6,895.0,0.668,0.69679,0.46841,668.9,799.6,0.318,0.58258,0.50342,559.3,859.3,0.772,0.67897,0.43216,651.8,737.7,0.855,0.57009,0.49832,547.3,850.6,0.853,0.67634,0.41872,649.3,714.8,0.882,0.57961,0.4937,556.4,842.7,0.856,0.67535,0.41958,648.3,716.2,0.873,0.58446,0.49608,561.1,846.8,0.783,0.67614,0.42397,649.1,723.7,0.861,0.62103,0.60092,596.2,1025.8,1.0,0.67555,0.61528,648.5,1050.3,1.0,0.50715,0.64613,486.9,1103.0,0.847,0.59518,0.66511,571.4,1135.3,0.449,0.43468,0.71249,417.3,1216.2,0.951,0.5773,0.74014,554.2,1263.4,0.81,0.43944,0.72751,421.9,1241.9,0.94,0.57831,0.75335,555.2,1286.0,0.876,0.36528,0.72473,350.7,1237.1,0.919,0.55469,0.73722,532.5,1258.4,0.719
367,10.136,960,1707,0.64866,0.49098,622.7,838.1,0.999,0.6486,0.48817,622.7,833.3,0.999,0.64903,0.48823,623.1,833.4,0.999,0.64916,0.48816,623.2,833.3,0.999,0.65224,0.48786,626.1,832.8,0.999,0.65478,0.48766,628.6,832.4,1.0,0.65827,0.48719,631.9,831.6,1.0,0.66163,0.48873,635.2,834.3,1.0,0.68414,0.4858,656.8,829.3,1.0,0.65612,0.49351,629.9,842.4,0.999,0.66458,0.49232,638.0,840.4,0.999,0.6631,0.49988,636.6,853.3,1.0,0.73918,0.51038,709.6,871.2,1.0,0.59285,0.52457,569.1,895.4,0.665,0.69622,0.46919,668.4,800.9,0.314,0.58248,0.50424,559.2,860.7,0.766,0.67889,0.43296,651.7,739.1,0.857,0.57009,0.49917,547.3,852.1,0.85,0.67639,0.41984,649.3,716.7,0.884,0.57969,0.49503,556.5,845.0,0.852,0.67538,0.42036,648.4,717.6,0.875,0.58442,0.49728,561.0,848.9,0.777,0.67615,0.42494,649.1,725.4,0.862,0.61601,0.60158,591.4,1026.9,1.0,0.67273,0.61548,645.8,1050.6,1.0,0.50725,0.64744,487.0,1105.2,0.854,0.59528,0.66511,571.5,1135.4,0.447,0.43286,0.7145,415.5,1219.7,0.954,0.57748,0.73997,554.4,1263.1,0.815,0.43795,0.72928,420.4,1244.9,0.943,0.5783,0.75294,555.2,1285.3,0.879,0.36742,0.72438,352.7,1236.5,0.922,0.56087,0.73831,538.4,1260.3,0.719
368,10.163,960,1707,0.64973,0.48909,623.7,834.9,0.999,0.64941,0.48749,623.4,832.1,0.999,0.64965,0.48773,623.7,832.6,0.999,0.64968,0.48781,623.7,832.7,0.999,0.65353,0.48662,627.4,830.7,0.999,0.65626,0.48635,630.0,830.2,1.0,0.66648,0.48644,639.8,830.3,1.0,0.66122,0.4854,634.8,828.6,1.0,0.69393,0.48434,666.2,826.8,1.0,0.65648,0.4917,630.2,839.3,0.999,0.66599,0.49013,639.3,836.7,0.999,0.65958,0.49987,633.2,853.3,1.0,0.7386,0.50997,709.1,870.5,1.0,0.58913,0.52517,565.6,896.5,0.674,0.69593,0.47128,668.1,804.5,0.313,0.58161,0.50422,558.3,860.7,0.773,0.67878,0.43427,651.6,741.3,0.861,0.5699,0.49819,547.1,850.4,0.854,0.67644,0.4214,649.4,719.3,0.889,0.57949,0.4945,556.3,844.1,0.857,0.67524,0.42203,648.2,720.4,0.88,0.58396,0.49702,560.6,848.4,0.783,0.67597,0.42734,648.9,729.5,0.867,0.61025,0.6036,585.8,1030.3,1.0,0.66987,0.61596,643.1,1051.4,1.0,0.50648,0.65009,486.2,1109.7,0.862,0.59511,0.66552,571.3,1136.0,0.457,0.43271,0.71543,415.4,1221.2,0.957,0.57753,0.74008,554.4,1263.3,0.823,0.43808,0.73092,420.6,1247.7,0.947,0.57838,0.75291,555.2,1285.2,0.885,0.36555,0.72546,350.9,1238.4,0.926,0.56164,0.74044,539.2,1263.9,0.726
369,10.191,960,1707,0.64867,0.48921,622.7,835.1,0.999,0.64901,0.48748,623.1,832.1,0.999,0.64925,0.48772,623.3,832.5,0.999,0.64928,0.48781,623.3,832.7,0.999,0.65285,0.48667,626.7,830.7,0.999,0.65605,0.4864,629.8,830.3,1.0,0.6622,0.4864,635.7,830.3,1.0,0.65962,0.48566,633.2,829.0,1.0,0.68471,0.48459,657.3,827.2,1.0,0.65467,0.49193,628.5,839.7,0.999,0.66414,0.4906,637.6,837.5,0.999,0.65522,0.49988,629.0,853.3,1.0,0.73838,0.50997,708.8,870.5,1.0,0.58547,0.52632,562.1,898.4,0.684,0.69619,0.4727,668.3,806.9,0.308,0.58095,0.50339,557.7,859.3,0.775,0.67877,0.43533,651.6,743.1,0.861,0.56991,0.49736,547.1,849.0,0.854,0.67659,0.42359,649.5,723.1,0.889,0.5795,0.49369,556.3,842.7,0.857,0.67518,0.42398,648.2,723.7,0.88,0.58399,0.49622,560.6,847.1,0.783,0.67591,0.42908,648.9,732.4,0.868,0.60882,0.6042,584.5,1031.4,1.0,0.66816,0.61644,641.4,1052.3,1.0,0.50648,0.65075,486.2,1110.8,0.871,0.59499,0.66572,571.2,1136.4,0.46,0.43209,0.71627,414.8,1222.7,0.96,0.57791,0.74064,554.8,1264.3,0.827,0.43724,0.73149,419.7,1248.6,0.95,0.57839,0.75288,555.3,1285.2,0.887,0.36573,0.72519,351.1,1237.9,0.929,0.56355,0.74015,541.0,1263.4,0.727
370,10.218,960,1707,0.64532,0.48965,619.5,835.8,0.999,0.64737,0.48779,621.5,832.7,0.999,0.64767,0.48808,621.8,833.1,0.999,0.64775,0.48822,621.8,833.4,0.999,0.65124,0.48678,625.2,830.9,0.999,0.65445,0.48645,628.3,830.4,1.0,0.65858,0.48641,632.2,830.3,1.0,0.65746,0.48646,631.2,830.4,1.0,0.67685,0.48489,649.8,827.7,1.0,0.65084,0.4926,624.8,840.9,0.999,0.65878,0.49121,632.4,838.5,0.999,0.65156,0.49994,625.5,853.4,1.0,0.73732,0.51006,707.8,870.7,1.0,0.58406,0.52714,560.7,899.8,0.696,0.69651,0.47392,668.6,809.0,0.308,0.57966,0.5032,556.5,859.0,0.777,0.67877,0.43569,651.6,743.7,0.863,0.56893,0.49706,546.2,848.5,0.854,0.67681,0.42382,649.7,723.5,0.891,0.57907,0.49341,555.9,842.3,0.857,0.67515,0.42445,648.1,724.5,0.882,0.58377,0.49607,560.4,846.8,0.783,0.67591,0.42957,648.9,733.3,0.869,0.6112,0.60406,586.8,1031.1,1.0,0.66805,0.61642,641.3,1052.2,1.0,0.50637,0.65006,486.1,1109.7,0.88,0.59488,0.66571,571.1,1136.4,0.466,0.43182,0.71618,414.5,1222.5,0.963,0.57797,0.74058,554.9,1264.2,0.832,0.43763,0.73125,420.1,1248.2,0.953,0.57828,0.75257,555.1,1284.6,0.891,0.36644,0.72502,351.8,1237.6,0.933,0.56381,0.73982,541.3,1262.9,0.732
371,10.246,960,1707,0.64337,0.4897,617.6,835.9,0.999,0.64612,0.48781,620.3,832.7,0.999,0.64621,0.48809,620.4,833.2,0.999,0.64595,0.48827,620.1,833.5,0.999,0.65036,0.48685,624.3,831.0,0.999,0.6536,0.48651,627.5,830.5,1.0,0.65698,0.4864,630.7,830.3,1.0,0.65484,0.4871,628.6,831.5,1.0,0.6724,0.48491,645.5,827.7,1.0,0.64818,0.49287,622.3,841.3,0.999,0.65539,0.4914,629.2,838.8,0.999,0.64953,0.5002,623.6,853.8,1.0,0.73421,0.50997,704.8,870.5,1.0,0.5836,0.5278,560.3,901.0,0.706,0.69634,0.47368,668.5,808.6,0.309,0.57816,0.50329,555.0,859.1,0.783,0.67879,0.4357,651.6,743.7,0.863,0.56727,0.49705,544.6,848.5,0.857,0.67704,0.42362,650.0,723.1,0.891,0.57809,0.4934,555.0,842.2,0.859,0.67512,0.42428,648.1,724.2,0.882,0.58298,0.49603,559.7,846.7,0.786,0.67588,0.42937,648.8,732.9,0.869,0.61293,0.60391,588.4,1030.9,1.0,0.66842,0.6164,641.7,1052.2,1.0,0.50643,0.64951,486.2,1108.7,0.886,0.59384,0.66578,570.1,1136.5,0.464,0.43135,0.71546,414.1,1221.3,0.964,0.5778,0.74109,554.7,1265.0,0.834,0.43716,0.73041,419.7,1246.8,0.955,0.57773,0.75268,554.6,1284.8,0.893,0.36513,0.72511,350.5,1237.8,0.936,0.56375,0.73949,541.2,1262.3,0.734
372,10.274,960,1707,0.64435,0.48858,618.6,834.0,0.999,0.64675,0.48617,620.9,829.9,0.999,0.64682,0.48657,620.9,830.6,0.999,0.64653,0.48691,620.7,831.2,0.999,0.65078,0.48513,624.7,828.1,1.0,0.6541,0.4849,627.9,827.7,1.0,0.6578,0.48474,631.5,827.5,1.0,0.65475,0.48723,628.6,831.7,1.0,0.67296,0.48466,646.0,827.3,1.0,0.64892,0.49251,623.0,840.7,0.999,0.65644,0.49111,630.2,838.3,0.999,0.65116,0.50072,625.1,854.7,1.0,0.73363,0.50996,704.3,870.5,1.0,0.58386,0.52772,560.5,900.8,0.71,0.69522,0.47353,667.4,808.3,0.311,0.57847,0.50329,555.3,859.1,0.789,0.67868,0.43565,651.5,743.7,0.871,0.56746,0.49705,544.8,848.5,0.862,0.67707,0.42342,650.0,722.8,0.897,0.57825,0.49339,555.1,842.2,0.864,0.67503,0.4241,648.0,723.9,0.888,0.58348,0.496,560.1,846.7,0.792,0.67542,0.42934,648.4,732.9,0.876,0.61329,0.60387,588.8,1030.8,1.0,0.66858,0.61633,641.8,1052.1,1.0,0.50647,0.64759,486.2,1105.4,0.89,0.59258,0.66578,568.9,1136.5,0.455,0.43061,0.71496,413.4,1220.4,0.966,0.57734,0.74151,554.2,1265.8,0.831,0.43594,0.7299,418.5,1245.9,0.957,0.57729,0.75292,554.2,1285.2,0.893,0.36419,0.7249,349.6,1237.4,0.937,0.55936,0.73943,537.0,1262.2,0.727
373,10.301,960,1707,0.64195,0.48949,616.3,835.6,0.999,0.6449,0.48663,619.1,830.7,0.999,0.64498,0.48704,619.2,831.4,0.999,0.64477,0.4874,619.0,832.0,0.999,0.64926,0.48546,623.3,828.7,1.0,0.65255,0.48517,626.5,828.2,1.0,0.65572,0.48495,629.5,827.8,1.0,0.65402,0.48809,627.9,833.2,1.0,0.66962,0.48516,642.8,828.2,1.0,0.64644,0.49348,620.6,842.4,0.999,0.65296,0.49223,626.8,840.2,0.999,0.65194,0.50128,625.9,855.7,1.0,0.73375,0.51015,704.4,870.8,1.0,0.58394,0.52754,560.6,900.5,0.71,0.6954,0.47344,667.6,808.2,0.316,0.57843,0.50274,555.3,858.2,0.788,0.67865,0.43579,651.5,743.9,0.876,0.56752,0.49661,544.8,847.7,0.862,0.67706,0.42337,650.0,722.7,0.901,0.57826,0.49298,555.1,841.5,0.865,0.67489,0.424,647.9,723.8,0.892,0.58343,0.49569,560.1,846.2,0.793,0.67526,0.4292,648.2,732.6,0.881,0.61364,0.6038,589.1,1030.7,1.0,0.66887,0.61631,642.1,1052.0,1.0,0.50633,0.64669,486.1,1103.9,0.893,0.59198,0.66579,568.3,1136.5,0.458,0.4315,0.7141,414.2,1219.0,0.967,0.57734,0.7418,554.2,1266.3,0.834,0.43664,0.72912,419.2,1244.6,0.958,0.5773,0.753,554.2,1285.4,0.895,0.36541,0.7244,350.8,1236.6,0.938,0.55932,0.73921,536.9,1261.8,0.729
374,10.329,960,1707,0.64067,0.49112,615.0,838.3,0.999,0.64382,0.4875,618.1,832.2,0.999,0.64382,0.48785,618.1,832.8,0.999,0.64358,0.48812,617.8,833.2,0.999,0.64845,0.48628,622.5,830.1,1.0,0.65173,0.48588,625.7,829.4,1.0,0.65473,0.48552,628.5,828.8,1.0,0.65341,0.48914,627.3,835.0,1.0,0.66782,0.48596,641.1,829.5,1.0,0.64467,0.49534,618.9,845.5,0.999,0.65092,0.49436,624.9,843.9,0.999,0.65216,0.50206,626.1,857.0,1.0,0.7337,0.51026,704.4,871.0,1.0,0.58378,0.52752,560.4,900.5,0.706,0.69564,0.47341,667.8,808.1,0.319,0.57805,0.5027,554.9,858.1,0.788,0.67865,0.4357,651.5,743.7,0.88,0.5673,0.49657,544.6,847.7,0.863,0.67699,0.42323,649.9,722.5,0.905,0.57789,0.49288,554.8,841.3,0.865,0.67488,0.42353,647.9,723.0,0.897,0.58313,0.49561,559.8,846.0,0.793,0.67526,0.42863,648.2,731.7,0.885,0.61673,0.60373,592.1,1030.6,1.0,0.66902,0.61633,642.3,1052.1,1.0,0.50564,0.64579,485.4,1102.4,0.892,0.59107,0.66622,567.4,1137.2,0.451,0.43196,0.71332,414.7,1217.6,0.967,0.577,0.74305,553.9,1268.4,0.831,0.43759,0.72836,420.1,1243.3,0.958,0.57693,0.75461,553.9,1288.1,0.894,0.36598,0.72378,351.3,1235.5,0.938,0.55788,0.73905,535.6,1261.6,0.725
375,10.357,960,1707,0.6411,0.48908,615.5,834.9,0.999,0.6447,0.48599,618.9,829.6,0.999,0.64468,0.48641,618.9,830.3,0.999,0.64449,0.48674,618.7,830.9,1.0,0.64956,0.48474,623.6,827.5,1.0,0.6525,0.48445,626.4,827.0,1.0,0.65485,0.48412,628.7,826.4,1.0,0.65423,0.48861,628.1,834.1,1.0,0.6696,0.485,642.8,827.9,1.0,0.64556,0.49337,619.7,842.2,0.999,0.65118,0.49246,625.1,840.6,0.999,0.65226,0.50206,626.2,857.0,1.0,0.73382,0.5098,704.5,870.2,1.0,0.58398,0.52754,560.6,900.5,0.706,0.69567,0.47283,667.8,807.1,0.317,0.57808,0.50175,555.0,856.5,0.787,0.67791,0.43549,650.8,743.4,0.881,0.56741,0.49539,544.7,845.6,0.862,0.67689,0.42243,649.8,721.1,0.906,0.57787,0.4916,554.8,839.2,0.864,0.67472,0.42272,647.7,721.6,0.898,0.58315,0.4947,559.8,844.5,0.793,0.67481,0.42786,647.8,730.4,0.887,0.62035,0.60367,595.5,1030.5,1.0,0.66941,0.6163,642.6,1052.0,1.0,0.5043,0.64306,484.1,1097.7,0.893,0.59102,0.66626,567.4,1137.3,0.449,0.43238,0.7103,415.1,1212.5,0.967,0.57694,0.74314,553.9,1268.5,0.83,0.43778,0.72525,420.3,1238.0,0.958,0.5769,0.75504,553.8,1288.9,0.894,0.36647,0.7234,351.8,1234.8,0.937,0.55648,0.73894,534.2,1261.4,0.722
376,10.384,960,1707,0.64181,0.4893,616.1,835.2,0.999,0.6451,0.48633,619.3,830.2,0.999,0.64505,0.48671,619.2,830.8,0.999,0.64483,0.48701,619.0,831.3,1.0,0.64991,0.48504,623.9,828.0,1.0,0.65286,0.48468,626.7,827.4,1.0,0.65543,0.48426,629.2,826.6,1.0,0.65448,0.4891,628.3,834.9,1.0,0.67053,0.48512,643.7,828.1,1.0,0.64609,0.49351,620.2,842.4,0.999,0.65198,0.49264,625.9,840.9,0.999,0.6526,0.50206,626.5,857.0,1.0,0.73385,0.50972,704.5,870.1,1.0,0.58565,0.52746,562.2,900.4,0.715,0.69579,0.4722,668.0,806.1,0.321,0.57812,0.50107,555.0,855.3,0.793,0.67778,0.43532,650.7,743.1,0.881,0.56728,0.49478,544.6,844.6,0.865,0.67693,0.42133,649.9,719.2,0.906,0.57739,0.49106,554.3,838.2,0.867,0.67468,0.422,647.7,720.4,0.897,0.58293,0.49404,559.6,843.3,0.797,0.67463,0.42737,647.6,729.5,0.886,0.62219,0.60345,597.3,1030.1,1.0,0.67097,0.61629,644.1,1052.0,1.0,0.50191,0.63821,481.8,1089.4,0.897,0.59104,0.66661,567.4,1137.9,0.456,0.4326,0.70767,415.3,1208.0,0.968,0.5768,0.74308,553.7,1268.4,0.832,0.44012,0.72248,422.5,1233.3,0.959,0.57661,0.75542,553.5,1289.5,0.896,0.36809,0.72167,353.4,1231.9,0.938,0.55622,0.73847,534.0,1260.6,0.724
377,10.412,960,1707,0.64216,0.48972,616.5,836.0,0.999,0.64538,0.48674,619.6,830.9,0.999,0.64535,0.48701,619.5,831.3,0.999,0.64515,0.48724,619.3,831.7,1.0,0.65046,0.48567,624.4,829.0,1.0,0.65346,0.48534,627.3,828.5,1.0,0.65638,0.48488,630.1,827.7,1.0,0.65518,0.48916,629.0,835.0,1.0,0.67309,0.48525,646.2,828.3,1.0,0.64705,0.49364,621.2,842.6,0.999,0.65277,0.49292,626.7,841.4,0.999,0.6527,0.50149,626.6,856.0,1.0,0.73478,0.50968,705.4,870.0,1.0,0.58662,0.5274,563.2,900.3,0.723,0.69671,0.47196,668.8,805.6,0.318,0.57799,0.50005,554.9,853.6,0.799,0.67777,0.4353,650.7,743.1,0.873,0.56657,0.49379,543.9,842.9,0.867,0.67699,0.42132,649.9,719.2,0.899,0.57677,0.49012,553.7,836.6,0.869,0.67466,0.42195,647.7,720.3,0.89,0.58264,0.49288,559.3,841.4,0.8,0.67453,0.42736,647.6,729.5,0.878,0.6247,0.60348,599.7,1030.1,1.0,0.67237,0.61628,645.5,1052.0,1.0,0.50045,0.63,480.4,1075.4,0.902,0.59121,0.66683,567.6,1138.3,0.464,0.43867,0.70485,421.1,1203.2,0.968,0.57679,0.74301,553.7,1268.3,0.834,0.45001,0.7201,432.0,1229.2,0.96,0.57654,0.75552,553.5,1289.7,0.898,0.3748,0.71589,359.8,1222.0,0.939,0.55623,0.73802,534.0,1259.8,0.726
378,10.439,960,1707,0.64363,0.49048,617.9,837.2,1.0,0.64697,0.48693,621.1,831.2,1.0,0.64665,0.48712,620.8,831.5,1.0,0.64624,0.48729,620.4,831.8,1.0,0.65266,0.48618,626.6,829.9,1.0,0.65583,0.48594,629.6,829.5,1.0,0.65869,0.48557,632.3,828.9,1.0,0.65628,0.48929,630.0,835.2,1.0,0.67317,0.48615,646.2,829.9,1.0,0.64755,0.49444,621.6,844.0,0.999,0.6536,0.49409,627.5,843.4,0.999,0.65586,0.50233,629.6,857.5,1.0,0.7348,0.50968,705.4,870.0,1.0,0.58974,0.52651,566.2,898.8,0.719,0.69687,0.47046,669.0,803.1,0.33,0.57782,0.49936,554.7,852.4,0.804,0.67777,0.43418,650.7,741.1,0.877,0.56607,0.49276,543.4,841.1,0.87,0.67705,0.41988,650.0,716.7,0.902,0.57621,0.48928,553.2,835.2,0.872,0.67466,0.42038,647.7,717.6,0.893,0.58233,0.49212,559.0,840.0,0.803,0.67453,0.42583,647.5,726.9,0.881,0.63161,0.6021,606.3,1027.8,1.0,0.67765,0.6162,650.5,1051.9,1.0,0.49962,0.62494,479.6,1066.8,0.904,0.59281,0.66683,569.1,1138.3,0.47,0.44911,0.70148,431.1,1197.4,0.969,0.57729,0.74246,554.2,1267.4,0.833,0.46234,0.71811,443.9,1225.8,0.96,0.57778,0.75545,554.7,1289.5,0.899,0.38824,0.70786,372.7,1208.3,0.94,0.55491,0.73715,532.7,1258.3,0.729
379,10.467,960,1707,0.64383,0.49076,618.1,837.7,1.0,0.64706,0.48712,621.2,831.5,1.0,0.64672,0.48725,620.9,831.7,1.0,0.64629,0.48738,620.4,832.0,1.0,0.65271,0.48642,626.6,830.3,1.0,0.65586,0.48615,629.6,829.9,1.0,0.6587,0.48574,632.3,829.2,1.0,0.6566,0.48944,630.3,835.5,1.0,0.67314,0.48643,646.2,830.3,1.0,0.64768,0.49468,621.8,844.4,0.999,0.65402,0.4943,627.9,843.8,0.999,0.65891,0.50269,632.6,858.1,1.0,0.73484,0.50931,705.4,869.4,1.0,0.5911,0.52561,567.5,897.2,0.716,0.69696,0.46979,669.1,801.9,0.331,0.57769,0.49931,554.6,852.3,0.807,0.67769,0.43398,650.6,740.8,0.882,0.56574,0.49284,543.1,841.3,0.872,0.67699,0.41972,649.9,716.5,0.905,0.57587,0.48925,552.8,835.1,0.875,0.67445,0.4199,647.5,716.8,0.896,0.58196,0.49203,558.7,839.9,0.806,0.67427,0.42535,647.3,726.1,0.884,0.6334,0.60115,608.1,1026.2,1.0,0.67948,0.61596,652.3,1051.4,1.0,0.49988,0.61835,479.9,1055.5,0.896,0.59413,0.66735,570.4,1139.2,0.473,0.46304,0.69339,444.5,1183.6,0.967,0.57761,0.74244,554.5,1267.3,0.834,0.47647,0.71061,457.4,1213.0,0.959,0.57883,0.75549,555.7,1289.6,0.899,0.40392,0.70061,387.8,1195.9,0.938,0.55492,0.73724,532.7,1258.5,0.731
380,10.495,960,1707,0.6443,0.49316,618.5,841.8,1.0,0.64716,0.48873,621.3,834.3,1.0,0.64678,0.4886,620.9,834.0,1.0,0.64633,0.48848,620.5,833.8,1.0,0.65281,0.48829,626.7,833.5,1.0,0.65593,0.4879,629.7,832.8,1.0,0.65873,0.48738,632.4,832.0,1.0,0.65667,0.49044,630.4,837.2,1.0,0.67292,0.48796,646.0,833.0,1.0,0.64775,0.49667,621.8,847.8,0.999,0.65428,0.4965,628.1,847.5,0.999,0.66028,0.50317,633.9,858.9,1.0,0.73486,0.50866,705.5,868.3,1.0,0.59189,0.52531,568.2,896.7,0.715,0.69696,0.46871,669.1,800.1,0.339,0.57781,0.49933,554.7,852.4,0.81,0.67763,0.43308,650.5,739.3,0.884,0.56575,0.49316,543.1,841.8,0.873,0.67685,0.41924,649.8,715.6,0.906,0.576,0.48951,553.0,835.6,0.876,0.67407,0.41936,647.1,715.8,0.897,0.5821,0.49223,558.8,840.2,0.807,0.67382,0.42459,646.9,724.8,0.885,0.6373,0.60015,611.8,1024.5,1.0,0.68219,0.61523,654.9,1050.2,1.0,0.50071,0.61156,480.7,1043.9,0.892,0.59641,0.66759,572.6,1139.6,0.488,0.47306,0.68757,454.1,1173.7,0.965,0.57836,0.74241,555.2,1267.3,0.837,0.48792,0.70548,468.4,1204.3,0.957,0.5799,0.75553,556.7,1289.7,0.901,0.41296,0.69514,396.4,1186.6,0.936,0.55505,0.73724,532.8,1258.5,0.737
381,10.522,960,1707,0.649,0.49433,623.0,843.8,1.0,0.65074,0.48935,624.7,835.3,1.0,0.64968,0.4891,623.7,834.9,1.0,0.64861,0.48885,622.7,834.5,1.0,0.65681,0.48895,630.5,834.6,1.0,0.6596,0.4885,633.2,833.9,1.0,0.66199,0.48792,635.5,832.9,1.0,0.65705,0.49105,630.8,838.2,1.0,0.67305,0.48861,646.1,834.1,1.0,0.65009,0.4978,624.1,849.7,0.999,0.65673,0.49777,630.5,849.7,0.999,0.66029,0.50458,633.9,861.3,1.0,0.735,0.50867,705.6,868.3,1.0,0.59182,0.52527,568.1,896.6,0.714,0.69694,0.46825,669.1,799.3,0.361,0.57784,0.49942,554.7,852.5,0.811,0.67759,0.43229,650.5,737.9,0.889,0.56587,0.49328,543.2,842.0,0.874,0.67681,0.4189,649.7,715.1,0.909,0.57633,0.48981,553.3,836.1,0.876,0.67376,0.41908,646.8,715.4,0.9,0.58236,0.49253,559.1,840.7,0.807,0.67343,0.42405,646.5,723.9,0.888,0.64363,0.59961,617.9,1023.5,1.0,0.68628,0.61503,658.8,1049.8,1.0,0.50447,0.60356,484.3,1030.3,0.89,0.59901,0.66758,575.0,1139.6,0.505,0.48403,0.68044,464.7,1161.5,0.961,0.57846,0.74199,555.3,1266.6,0.839,0.49766,0.69569,477.8,1187.5,0.953,0.57984,0.75502,556.6,1288.8,0.901,0.4256,0.68492,408.6,1169.2,0.931,0.55402,0.73726,531.9,1258.5,0.741
382,10.55,960,1707,0.65447,0.49425,628.3,843.7,1.0,0.65584,0.489,629.6,834.7,1.0,0.65449,0.48873,628.3,834.3,1.0,0.65317,0.48844,627.0,833.8,1.0,0.66164,0.48878,635.2,834.3,1.0,0.66409,0.48839,637.5,833.7,1.0,0.66621,0.48786,639.6,832.8,1.0,0.65961,0.49078,633.2,837.8,1.0,0.67516,0.48857,648.2,834.0,1.0,0.65388,0.49788,627.7,849.9,0.999,0.66018,0.49787,633.8,849.9,1.0,0.66036,0.50507,633.9,862.2,1.0,0.73501,0.50808,705.6,867.3,1.0,0.59167,0.5247,568.0,895.7,0.716,0.69701,0.4677,669.1,798.4,0.393,0.57797,0.49921,554.8,852.2,0.815,0.6776,0.43211,650.5,737.6,0.895,0.56642,0.49309,543.8,841.7,0.874,0.67681,0.41864,649.7,714.6,0.913,0.57715,0.48979,554.1,836.1,0.876,0.67353,0.41907,646.6,715.4,0.905,0.58303,0.49251,559.7,840.7,0.807,0.6731,0.42396,646.2,723.7,0.892,0.65046,0.59882,624.4,1022.2,1.0,0.68991,0.61452,662.3,1049.0,1.0,0.5109,0.59462,490.5,1015.0,0.893,0.60337,0.66712,579.2,1138.8,0.528,0.49191,0.6724,472.2,1147.8,0.961,0.57873,0.7389,555.6,1261.3,0.846,0.5023,0.68792,482.2,1174.3,0.953,0.57981,0.75264,556.6,1284.8,0.904,0.42989,0.67601,412.7,1154.0,0.932,0.55437,0.73687,532.2,1257.8,0.753
383,10.577,960,1707,0.65755,0.49423,631.2,843.6,1.0,0.65883,0.48866,632.5,834.1,1.0,0.65748,0.48841,631.2,833.7,1.0,0.65613,0.48812,629.9,833.2,1.0,0.66505,0.48851,638.5,833.9,1.0,0.66767,0.48818,641.0,833.3,1.0,0.66991,0.48769,643.1,832.5,1.0,0.6621,0.49039,635.6,837.1,1.0,0.67793,0.48846,650.8,833.8,1.0,0.65682,0.4978,630.5,849.8,1.0,0.66332,0.49774,636.8,849.6,1.0,0.66054,0.50512,634.1,862.2,1.0,0.73515,0.50763,705.7,866.5,1.0,0.5929,0.52441,569.2,895.2,0.717,0.6969,0.46651,669.0,796.3,0.422,0.57796,0.49908,554.8,851.9,0.814,0.67738,0.43136,650.3,736.3,0.899,0.56598,0.49301,543.3,841.6,0.87,0.67655,0.41825,649.5,713.9,0.915,0.57687,0.48945,553.8,835.5,0.872,0.6732,0.41884,646.3,715.0,0.907,0.58274,0.49207,559.4,840.0,0.801,0.67273,0.42354,645.8,723.0,0.893,0.65779,0.59653,631.5,1018.3,1.0,0.69254,0.61335,664.8,1047.0,1.0,0.51887,0.58565,498.1,999.7,0.894,0.60737,0.66573,583.1,1136.4,0.548,0.49823,0.66326,478.3,1132.2,0.957,0.57876,0.73687,555.6,1257.8,0.852,0.50943,0.67844,489.1,1158.1,0.95,0.58023,0.75089,557.0,1281.8,0.905,0.43768,0.66604,420.2,1136.9,0.929,0.55289,0.73474,530.8,1254.2,0.763
384,10.605,960,1707,0.66149,0.49357,635.0,842.5,1.0,0.66318,0.48822,636.6,833.4,1.0,0.66216,0.48805,635.7,833.1,1.0,0.66116,0.48781,634.7,832.7,1.0,0.66898,0.48814,642.2,833.2,1.0,0.6716,0.48793,644.7,832.9,1.0,0.67392,0.4875,647.0,832.2,1.0,0.66762,0.49024,640.9,836.8,1.0,0.6842,0.48844,656.8,833.8,1.0,0.66123,0.49764,634.8,849.5,1.0,0.6674,0.49755,640.7,849.3,1.0,0.66511,0.50506,638.5,862.1,1.0,0.73835,0.50764,708.8,866.5,1.0,0.59709,0.52167,573.2,890.5,0.724,0.69673,0.46602,668.9,795.5,0.437,0.57821,0.49895,555.1,851.7,0.811,0.67732,0.43115,650.2,736.0,0.892,0.56611,0.49304,543.5,841.6,0.864,0.67646,0.41797,649.4,713.5,0.907,0.57701,0.48946,553.9,835.5,0.866,0.67318,0.4187,646.3,714.7,0.899,0.58274,0.492,559.4,839.8,0.793,0.67272,0.42334,645.8,722.6,0.883,0.65698,0.59549,630.7,1016.5,1.0,0.69305,0.61257,665.3,1045.7,1.0,0.52516,0.57746,504.2,985.7,0.896,0.60953,0.66482,585.1,1134.8,0.579,0.50512,0.65386,484.9,1116.1,0.954,0.57877,0.73413,555.6,1253.2,0.862,0.51636,0.66862,495.7,1141.3,0.947,0.5802,0.74736,557.0,1275.7,0.908,0.44968,0.6532,431.7,1115.0,0.926,0.55319,0.73336,531.1,1251.8,0.778
385,10.633,960,1707,0.66839,0.49299,641.7,841.5,1.0,0.67058,0.48734,643.8,831.9,1.0,0.66994,0.4871,643.1,831.5,1.0,0.6694,0.48676,642.6,830.9,1.0,0.6749,0.48772,647.9,832.5,1.0,0.67719,0.48772,650.1,832.5,1.0,0.67933,0.48742,652.2,832.0,1.0,0.67629,0.48944,649.2,835.5,1.0,0.6907,0.48846,663.1,833.8,1.0,0.66789,0.49723,641.2,848.8,1.0,0.67337,0.49752,646.4,849.3,1.0,0.67372,0.50351,646.8,859.5,1.0,0.74134,0.51041,711.7,871.3,1.0,0.59837,0.52031,574.4,888.2,0.73,0.69637,0.46589,668.5,795.3,0.444,0.57871,0.49996,555.6,853.4,0.806,0.67732,0.43091,650.2,735.6,0.884,0.56678,0.49488,544.1,844.8,0.858,0.67648,0.41764,649.4,712.9,0.899,0.57746,0.49125,554.4,838.6,0.859,0.67366,0.41861,646.7,714.6,0.89,0.58287,0.49331,559.6,842.1,0.784,0.67313,0.42321,646.2,722.4,0.873,0.65921,0.59415,632.8,1014.2,1.0,0.69268,0.61224,665.0,1045.1,1.0,0.53286,0.57059,511.5,974.0,0.901,0.6119,0.66362,587.4,1132.8,0.607,0.51243,0.64668,491.9,1103.9,0.954,0.57864,0.73374,555.5,1252.5,0.872,0.52299,0.66311,502.1,1131.9,0.947,0.58036,0.74663,557.1,1274.5,0.913,0.45465,0.64473,436.5,1100.6,0.928,0.55246,0.73395,530.4,1252.9,0.794
386,10.66,960,1707,0.6707,0.493,643.9,841.5,1.0,0.67203,0.48735,645.1,831.9,1.0,0.67156,0.48712,644.7,831.5,1.0,0.67119,0.4868,644.3,831.0,1.0,0.67555,0.48784,648.5,832.7,1.0,0.67752,0.48792,650.4,832.9,1.0,0.67945,0.48775,652.3,832.6,1.0,0.67831,0.48937,651.2,835.4,1.0,0.6906,0.48874,663.0,834.3,1.0,0.67071,0.49723,643.9,848.8,1.0,0.67552,0.49768,648.5,849.5,1.0,0.67578,0.50345,648.7,859.4,1.0,0.7413,0.51069,711.7,871.8,1.0,0.5993,0.51826,575.3,884.7,0.742,0.69431,0.46553,666.5,794.7,0.465,0.57887,0.50014,555.7,853.7,0.812,0.67666,0.43091,649.6,735.6,0.884,0.56679,0.4952,544.1,845.3,0.86,0.67619,0.41768,649.1,713.0,0.899,0.57792,0.49125,554.8,838.6,0.861,0.67352,0.41889,646.6,715.0,0.89,0.58322,0.49331,559.9,842.1,0.787,0.67304,0.42347,646.1,722.9,0.872,0.66325,0.59267,636.7,1011.7,1.0,0.69282,0.61128,665.1,1043.5,1.0,0.5441,0.56157,522.3,958.6,0.904,0.61346,0.66303,588.9,1131.8,0.636,0.51869,0.63796,497.9,1089.0,0.953,0.57864,0.73403,555.5,1253.0,0.881,0.52971,0.65535,508.5,1118.7,0.946,0.58082,0.74715,557.6,1275.4,0.918,0.46289,0.63235,444.4,1079.4,0.929,0.55251,0.73595,530.4,1256.3,0.809
387,10.688,960,1707,0.6729,0.49377,646.0,842.9,1.0,0.67369,0.48782,646.7,832.7,1.0,0.67336,0.48746,646.4,832.1,1.0,0.67312,0.48701,646.2,831.3,1.0,0.67745,0.48854,650.4,833.9,1.0,0.67968,0.48862,652.5,834.1,1.0,0.68198,0.48847,654.7,833.8,1.0,0.68115,0.48938,653.9,835.4,1.0,0.69415,0.48921,666.4,835.1,1.0,0.67457,0.4977,647.6,849.6,1.0,0.67982,0.49834,652.6,850.7,1.0,0.68027,0.50344,653.1,859.4,1.0,0.74643,0.50626,716.6,864.2,1.0,0.60141,0.51798,577.4,884.2,0.755,0.69437,0.46479,666.6,793.4,0.47,0.57884,0.49964,555.7,852.9,0.818,0.67645,0.43078,649.4,735.3,0.877,0.56591,0.49502,543.3,845.0,0.862,0.67591,0.4177,648.9,713.0,0.892,0.57722,0.49074,554.1,837.7,0.863,0.6735,0.419,646.6,715.2,0.883,0.58275,0.49276,559.4,841.1,0.791,0.67305,0.42348,646.1,722.9,0.865,0.66876,0.59189,642.0,1010.3,1.0,0.69582,0.60962,668.0,1040.6,1.0,0.55476,0.55424,532.6,946.1,0.905,0.61601,0.66259,591.4,1131.0,0.662,0.52399,0.63107,503.0,1077.2,0.951,0.57889,0.7342,555.7,1253.3,0.889,0.53364,0.64813,512.3,1106.4,0.943,0.5812,0.74744,558.0,1275.9,0.92,0.4701,0.62479,451.3,1066.5,0.927,0.55332,0.73555,531.2,1255.6,0.821
388,10.716,960,1707,0.67726,0.49374,650.2,842.8,1.0,0.67759,0.48792,650.5,832.9,1.0,0.67747,0.48755,650.4,832.2,1.0,0.6775,0.4871,650.4,831.5,1.0,0.6811,0.48867,653.9,834.2,1.0,0.68356,0.48878,656.2,834.3,1.0,0.686,0.48868,658.6,834.2,1.0,0.68579,0.48938,658.4,835.4,1.0,0.69829,0.48943,670.4,835.5,1.0,0.67903,0.49767,651.9,849.5,1.0,0.68377,0.4983,656.4,850.6,1.0,0.68922,0.50345,661.6,859.4,1.0,0.74724,0.50629,717.4,864.2,1.0,0.60607,0.51622,581.8,881.2,0.767,0.69305,0.46494,665.3,793.6,0.468,0.57975,0.49964,556.6,852.9,0.823,0.67599,0.43099,649.0,735.7,0.865,0.56553,0.49546,542.9,845.8,0.864,0.67509,0.41773,648.1,713.1,0.882,0.57716,0.49074,554.1,837.7,0.864,0.6735,0.41924,646.6,715.6,0.873,0.58283,0.49269,559.5,841.0,0.792,0.67324,0.42354,646.3,723.0,0.854,0.67449,0.59147,647.5,1009.6,1.0,0.69632,0.60867,668.5,1039.0,1.0,0.56169,0.54981,539.2,938.5,0.904,0.61661,0.662,591.9,1130.0,0.678,0.52956,0.62476,508.4,1066.5,0.95,0.58013,0.73407,556.9,1253.1,0.894,0.53671,0.6416,515.2,1095.2,0.941,0.58175,0.74744,558.5,1275.9,0.922,0.47433,0.61813,455.4,1055.1,0.927,0.55682,0.73558,534.5,1255.6,0.83
389,10.743,960,1707,0.68162,0.49434,654.4,843.8,1.0,0.68034,0.48828,653.1,833.5,1.0,0.67974,0.48785,652.6,832.8,1.0,0.67928,0.48737,652.1,831.9,1.0,0.685,0.4891,657.6,834.9,1.0,0.68776,0.48919,660.3,835.0,1.0,0.69046,0.48906,662.8,834.8,1.0,0.68636,0.48953,658.9,835.6,1.0,0.70292,0.48968,674.8,835.9,1.0,0.68265,0.49807,655.3,850.2,1.0,0.68867,0.49885,661.1,851.5,1.0,0.68974,0.50312,662.2,858.8,1.0,0.75393,0.50413,723.8,860.5,1.0,0.60946,0.51501,585.1,879.1,0.773,0.69332,0.46236,665.6,789.2,0.465,0.58168,0.49964,558.4,852.9,0.827,0.67578,0.43043,648.7,734.8,0.856,0.5657,0.49562,543.1,846.0,0.864,0.67454,0.4174,647.6,712.5,0.874,0.57786,0.49078,554.7,837.8,0.865,0.67348,0.41911,646.5,715.4,0.865,0.5841,0.49273,560.7,841.1,0.793,0.67324,0.42331,646.3,722.6,0.845,0.67565,0.59044,648.6,1007.9,1.0,0.69893,0.60881,671.0,1039.2,1.0,0.56896,0.54532,546.2,930.9,0.899,0.61653,0.66145,591.9,1129.1,0.698,0.53047,0.6188,509.2,1056.3,0.947,0.58029,0.73368,557.1,1252.4,0.9,0.53436,0.63596,513.0,1085.6,0.938,0.58174,0.74714,558.5,1275.4,0.923,0.47343,0.60907,454.5,1039.7,0.926,0.56017,0.73554,537.8,1255.6,0.839
390,10.771,960,1707,0.69025,0.49452,662.6,844.2,1.0,0.68852,0.48828,661.0,833.5,1.0,0.68832,0.48785,660.8,832.8,1.0,0.68823,0.48737,660.7,831.9,1.0,0.69295,0.48909,665.2,834.9,1.0,0.69552,0.48917,667.7,835.0,1.0,0.69818,0.48903,670.2,834.8,1.0,0.69549,0.48921,667.7,835.1,1.0,0.7102,0.48969,681.8,835.9,1.0,0.69228,0.49826,664.6,850.5,1.0,0.69672,0.49917,668.8,852.1,1.0,0.70139,0.50229,673.3,857.4,1.0,0.75755,0.50443,727.3,861.1,1.0,0.61784,0.51383,593.1,877.1,0.774,0.69324,0.46275,665.5,789.9,0.447,0.58381,0.4995,560.5,852.7,0.822,0.67588,0.43045,648.8,734.8,0.83,0.5658,0.49562,543.2,846.0,0.858,0.67396,0.41737,647.0,712.5,0.852,0.57854,0.49069,555.4,837.6,0.858,0.67348,0.41912,646.5,715.4,0.843,0.58548,0.49259,562.1,840.8,0.785,0.67386,0.42327,646.9,722.5,0.823,0.67909,0.59024,651.9,1007.5,1.0,0.70089,0.60897,672.9,1039.5,1.0,0.57332,0.54349,550.4,927.7,0.888,0.61622,0.66139,591.6,1129.0,0.708,0.52883,0.61621,507.7,1051.9,0.942,0.58095,0.73356,557.7,1252.2,0.903,0.53243,0.63455,511.1,1083.2,0.931,0.58172,0.74697,558.4,1275.1,0.922,0.47349,0.60542,454.6,1033.5,0.92,0.54775,0.73541,525.8,1255.4,0.844
391,10.798,960,1707,0.68542,0.49772,658.0,849.6,1.0,0.68487,0.49062,657.5,837.5,1.0,0.68468,0.49003,657.3,836.5,1.0,0.68468,0.48943,657.3,835.5,1.0,0.68919,0.49138,661.6,838.8,1.0,0.69165,0.49117,664.0,838.4,1.0,0.69424,0.49085,666.5,837.9,1.0,0.69179,0.49033,664.1,837.0,1.0,0.70716,0.49048,678.9,837.2,1.0,0.68689,0.50081,659.4,854.9,1.0,0.69183,0.50196,664.2,856.8,1.0,0.69754,0.50212,669.6,857.1,1.0,0.75537,0.50459,725.2,861.3,1.0,0.61851,0.51423,593.8,877.8,0.782,0.69406,0.46187,666.3,788.4,0.435,0.58368,0.49888,560.3,851.6,0.826,0.67588,0.43037,648.8,734.6,0.816,0.56578,0.49519,543.1,845.3,0.859,0.67391,0.41742,647.0,712.5,0.84,0.57859,0.49006,555.4,836.5,0.859,0.67281,0.4192,645.9,715.6,0.83,0.58544,0.49212,562.0,840.0,0.786,0.67353,0.42328,646.6,722.5,0.81,0.68306,0.58948,655.7,1006.2,1.0,0.70634,0.6087,678.1,1039.1,1.0,0.57923,0.54136,556.1,924.1,0.883,0.61683,0.65977,592.2,1126.2,0.725,0.53213,0.61262,510.8,1045.7,0.939,0.58221,0.73267,558.9,1250.7,0.908,0.53496,0.62894,513.6,1073.6,0.928,0.58203,0.74576,558.7,1273.0,0.923,0.47617,0.60061,457.1,1025.2,0.918,0.55688,0.7355,534.6,1255.5,0.852
392,10.826,960,1707,0.68322,0.49785,655.9,849.8,1.0,0.68255,0.49081,655.2,837.8,1.0,0.68226,0.49021,655.0,836.8,1.0,0.68206,0.4896,654.8,835.8,1.0,0.68688,0.49153,659.4,839.0,1.0,0.68942,0.49132,661.8,838.7,1.0,0.69199,0.49098,664.3,838.1,1.0,0.68991,0.49039,662.3,837.1,1.0,0.70461,0.49049,676.4,837.3,1.0,0.68542,0.50095,658.0,855.1,1.0,0.69038,0.50202,662.8,857.0,1.0,0.70283,0.50187,674.7,856.7,1.0,0.75579,0.50671,725.6,864.9,1.0,0.62389,0.51351,598.9,876.6,0.789,0.6971,0.46214,669.2,788.9,0.431,0.58471,0.49782,561.3,849.8,0.827,0.67592,0.43038,648.9,734.7,0.812,0.56613,0.49502,543.5,845.0,0.858,0.67385,0.41748,646.9,712.6,0.836,0.57861,0.48964,555.5,835.8,0.858,0.67279,0.41921,645.9,715.6,0.827,0.58547,0.49141,562.0,838.8,0.784,0.67355,0.42329,646.6,722.6,0.806,0.68513,0.58908,657.7,1005.6,1.0,0.70913,0.60828,680.8,1038.3,1.0,0.58368,0.5402,560.3,922.1,0.877,0.61806,0.65928,593.3,1125.4,0.742,0.53381,0.61062,512.5,1042.3,0.935,0.58275,0.73257,559.4,1250.5,0.912,0.5364,0.62747,514.9,1071.1,0.924,0.5824,0.74474,559.1,1271.3,0.925,0.47767,0.59987,458.6,1024.0,0.914,0.55883,0.73708,536.5,1258.2,0.858
393,10.854,960,1707,0.68205,0.4985,654.8,850.9,1.0,0.68138,0.49121,654.1,838.5,1.0,0.68113,0.49055,653.9,837.4,1.0,0.6809,0.4899,653.7,836.3,1.0,0.68557,0.49196,658.1,839.8,1.0,0.68812,0.49175,660.6,839.4,1.0,0.69067,0.49135,663.0,838.7,1.0,0.68969,0.49045,662.1,837.2,1.0,0.70306,0.4906,674.9,837.5,1.0,0.6852,0.50176,657.8,856.5,1.0,0.68983,0.50279,662.2,858.3,1.0,0.70537,0.50186,677.2,856.7,1.0,0.75511,0.50733,724.9,866.0,1.0,0.62522,0.51377,600.2,877.0,0.787,0.70006,0.46213,672.1,788.9,0.422,0.58457,0.49727,561.2,848.8,0.814,0.67596,0.43038,648.9,734.7,0.799,0.56623,0.49457,543.6,844.2,0.844,0.67336,0.41771,646.4,713.0,0.825,0.57862,0.48906,555.5,834.8,0.843,0.6726,0.41932,645.7,715.8,0.814,0.58545,0.49072,562.0,837.7,0.767,0.6735,0.42338,646.6,722.7,0.794,0.68786,0.58883,660.3,1005.1,1.0,0.7113,0.60804,682.8,1037.9,1.0,0.58472,0.5404,561.3,922.5,0.869,0.61899,0.65878,594.2,1124.5,0.756,0.53686,0.6087,515.4,1039.1,0.928,0.58451,0.73268,561.1,1250.7,0.916,0.53865,0.62585,517.1,1068.3,0.918,0.58456,0.74497,561.2,1271.7,0.925,0.4796,0.59935,460.4,1023.1,0.906,0.56012,0.73903,537.7,1261.5,0.862
394,10.881,960,1707,0.68207,0.49951,654.8,852.7,1.0,0.68132,0.4925,654.1,840.7,1.0,0.68095,0.49182,653.7,839.5,1.0,0.68055,0.49116,653.3,838.4,1.0,0.68562,0.49309,658.2,841.7,1.0,0.68825,0.49273,660.7,841.1,1.0,0.69081,0.49219,663.2,840.2,1.0,0.68986,0.4912,662.3,838.5,1.0,0.70309,0.49092,675.0,838.0,1.0,0.68528,0.50253,657.9,857.8,1.0,0.68991,0.50352,662.3,859.5,1.0,0.71117,0.50187,682.7,856.7,1.0,0.7574,0.50871,727.1,868.4,1.0,0.62541,0.51361,600.4,876.7,0.788,0.70165,0.46219,673.6,789.0,0.401,0.58454,0.49709,561.2,848.5,0.808,0.67609,0.43047,649.0,734.8,0.774,0.56619,0.49427,543.5,843.7,0.837,0.67337,0.41785,646.4,713.3,0.803,0.5785,0.48836,555.4,833.6,0.835,0.6726,0.41934,645.7,715.8,0.792,0.58532,0.49018,561.9,836.7,0.757,0.6735,0.42341,646.6,722.8,0.773,0.68795,0.58815,660.4,1004.0,1.0,0.71081,0.608,682.4,1037.9,1.0,0.58647,0.5398,563.0,921.4,0.854,0.62043,0.65865,595.6,1124.3,0.764,0.53798,0.60735,516.5,1036.8,0.915,0.58565,0.73233,562.2,1250.1,0.916,0.53968,0.62399,518.1,1065.1,0.907,0.58509,0.74471,561.7,1271.2,0.922,0.47878,0.5979,459.6,1020.6,0.894,0.561,0.73901,538.6,1261.5,0.863
395,10.909,960,1707,0.68137,0.50041,654.1,854.2,1.0,0.6807,0.49394,653.5,843.2,1.0,0.68032,0.4934,653.1,842.2,1.0,0.6799,0.49289,652.7,841.4,1.0,0.68501,0.4943,657.6,843.8,1.0,0.68764,0.49391,660.1,843.1,1.0,0.69022,0.49336,662.6,842.2,1.0,0.68929,0.49255,661.7,840.8,1.0,0.70242,0.49177,674.3,839.4,1.0,0.68453,0.50344,657.1,859.4,1.0,0.68916,0.50431,661.6,860.9,1.0,0.70847,0.50188,680.1,856.7,1.0,0.7568,0.50872,726.5,868.4,1.0,0.62557,0.51383,600.6,877.1,0.791,0.70296,0.4624,674.8,789.3,0.384,0.58445,0.49712,561.1,848.6,0.804,0.67663,0.43055,649.6,734.9,0.754,0.56619,0.49424,543.5,843.7,0.832,0.67342,0.41809,646.5,713.7,0.785,0.57858,0.48831,555.4,833.5,0.829,0.6726,0.41934,645.7,715.8,0.773,0.58538,0.49009,562.0,836.6,0.749,0.67352,0.42342,646.6,722.8,0.754,0.69119,0.58869,663.5,1004.9,1.0,0.7145,0.60803,685.9,1037.9,1.0,0.58879,0.54012,565.2,922.0,0.841,0.62136,0.65854,596.5,1124.1,0.774,0.53825,0.60796,516.7,1037.8,0.902,0.58623,0.73237,562.8,1250.2,0.918,0.53935,0.62419,517.8,1065.5,0.896,0.58555,0.74481,562.1,1271.4,0.921,0.48009,0.5982,460.9,1021.1,0.88,0.5626,0.74034,540.1,1263.8,0.865
396,10.937,960,1707,0.68091,0.50019,653.7,853.8,1.0,0.68031,0.49404,653.1,843.3,1.0,0.67994,0.49359,652.7,842.6,1.0,0.67949,0.49315,652.3,841.8,1.0,0.68462,0.49428,657.2,843.7,1.0,0.68726,0.49391,659.8,843.1,1.0,0.68981,0.49336,662.2,842.2,1.0,0.68895,0.49295,661.4,841.5,1.0,0.70201,0.49187,673.9,839.6,1.0,0.68405,0.50331,656.7,859.1,1.0,0.68868,0.5041,661.1,860.5,1.0,0.70728,0.50172,679.0,856.4,1.0,0.7563,0.50823,726.1,867.6,1.0,0.62484,0.51396,599.8,877.3,0.793,0.70304,0.46242,674.9,789.4,0.37,0.58437,0.49707,561.0,848.5,0.8,0.6769,0.43093,649.8,735.6,0.736,0.5662,0.49415,543.6,843.5,0.826,0.67353,0.41844,646.6,714.3,0.768,0.57857,0.48782,555.4,832.7,0.823,0.67261,0.41937,645.7,715.9,0.755,0.58537,0.48963,562.0,835.8,0.74,0.67352,0.42348,646.6,722.9,0.738,0.69091,0.58873,663.3,1005.0,1.0,0.7143,0.60813,685.7,1038.1,1.0,0.59129,0.54008,567.6,921.9,0.835,0.62194,0.65814,597.1,1123.4,0.786,0.53715,0.60814,515.7,1038.1,0.898,0.58664,0.73226,563.2,1250.0,0.922,0.53775,0.62407,516.2,1065.3,0.894,0.58617,0.74435,562.7,1270.6,0.923,0.48268,0.59581,463.4,1017.0,0.875,0.56411,0.74358,541.5,1269.3,0.87
397,10.964,960,1707,0.68059,0.50094,653.4,855.1,1.0,0.68003,0.4953,652.8,845.5,1.0,0.67966,0.49491,652.5,844.8,1.0,0.67921,0.49453,652.0,844.2,1.0,0.68446,0.49538,657.1,845.6,1.0,0.68712,0.49495,659.6,844.9,1.0,0.68974,0.49435,662.1,843.9,1.0,0.68877,0.49425,661.2,843.7,1.0,0.70189,0.49286,673.8,841.3,1.0,0.68382,0.50399,656.5,860.3,1.0,0.68834,0.50458,660.8,861.3,1.0,0.70883,0.50192,680.5,856.8,1.0,0.75611,0.50762,725.9,866.5,1.0,0.6257,0.51407,600.7,877.5,0.792,0.70309,0.46246,675.0,789.4,0.354,0.5846,0.49704,561.2,848.4,0.792,0.67727,0.43094,650.2,735.6,0.716,0.56657,0.49417,543.9,843.5,0.817,0.67376,0.41837,646.8,714.2,0.75,0.57864,0.48763,555.5,832.4,0.813,0.67268,0.41921,645.8,715.6,0.736,0.58548,0.48938,562.1,835.4,0.728,0.67356,0.42337,646.6,722.7,0.719,0.69238,0.58889,664.7,1005.2,1.0,0.71434,0.60816,685.8,1038.1,1.0,0.59287,0.54016,569.2,922.1,0.823,0.62241,0.65776,597.5,1122.8,0.793,0.53614,0.60675,514.7,1035.7,0.889,0.58696,0.73177,563.5,1249.1,0.924,0.53762,0.62227,516.1,1062.2,0.887,0.58653,0.74354,563.1,1269.2,0.922,0.48112,0.59234,461.9,1011.1,0.866,0.56445,0.74367,541.9,1269.4,0.871
398,10.992,960,1707,0.68054,0.50124,653.3,855.6,1.0,0.67999,0.49561,652.8,846.0,1.0,0.67971,0.49522,652.5,845.3,1.0,0.67929,0.49482,652.1,844.7,1.0,0.68429,0.49575,656.9,846.3,1.0,0.68697,0.49537,659.5,845.6,1.0,0.68957,0.4948,662.0,844.6,1.0,0.68935,0.49453,661.8,844.2,1.0,0.70176,0.49338,673.7,842.2,1.0,0.68392,0.50445,656.6,861.1,1.0,0.68835,0.50505,660.8,862.1,1.0,0.71152,0.50191,683.1,856.8,1.0,0.7561,0.50806,725.9,867.3,1.0,0.6273,0.51424,602.2,877.8,0.792,0.70339,0.46275,675.3,789.9,0.335,0.58488,0.49704,561.5,848.5,0.784,0.67763,0.43095,650.5,735.6,0.69,0.56676,0.49417,544.1,843.5,0.809,0.67398,0.41837,647.0,714.2,0.727,0.5787,0.4875,555.5,832.2,0.804,0.67283,0.41919,645.9,715.6,0.713,0.58566,0.48924,562.2,835.1,0.716,0.67372,0.42338,646.8,722.7,0.698,0.69344,0.58924,665.7,1005.8,1.0,0.71368,0.6082,685.1,1038.2,1.0,0.59313,0.54036,569.4,922.4,0.816,0.62256,0.65783,597.7,1122.9,0.8,0.53542,0.60692,514.0,1036.0,0.886,0.58698,0.73172,563.5,1249.1,0.926,0.53748,0.62289,516.0,1063.3,0.884,0.58752,0.74351,564.0,1269.2,0.922,0.47968,0.59385,460.5,1013.7,0.863,0.56441,0.74562,541.8,1272.8,0.875
399,11.019,960,1707,0.68102,0.50106,653.8,855.3,1.0,0.68046,0.49539,653.2,845.6,1.0,0.68028,0.49501,653.1,845.0,1.0,0.6799,0.49462,652.7,844.3,1.0,0.68454,0.49556,657.2,845.9,1.0,0.6872,0.49519,659.7,845.3,1.0,0.68975,0.49464,662.2,844.3,1.0,0.69026,0.49445,662.7,844.0,1.0,0.70208,0.4933,674.0,842.1,1.0,0.68475,0.50436,657.4,860.9,1.0,0.68867,0.50497,661.1,862.0,1.0,0.71186,0.50245,683.4,857.7,1.0,0.75625,0.5081,726.0,867.3,1.0,0.62801,0.51447,602.9,878.2,0.792,0.7045,0.46332,676.3,790.9,0.325,0.58509,0.49706,561.7,848.5,0.78,0.67821,0.43096,651.1,735.6,0.686,0.56731,0.49408,544.6,843.4,0.804,0.67454,0.41825,647.6,714.0,0.724,0.57935,0.48735,556.2,831.9,0.798,0.67344,0.41903,646.5,715.3,0.71,0.5862,0.48911,562.8,834.9,0.708,0.67427,0.4233,647.3,722.6,0.694,0.6929,0.58945,665.2,1006.2,1.0,0.71374,0.60844,685.2,1038.6,1.0,0.59245,0.54106,568.8,923.6,0.811,0.62301,0.65791,598.1,1123.1,0.808,0.53528,0.60725,513.9,1036.6,0.884,0.58696,0.73173,563.5,1249.1,0.929,0.53726,0.62356,515.8,1064.4,0.882,0.58764,0.74356,564.1,1269.3,0.923,0.47939,0.59277,460.2,1011.9,0.86,0.56467,0.7464,542.1,1274.1,0.878
400,11.047,960,1707,0.68306,0.50029,655.7,854.0,1.0,0.68286,0.49475,655.5,844.5,1.0,0.68277,0.49443,655.5,844.0,1.0,0.6825,0.49404,655.2,843.3,1.0,0.68651,0.49492,659.0,844.8,1.0,0.689,0.49458,661.4,844.2,1.0,0.69141,0.49404,663.8,843.3,1.0,0.69198,0.49435,664.3,843.9,1.0,0.70369,0.49293,675.5,841.4,1.0,0.68663,0.50375,659.2,859.9,1.0,0.69006,0.50439,662.5,861.0,1.0,0.71163,0.50299,683.2,858.6,1.0,0.75659,0.50776,726.3,866.8,1.0,0.62863,0.51452,603.5,878.3,0.794,0.70434,0.46312,676.2,790.5,0.32,0.58538,0.49707,562.0,848.5,0.783,0.67835,0.43091,651.2,735.6,0.695,0.56799,0.49407,545.3,843.4,0.807,0.6748,0.41798,647.8,713.5,0.733,0.57969,0.48729,556.5,831.8,0.801,0.67431,0.41871,647.3,714.7,0.719,0.58646,0.48903,563.0,834.8,0.711,0.6752,0.42297,648.2,722.0,0.703,0.69297,0.58981,665.2,1006.8,1.0,0.71484,0.60856,686.2,1038.8,1.0,0.59149,0.54119,567.8,923.8,0.803,0.62308,0.65778,598.2,1122.8,0.814,0.53494,0.60673,513.5,1035.7,0.882,0.58723,0.73088,563.7,1247.6,0.931,0.53698,0.62276,515.5,1063.0,0.88,0.58789,0.74242,564.4,1267.3,0.923,0.47884,0.59273,459.7,1011.8,0.858,0.56546,0.74678,542.8,1274.7,0.88
401,11.075,960,1707,0.68356,0.50019,656.2,853.8,1.0,0.68359,0.49466,656.3,844.4,1.0,0.68361,0.49434,656.3,843.8,1.0,0.68343,0.49397,656.1,843.2,1.0,0.68708,0.49484,659.6,844.7,1.0,0.68963,0.49451,662.0,844.1,1.0,0.69214,0.494,664.5,843.3,1.0,0.69268,0.49425,665.0,843.7,1.0,0.70439,0.49289,676.2,841.4,1.0,0.68716,0.50367,659.7,859.8,1.0,0.69058,0.50425,663.0,860.7,1.0,0.7116,0.50337,683.1,859.2,1.0,0.75653,0.50773,726.3,866.7,1.0,0.62815,0.5153,603.0,879.6,0.797,0.70421,0.46304,676.0,790.4,0.315,0.58658,0.49708,563.1,848.5,0.788,0.67882,0.43093,651.7,735.6,0.703,0.56867,0.49407,545.9,843.4,0.812,0.67522,0.41798,648.2,713.5,0.741,0.58128,0.48717,558.0,831.6,0.805,0.67488,0.41866,647.9,714.6,0.727,0.58812,0.48891,564.6,834.6,0.715,0.67611,0.42285,649.1,721.8,0.711,0.69291,0.59105,665.2,1008.9,1.0,0.71441,0.60904,685.8,1039.6,1.0,0.59138,0.54161,567.7,924.5,0.798,0.62293,0.65742,598.0,1122.2,0.821,0.53464,0.60711,513.3,1036.3,0.883,0.5878,0.73016,564.3,1246.4,0.934,0.53579,0.62354,514.4,1064.4,0.88,0.58844,0.74165,564.9,1266.0,0.925,0.47849,0.59323,459.4,1012.6,0.858,0.56624,0.74631,543.6,1273.9,0.884
402,11.102,960,1707,0.68414,0.50013,656.8,853.7,1.0,0.68433,0.49461,657.0,844.3,1.0,0.68445,0.49427,657.1,843.7,1.0,0.6844,0.49387,657.0,843.0,1.0,0.68752,0.49482,660.0,844.7,1.0,0.68999,0.49449,662.4,844.1,1.0,0.69247,0.49396,664.8,843.2,1.0,0.69367,0.49424,665.9,843.7,1.0,0.70466,0.49297,676.5,841.5,1.0,0.68763,0.5036,660.1,859.6,1.0,0.69076,0.50418,663.1,860.6,1.0,0.71253,0.50375,684.0,859.9,1.0,0.75648,0.50775,726.2,866.7,1.0,0.62797,0.5153,602.9,879.6,0.799,0.70457,0.4632,676.4,790.7,0.31,0.58652,0.49708,563.1,848.5,0.792,0.67945,0.43099,652.3,735.7,0.712,0.56867,0.49413,545.9,843.5,0.815,0.67579,0.41798,648.8,713.5,0.75,0.58135,0.48717,558.1,831.6,0.809,0.67573,0.41865,648.7,714.6,0.736,0.58819,0.48891,564.7,834.6,0.718,0.6771,0.42283,650.0,721.8,0.72,0.69315,0.59161,665.4,1009.9,1.0,0.71411,0.60953,685.5,1040.5,1.0,0.59155,0.54178,567.9,924.8,0.785,0.62293,0.65739,598.0,1122.2,0.825,0.53445,0.60733,513.1,1036.7,0.879,0.58794,0.73016,564.4,1246.4,0.935,0.53379,0.62393,512.4,1065.1,0.877,0.58849,0.7417,565.0,1266.1,0.925,0.4786,0.5929,459.5,1012.1,0.853,0.56659,0.74601,543.9,1273.4,0.884
403,11.13,960,1707,0.68422,0.49967,656.8,852.9,1.0,0.68479,0.49428,657.4,843.7,1.0,0.6849,0.49398,657.5,843.2,1.0,0.68484,0.49357,657.4,842.5,1.0,0.68779,0.49448,660.3,844.1,1.0,0.69012,0.49423,662.5,843.6,1.0,0.69246,0.49368,664.8,842.7,1.0,0.69402,0.49423,666.3,843.6,1.0,0.7045,0.49296,676.3,841.5,1.0,0.68762,0.50339,660.1,859.3,1.0,0.69066,0.50397,663.0,860.3,1.0,0.71246,0.50406,684.0,860.4,1.0,0.75498,0.50766,724.8,866.6,1.0,0.62769,0.51542,602.6,879.8,0.806,0.70448,0.46329,676.3,790.8,0.324,0.58716,0.49745,563.7,849.2,0.795,0.67944,0.43096,652.3,735.6,0.724,0.56959,0.49448,546.8,844.1,0.817,0.67575,0.41794,648.7,713.4,0.76,0.58167,0.48742,558.4,832.0,0.81,0.67572,0.41863,648.7,714.6,0.746,0.58842,0.48931,564.9,835.3,0.72,0.6771,0.42283,650.0,721.8,0.73,0.69324,0.59242,665.5,1011.3,1.0,0.71387,0.60972,685.3,1040.8,1.0,0.59153,0.54169,567.9,924.7,0.79,0.62285,0.65743,597.9,1122.2,0.833,0.53385,0.60741,512.5,1036.9,0.882,0.58791,0.7304,564.4,1246.8,0.938,0.53124,0.62431,510.0,1065.7,0.88,0.58845,0.74223,564.9,1267.0,0.927,0.47865,0.59225,459.5,1011.0,0.856,0.56673,0.74588,544.1,1273.2,0.888
404,11.157,960,1707,0.68407,0.49793,656.7,850.0,1.0,0.6848,0.49286,657.4,841.3,1.0,0.685,0.49265,657.6,841.0,1.0,0.68505,0.49229,657.6,840.3,1.0,0.68764,0.49308,660.1,841.7,1.0,0.69006,0.49297,662.5,841.5,1.0,0.6922,0.49254,664.5,840.8,1.0,0.69401,0.49343,666.3,842.3,1.0,0.70382,0.49222,675.7,840.2,1.0,0.68747,0.50197,660.0,856.9,1.0,0.69043,0.50254,662.8,857.8,1.0,0.71209,0.50424,683.6,860.7,1.0,0.75156,0.50692,721.5,865.3,1.0,0.6275,0.51598,602.4,880.8,0.811,0.70415,0.4633,676.0,790.9,0.34,0.58774,0.49772,564.2,849.6,0.799,0.67944,0.43095,652.3,735.6,0.742,0.56974,0.49472,546.9,844.5,0.821,0.67576,0.41788,648.7,713.3,0.775,0.58175,0.48757,558.5,832.3,0.815,0.67578,0.41858,648.8,714.5,0.763,0.58859,0.48954,565.0,835.7,0.724,0.67711,0.42283,650.0,721.8,0.747,0.69333,0.5939,665.6,1013.8,1.0,0.71234,0.60972,683.8,1040.8,1.0,0.59186,0.54154,568.2,924.4,0.791,0.62243,0.65734,597.5,1122.1,0.838,0.53324,0.60742,511.9,1036.9,0.884,0.58821,0.73039,564.7,1246.8,0.94,0.52992,0.62438,508.7,1065.8,0.882,0.58916,0.74227,565.6,1267.1,0.929,0.47852,0.59276,459.4,1011.8,0.858,0.56665,0.746,544.0,1273.4,0.892
405,11.185,960,1707,0.68402,0.49656,656.7,847.6,1.0,0.68466,0.49179,657.3,839.5,1.0,0.68495,0.49157,657.6,839.1,1.0,0.68514,0.49121,657.7,838.5,1.0,0.68744,0.4921,659.9,840.0,1.0,0.68958,0.49205,662.0,839.9,1.0,0.69136,0.49168,663.7,839.3,1.0,0.69415,0.49268,666.4,841.0,1.0,0.70283,0.49169,674.7,839.3,1.0,0.68737,0.50054,659.9,854.4,1.0,0.68977,0.5012,662.2,855.5,1.0,0.71202,0.50434,683.5,860.9,1.0,0.74596,0.50661,716.1,864.8,1.0,0.62734,0.51615,602.2,881.1,0.816,0.70349,0.46333,675.3,790.9,0.353,0.58853,0.49783,565.0,849.8,0.802,0.67948,0.43096,652.3,735.7,0.757,0.56991,0.49483,547.1,844.7,0.824,0.67598,0.41789,648.9,713.3,0.788,0.58178,0.48765,558.5,832.4,0.817,0.67609,0.4186,649.0,714.5,0.776,0.58875,0.48965,565.2,835.8,0.726,0.67725,0.42291,650.2,721.9,0.76,0.69312,0.59393,665.4,1013.8,1.0,0.71107,0.60972,682.6,1040.8,1.0,0.59213,0.54167,568.4,924.6,0.786,0.6223,0.65735,597.4,1122.1,0.843,0.53243,0.60752,511.1,1037.0,0.882,0.58822,0.73042,564.7,1246.8,0.941,0.5286,0.62457,507.5,1066.1,0.88,0.58912,0.74243,565.6,1267.3,0.929,0.47854,0.59195,459.4,1010.5,0.855,0.56691,0.74586,544.2,1273.2,0.893
406,11.213,960,1707,0.68394,0.4963,656.6,847.2,1.0,0.68456,0.49158,657.2,839.1,1.0,0.68486,0.49131,657.5,838.7,1.0,0.68509,0.49089,657.7,838.0,1.0,0.68721,0.492,659.7,839.8,1.0,0.68914,0.49196,661.6,839.8,1.0,0.6907,0.49159,663.1,839.1,1.0,0.69407,0.49247,666.3,840.7,1.0,0.70183,0.49167,673.8,839.3,1.0,0.6873,0.50014,659.8,853.7,1.0,0.68898,0.50086,661.4,855.0,1.0,0.71185,0.5044,683.4,861.0,1.0,0.74307,0.50638,713.3,864.4,1.0,0.62721,0.51664,602.1,881.9,0.82,0.70303,0.46335,674.9,790.9,0.364,0.58931,0.49789,565.7,849.9,0.807,0.67956,0.43098,652.4,735.7,0.772,0.57002,0.49494,547.2,844.9,0.827,0.6761,0.4179,649.1,713.4,0.8,0.58178,0.48769,558.5,832.5,0.82,0.67641,0.41862,649.4,714.6,0.789,0.5889,0.48972,565.3,836.0,0.729,0.67749,0.42301,650.4,722.1,0.773,0.69303,0.59395,665.3,1013.9,1.0,0.71003,0.60973,681.6,1040.8,1.0,0.59191,0.54175,568.2,924.8,0.777,0.62204,0.65713,597.2,1121.7,0.846,0.53166,0.60753,510.4,1037.0,0.878,0.58839,0.73045,564.9,1246.9,0.941,0.52792,0.62458,506.8,1066.2,0.877,0.58952,0.7425,565.9,1267.4,0.929,0.47851,0.59174,459.4,1010.1,0.851,0.56715,0.74583,544.5,1273.1,0.893
407,11.24,960,1707,0.68383,0.49631,656.5,847.2,1.0,0.68448,0.49157,657.1,839.1,1.0,0.68478,0.49129,657.4,838.6,1.0,0.68499,0.49086,657.6,837.9,1.0,0.68714,0.492,659.7,839.8,1.0,0.68906,0.49196,661.5,839.8,1.0,0.69059,0.49158,663.0,839.1,1.0,0.69399,0.49243,666.2,840.6,1.0,0.70165,0.49167,673.6,839.3,1.0,0.6872,0.50012,659.7,853.7,1.0,0.68871,0.50085,661.2,855.0,1.0,0.71175,0.50456,683.3,861.3,1.0,0.7438,0.50639,714.0,864.4,1.0,0.62702,0.51733,601.9,883.1,0.824,0.70302,0.46336,674.9,791.0,0.378,0.58944,0.49788,565.9,849.9,0.81,0.67968,0.43087,652.5,735.5,0.785,0.57002,0.49494,547.2,844.9,0.831,0.67641,0.41782,649.3,713.2,0.812,0.58175,0.48769,558.5,832.5,0.823,0.67673,0.41855,649.7,714.5,0.801,0.58893,0.48973,565.4,836.0,0.733,0.67768,0.423,650.6,722.1,0.785,0.69201,0.59417,664.3,1014.3,1.0,0.70846,0.60977,680.1,1040.9,1.0,0.59135,0.54178,567.7,924.8,0.783,0.62108,0.65688,596.2,1121.3,0.853,0.53022,0.60757,509.0,1037.1,0.883,0.58884,0.73033,565.3,1246.7,0.944,0.52716,0.62471,506.1,1066.4,0.881,0.59088,0.7425,567.2,1267.5,0.932,0.47734,0.59195,458.2,1010.5,0.856,0.56728,0.74571,544.6,1272.9,0.897
408,11.268,960,1707,0.68347,0.49636,656.1,847.3,1.0,0.68442,0.49158,657.0,839.1,1.0,0.68471,0.4913,657.3,838.6,1.0,0.68492,0.49086,657.5,837.9,1.0,0.68712,0.49202,659.6,839.9,1.0,0.68903,0.49197,661.5,839.8,1.0,0.69055,0.49159,662.9,839.1,1.0,0.69393,0.49244,666.2,840.6,1.0,0.70161,0.49167,673.5,839.3,1.0,0.6869,0.50014,659.4,853.7,1.0,0.68828,0.50088,660.7,855.0,1.0,0.71169,0.50514,683.2,862.3,1.0,0.74442,0.50662,714.6,864.8,1.0,0.62669,0.51784,601.6,884.0,0.827,0.70298,0.46343,674.9,791.1,0.384,0.58949,0.49773,565.9,849.6,0.814,0.67973,0.43081,652.5,735.4,0.797,0.57001,0.49493,547.2,844.8,0.835,0.67647,0.41769,649.4,713.0,0.823,0.58152,0.48765,558.3,832.4,0.828,0.67674,0.41842,649.7,714.2,0.812,0.5889,0.48967,565.3,835.9,0.739,0.67767,0.42297,650.6,722.0,0.797,0.69144,0.59501,663.8,1015.7,1.0,0.70729,0.60979,679.0,1040.9,1.0,0.58953,0.54252,565.9,926.1,0.786,0.62036,0.65687,595.5,1121.3,0.858,0.52887,0.60867,507.7,1039.0,0.886,0.58896,0.73036,565.4,1246.7,0.946,0.52661,0.62578,505.5,1068.2,0.883,0.59143,0.74252,567.8,1267.5,0.934,0.47521,0.59268,456.2,1011.7,0.859,0.56716,0.74565,544.5,1272.8,0.9
409,11.296,960,1707,0.68341,0.49638,656.1,847.3,1.0,0.6844,0.49168,657.0,839.3,1.0,0.68471,0.49141,657.3,838.8,1.0,0.6849,0.491,657.5,838.1,1.0,0.68706,0.49208,659.6,840.0,1.0,0.68898,0.49203,661.4,839.9,1.0,0.69053,0.49166,662.9,839.3,1.0,0.69391,0.4925,666.2,840.7,1.0,0.7016,0.49174,673.5,839.4,1.0,0.68684,0.50015,659.4,853.8,1.0,0.68829,0.50089,660.8,855.0,1.0,0.71168,0.50527,683.2,862.5,1.0,0.74196,0.50834,712.3,867.7,1.0,0.62661,0.51831,601.5,884.8,0.825,0.70295,0.46399,674.8,792.0,0.388,0.58946,0.4976,565.9,849.4,0.809,0.67953,0.43086,652.4,735.5,0.801,0.56954,0.49494,546.8,844.9,0.831,0.67642,0.41787,649.4,713.3,0.826,0.58015,0.48764,556.9,832.4,0.823,0.67596,0.41866,648.9,714.6,0.816,0.58813,0.48967,564.6,835.9,0.734,0.67615,0.42335,649.1,722.7,0.8,0.68991,0.59555,662.3,1016.6,1.0,0.70533,0.60977,677.1,1040.9,1.0,0.58812,0.54294,564.6,926.8,0.788,0.61974,0.65692,595.0,1121.4,0.861,0.52793,0.60905,506.8,1039.7,0.887,0.58879,0.73066,565.2,1247.2,0.947,0.52586,0.62668,504.8,1069.7,0.883,0.59137,0.74302,567.7,1268.3,0.935,0.47493,0.59291,455.9,1012.1,0.859,0.56304,0.74569,540.5,1272.9,0.902
410,11.323,960,1707,0.68332,0.49653,656.0,847.6,1.0,0.68431,0.49187,656.9,839.6,1.0,0.6845,0.49167,657.1,839.3,1.0,0.68451,0.49133,657.1,838.7,1.0,0.68701,0.4922,659.5,840.2,1.0,0.68903,0.49214,661.5,840.1,1.0,0.69076,0.49178,663.1,839.5,1.0,0.69296,0.49291,665.2,841.4,1.0,0.70181,0.49182,673.7,839.5,1.0,0.68673,0.5004,659.3,854.2,1.0,0.68833,0.50107,660.8,855.3,1.0,0.70885,0.50648,680.5,864.6,1.0,0.74299,0.50849,713.3,868.0,1.0,0.62614,0.51909,601.1,886.1,0.83,0.70377,0.46406,675.6,792.1,0.403,0.58908,0.49756,565.5,849.3,0.817,0.67961,0.43081,652.4,735.4,0.813,0.56912,0.49488,546.4,844.8,0.838,0.67683,0.41769,649.8,713.0,0.837,0.57922,0.48765,556.1,832.4,0.831,0.67595,0.41858,648.9,714.5,0.827,0.58734,0.48968,563.9,835.9,0.745,0.67605,0.42333,649.0,722.6,0.813,0.68509,0.59592,657.7,1017.2,1.0,0.70407,0.61,675.9,1041.3,1.0,0.58753,0.54293,564.0,926.8,0.799,0.61967,0.6572,594.9,1121.8,0.867,0.52775,0.60948,506.6,1040.4,0.893,0.58874,0.7308,565.2,1247.5,0.95,0.52586,0.62707,504.8,1070.4,0.889,0.59132,0.74317,567.7,1268.6,0.938,0.47429,0.59439,455.3,1014.6,0.867,0.56316,0.7455,540.6,1272.6,0.907
411,11.351,960,1707,0.68285,0.4956,655.5,846.0,1.0,0.68399,0.49106,656.6,838.2,1.0,0.68414,0.49094,656.8,838.0,1.0,0.68405,0.49068,656.7,837.6,1.0,0.68689,0.49141,659.4,838.8,1.0,0.68896,0.49146,661.4,838.9,1.0,0.69072,0.49124,663.1,838.5,1.0,0.69197,0.49259,664.3,840.9,1.0,0.70177,0.49148,673.7,839.0,1.0,0.68623,0.4997,658.8,853.0,1.0,0.68816,0.50022,660.6,853.9,1.0,0.70597,0.50672,677.7,865.0,1.0,0.74326,0.50849,713.5,868.0,1.0,0.62609,0.51918,601.0,886.2,0.836,0.70387,0.46406,675.7,792.1,0.427,0.58903,0.49758,565.5,849.4,0.824,0.67961,0.43077,652.4,735.3,0.826,0.56876,0.4949,546.0,844.8,0.844,0.67702,0.41768,649.9,713.0,0.848,0.57885,0.48769,555.7,832.5,0.838,0.67583,0.41858,648.8,714.5,0.839,0.58726,0.48983,563.8,836.1,0.755,0.67569,0.42336,648.7,722.7,0.825,0.68193,0.59582,654.7,1017.1,1.0,0.70303,0.61012,674.9,1041.5,1.0,0.58655,0.54266,563.1,926.3,0.812,0.61929,0.65733,594.5,1122.1,0.875,0.52765,0.60963,506.5,1040.6,0.9,0.58872,0.73155,565.2,1248.8,0.954,0.52567,0.62722,504.6,1070.7,0.896,0.59129,0.74426,567.6,1270.5,0.942,0.47431,0.59442,455.3,1014.7,0.875,0.56313,0.74448,540.6,1270.8,0.913
412,11.378,960,1707,0.68259,0.49544,655.3,845.7,1.0,0.68391,0.49097,656.6,838.1,1.0,0.68403,0.49085,656.7,837.9,1.0,0.68391,0.49058,656.6,837.4,1.0,0.68685,0.49131,659.4,838.7,1.0,0.68892,0.49136,661.4,838.8,1.0,0.69067,0.49115,663.0,838.4,1.0,0.69167,0.49244,664.0,840.6,1.0,0.70145,0.49146,673.4,838.9,1.0,0.68593,0.49957,658.5,852.8,1.0,0.68788,0.50012,660.4,853.7,1.0,0.70672,0.50667,678.4,864.9,1.0,0.74064,0.51107,711.0,872.4,1.0,0.65966,0.49652,633.3,847.6,0.829,0.6449,0.5103,619.1,871.1,0.401,0.66909,0.44212,642.3,754.7,0.819,0.59638,0.49314,572.5,841.8,0.811,0.66407,0.43242,637.5,738.1,0.84,0.57552,0.48865,552.5,834.1,0.834,0.65486,0.43441,628.7,741.5,0.833,0.58472,0.48238,561.3,823.4,0.826,0.6607,0.43411,634.3,741.0,0.75,0.59328,0.48518,569.5,828.2,0.811,0.68211,0.59587,654.8,1017.2,1.0,0.7013,0.61,673.2,1041.3,1.0,0.58543,0.54267,562.0,926.3,0.784,0.61825,0.65732,593.5,1122.0,0.859,0.5275,0.61026,506.4,1041.7,0.869,0.5885,0.73181,565.0,1249.2,0.941,0.52548,0.62778,504.5,1071.6,0.866,0.59125,0.74455,567.6,1271.0,0.927,0.4742,0.59448,455.2,1014.8,0.848,0.56162,0.74394,539.2,1269.9,0.899
413,11.406,960,1707,0.68254,0.49548,655.2,845.8,1.0,0.68344,0.49099,656.1,838.1,1.0,0.68319,0.49089,655.9,837.9,1.0,0.68272,0.49068,655.4,837.6,1.0,0.68684,0.49132,659.4,838.7,1.0,0.68915,0.49137,661.6,838.8,1.0,0.69132,0.49115,663.7,838.4,1.0,0.68968,0.49273,662.1,841.1,1.0,0.70187,0.4915,673.8,839.0,1.0,0.68527,0.49959,657.9,852.8,1.0,0.68789,0.50015,660.4,853.8,1.0,0.69817,0.50759,670.2,866.5,1.0,0.74415,0.51083,714.4,872.0,1.0,0.64058,0.51044,615.0,871.3,0.835,0.68638,0.48351,658.9,825.4,0.438,0.6148,0.47994,590.2,819.3,0.826,0.65567,0.4483,629.4,765.3,0.825,0.59838,0.47688,574.4,814.0,0.845,0.65115,0.43772,625.1,747.2,0.846,0.60539,0.47167,581.2,805.1,0.838,0.64493,0.43925,619.1,749.8,0.838,0.61359,0.47335,589.0,808.0,0.757,0.64446,0.4432,618.7,756.5,0.824,0.67829,0.59585,651.2,1017.1,1.0,0.70097,0.6104,672.9,1042.0,1.0,0.58488,0.54263,561.5,926.3,0.801,0.61746,0.65738,592.8,1122.1,0.87,0.52763,0.61029,506.5,1041.8,0.88,0.58809,0.73181,564.6,1249.2,0.946,0.5255,0.62777,504.5,1071.6,0.876,0.59123,0.74446,567.6,1270.8,0.932,0.47518,0.59453,456.2,1014.9,0.859,0.56059,0.74457,538.2,1271.0,0.906
414,11.434,960,1707,0.6825,0.49494,655.2,844.9,1.0,0.68343,0.49075,656.1,837.7,1.0,0.68313,0.49073,655.8,837.7,1.0,0.68261,0.49058,655.3,837.4,1.0,0.687,0.49098,659.5,838.1,1.0,0.68952,0.49107,661.9,838.3,1.0,0.69197,0.49093,664.3,838.0,1.0,0.68924,0.49275,661.7,841.1,1.0,0.70247,0.49147,674.4,838.9,1.0,0.68514,0.49917,657.7,852.1,1.0,0.68799,0.49966,660.5,852.9,1.0,0.69553,0.50813,667.7,867.4,1.0,0.74496,0.51068,715.2,871.7,1.0,0.62902,0.51554,603.9,880.0,0.842,0.69844,0.47378,670.5,808.7,0.469,0.60006,0.49216,576.1,840.1,0.834,0.67286,0.43737,645.9,746.6,0.837,0.5791,0.4901,555.9,836.6,0.851,0.67116,0.42533,644.3,726.0,0.856,0.59204,0.48355,568.4,825.4,0.845,0.66308,0.42777,636.6,730.2,0.848,0.60132,0.48576,577.3,829.2,0.767,0.66114,0.43235,634.7,738.0,0.835,0.67501,0.59574,648.0,1016.9,1.0,0.69918,0.61065,671.2,1042.4,1.0,0.58366,0.54228,560.3,925.7,0.818,0.61527,0.65747,590.7,1122.3,0.88,0.52829,0.61029,507.2,1041.8,0.889,0.58801,0.73217,564.5,1249.8,0.951,0.52581,0.62776,504.8,1071.6,0.886,0.59119,0.74525,567.5,1272.1,0.938,0.476,0.59453,457.0,1014.9,0.87,0.56065,0.74268,538.2,1267.8,0.914
415,11.461,960,1707,0.68291,0.49428,655.6,843.7,1.0,0.68347,0.49041,656.1,837.1,1.0,0.68312,0.49046,655.8,837.2,1.0,0.68256,0.49039,655.3,837.1,1.0,0.6878,0.4906,660.3,837.4,1.0,0.69056,0.49073,662.9,837.7,1.0,0.69336,0.49063,665.6,837.5,1.0,0.6886,0.49276,661.1,841.1,1.0,0.70373,0.49141,675.6,838.8,1.0,0.68513,0.4986,657.7,851.1,1.0,0.68872,0.49901,661.2,851.8,1.0,0.69135,0.50836,663.7,867.8,1.0,0.74528,0.51059,715.5,871.6,1.0,0.62373,0.51761,598.8,883.6,0.849,0.70251,0.46931,674.4,801.1,0.504,0.5942,0.49622,570.4,847.0,0.842,0.67817,0.43373,651.0,740.4,0.849,0.57241,0.49406,549.5,843.4,0.857,0.67608,0.4211,649.0,718.8,0.867,0.58642,0.48748,563.0,832.1,0.851,0.66809,0.4233,641.4,722.6,0.86,0.59588,0.48966,572.0,835.9,0.777,0.66628,0.42799,639.6,730.6,0.846,0.67142,0.5956,644.6,1016.7,1.0,0.69754,0.61096,669.6,1042.9,1.0,0.58292,0.54208,559.6,925.3,0.833,0.61393,0.65791,589.4,1123.0,0.89,0.52844,0.61031,507.3,1041.8,0.899,0.58801,0.73217,564.5,1249.8,0.955,0.52596,0.6278,504.9,1071.7,0.895,0.59086,0.74524,567.2,1272.1,0.943,0.47596,0.59467,456.9,1015.1,0.88,0.5621,0.7412,539.6,1265.2,0.921
416,11.489,960,1707,0.68366,0.4939,656.3,843.1,1.0,0.68426,0.49012,656.9,836.6,1.0,0.68379,0.49021,656.4,836.8,1.0,0.68321,0.49018,655.9,836.7,1.0,0.68873,0.49025,661.2,836.8,1.0,0.69143,0.4904,663.8,837.1,1.0,0.69404,0.49034,666.3,837.0,1.0,0.6892,0.49262,661.6,840.9,1.0,0.70416,0.4913,676.0,838.7,1.0,0.68563,0.49825,658.2,850.5,1.0,0.68977,0.49854,662.2,851.0,1.0,0.69242,0.50829,664.7,867.7,1.0,0.74542,0.51148,715.6,873.1,1.0,0.62137,0.51831,596.5,884.8,0.849,0.70301,0.46833,674.9,799.4,0.502,0.59352,0.49848,569.8,850.9,0.839,0.67985,0.43262,652.7,738.5,0.844,0.57091,0.49611,548.1,846.9,0.855,0.67734,0.42082,650.3,718.3,0.863,0.58503,0.48965,561.6,835.8,0.849,0.67082,0.42189,644.0,720.2,0.856,0.59465,0.49194,570.9,839.7,0.775,0.66924,0.42647,642.5,728.0,0.842,0.67251,0.5954,645.6,1016.3,1.0,0.6964,0.61096,668.5,1042.9,1.0,0.58184,0.54204,558.6,925.3,0.836,0.61405,0.66008,589.5,1126.8,0.892,0.52833,0.6106,507.2,1042.3,0.901,0.58761,0.73231,564.1,1250.1,0.956,0.52595,0.62789,504.9,1071.8,0.896,0.5896,0.74523,566.0,1272.1,0.944,0.47592,0.59491,456.9,1015.5,0.881,0.56218,0.74243,539.7,1267.3,0.922
417,11.516,960,1707,0.68341,0.49393,656.1,843.1,1.0,0.68375,0.49007,656.4,836.5,1.0,0.68306,0.49009,655.7,836.6,1.0,0.68231,0.49,655.0,836.4,1.0,0.68868,0.49025,661.1,836.8,1.0,0.69139,0.49038,663.7,837.1,1.0,0.69413,0.49032,666.4,837.0,1.0,0.68838,0.49231,660.8,840.4,1.0,0.70423,0.49116,676.1,838.4,1.0,0.68527,0.49816,657.9,850.4,1.0,0.68977,0.49847,662.2,850.9,1.0,0.68901,0.50795,661.4,867.1,1.0,0.74801,0.51137,718.1,872.9,1.0,0.62022,0.51939,595.4,886.6,0.854,0.70576,0.4672,677.5,797.5,0.53,0.59207,0.49915,568.4,852.0,0.846,0.68131,0.43162,654.1,736.8,0.855,0.57024,0.49621,547.4,847.0,0.86,0.67814,0.42033,651.0,717.5,0.873,0.5845,0.48991,561.1,836.3,0.854,0.67293,0.42147,646.0,719.5,0.865,0.59369,0.49212,569.9,840.0,0.782,0.67229,0.42577,645.4,726.8,0.852,0.6683,0.59362,641.6,1013.3,1.0,0.69646,0.61104,668.6,1043.0,1.0,0.58063,0.54173,557.4,924.7,0.849,0.61479,0.66107,590.2,1128.4,0.901,0.5281,0.61071,507.0,1042.5,0.909,0.5861,0.73311,562.7,1251.4,0.96,0.52586,0.6279,504.8,1071.8,0.904,0.58392,0.74719,560.6,1275.5,0.948,0.47624,0.59484,457.2,1015.4,0.89,0.56319,0.73841,540.7,1260.5,0.928
418,11.544,960,1707,0.68082,0.49057,653.6,837.4,1.0,0.68146,0.48559,654.2,828.9,1.0,0.68099,0.48539,653.8,828.6,1.0,0.68049,0.48517,653.3,828.2,1.0,0.68587,0.48627,658.4,830.1,1.0,0.68848,0.48656,660.9,830.6,1.0,0.69103,0.48675,663.4,830.9,1.0,0.6876,0.48775,660.1,832.6,1.0,0.70311,0.48809,675.0,833.2,1.0,0.68369,0.49485,656.3,844.7,1.0,0.68812,0.49529,660.6,845.5,1.0,0.68904,0.50336,661.5,859.2,1.0,0.75151,0.50972,721.5,870.1,1.0,0.61984,0.5205,595.0,888.5,0.855,0.70875,0.46688,680.4,797.0,0.521,0.59169,0.49927,568.0,852.3,0.848,0.68145,0.43137,654.2,736.4,0.854,0.5707,0.49618,547.9,847.0,0.861,0.67805,0.41976,650.9,716.5,0.872,0.58449,0.49019,561.1,836.8,0.855,0.67353,0.4209,646.6,718.5,0.864,0.59318,0.4923,569.5,840.4,0.783,0.67352,0.42503,646.6,725.5,0.85,0.6683,0.58847,641.6,1004.5,1.0,0.69981,0.6094,671.8,1040.2,1.0,0.57799,0.54148,554.9,924.3,0.852,0.61937,0.66164,594.6,1129.4,0.907,0.5269,0.6108,505.8,1042.6,0.912,0.58603,0.73321,562.6,1251.6,0.962,0.52562,0.62779,504.6,1071.6,0.908,0.58286,0.74761,559.5,1276.2,0.951,0.47624,0.59501,457.2,1015.7,0.892,0.56401,0.73669,541.4,1257.5,0.931
419,11.572,960,1707,0.68091,0.48519,653.7,828.2,1.0,0.68142,0.48078,654.2,820.7,1.0,0.68094,0.48063,653.7,820.4,1.0,0.68044,0.48048,653.2,820.2,1.0,0.68587,0.48141,658.4,821.8,1.0,0.68848,0.48167,660.9,822.2,1.0,0.69102,0.48181,663.4,822.4,1.0,0.68744,0.48315,659.9,824.7,1.0,0.70311,0.48287,675.0,824.3,1.0,0.68386,0.48947,656.5,835.5,1.0,0.68849,0.4901,660.9,836.6,1.0,0.68942,0.49849,661.8,850.9,1.0,0.75397,0.50528,723.8,862.5,1.0,0.61745,0.52165,592.8,890.5,0.859,0.70852,0.4649,680.2,793.6,0.514,0.59184,0.49899,568.2,851.8,0.855,0.68143,0.43154,654.2,736.6,0.855,0.57108,0.49595,548.2,846.6,0.867,0.6776,0.41948,650.5,716.1,0.872,0.58455,0.48986,561.2,836.2,0.862,0.67355,0.42049,646.6,717.8,0.864,0.59317,0.49187,569.4,839.6,0.792,0.67427,0.42449,647.3,724.6,0.849,0.66983,0.5841,643.0,997.1,1.0,0.71097,0.60544,682.5,1033.5,1.0,0.57796,0.54059,554.8,922.8,0.854,0.62684,0.66151,601.8,1129.2,0.911,0.52683,0.61046,505.8,1042.1,0.914,0.58629,0.73194,562.8,1249.4,0.963,0.52562,0.62721,504.6,1070.6,0.911,0.58323,0.74571,559.9,1272.9,0.952,0.4766,0.59474,457.5,1015.2,0.893,0.56658,0.73508,543.9,1254.8,0.932
420,11.599,960,1707,0.67767,0.48166,650.6,822.2,1.0,0.67797,0.47715,650.9,814.5,1.0,0.67806,0.47689,650.9,814.0,1.0,0.678,0.47657,650.9,813.5,1.0,0.68048,0.47785,653.3,815.7,1.0,0.68231,0.4781,655.0,816.1,1.0,0.68402,0.47823,656.7,816.3,1.0,0.68611,0.47801,658.7,816.0,1.0,0.69736,0.47953,669.5,818.6,1.0,0.68171,0.48584,654.4,829.3,1.0,0.68501,0.48662,657.6,830.7,1.0,0.69033,0.4924,662.7,840.5,1.0,0.75579,0.49726,725.6,848.8,1.0,0.61641,0.52171,591.8,890.6,0.857,0.70591,0.46536,677.7,794.4,0.473,0.5914,0.49861,567.7,851.1,0.852,0.68107,0.43182,653.8,737.1,0.8,0.57011,0.49554,547.3,845.9,0.863,0.67694,0.41973,649.9,716.5,0.823,0.58415,0.48953,560.8,835.6,0.858,0.67344,0.42064,646.5,718.0,0.814,0.59283,0.49155,569.1,839.1,0.786,0.67463,0.42475,647.6,725.1,0.799,0.674,0.57674,647.0,984.5,1.0,0.72216,0.59942,693.3,1023.2,1.0,0.57812,0.54073,555.0,923.0,0.85,0.64507,0.65438,619.3,1117.0,0.913,0.52681,0.61075,505.7,1042.5,0.914,0.5898,0.72857,566.2,1243.7,0.964,0.52533,0.62786,504.3,1071.7,0.911,0.58487,0.74179,561.5,1266.2,0.951,0.47659,0.59551,457.5,1016.5,0.891,0.56804,0.73574,545.3,1255.9,0.932
421,11.627,960,1707,0.67519,0.4764,648.2,813.2,1.0,0.67513,0.47218,648.1,806.0,1.0,0.67537,0.47201,648.4,805.7,1.0,0.67541,0.47179,648.4,805.3,1.0,0.67709,0.47237,650.0,806.3,1.0,0.67858,0.47235,651.4,806.3,1.0,0.67985,0.4722,652.7,806.0,1.0,0.68326,0.47265,655.9,806.8,1.0,0.69295,0.47253,665.2,806.6,1.0,0.6797,0.48037,652.5,820.0,1.0,0.68264,0.48091,655.3,820.9,1.0,0.69092,0.48423,663.3,826.6,1.0,0.75748,0.49633,727.2,847.2,1.0,0.6168,0.52165,592.1,890.5,0.869,0.73043,0.53196,701.2,908.0,0.427,0.59139,0.50065,567.7,854.6,0.86,0.69081,0.55124,663.2,941.0,0.721,0.57025,0.49622,547.4,847.0,0.87,0.6867,0.55646,659.2,949.9,0.743,0.5849,0.49062,561.5,837.5,0.865,0.67835,0.55408,651.2,945.8,0.735,0.59339,0.49384,569.7,843.0,0.795,0.67744,0.55223,650.3,942.7,0.721,0.67998,0.57072,652.8,974.2,1.0,0.73557,0.59435,706.1,1014.6,1.0,0.57827,0.54075,555.1,923.1,0.863,0.65591,0.64562,629.7,1102.1,0.919,0.5271,0.61073,506.0,1042.5,0.921,0.60129,0.7214,577.2,1231.4,0.967,0.52532,0.62785,504.3,1071.7,0.918,0.5982,0.73416,574.3,1253.2,0.955,0.47694,0.59549,457.9,1016.5,0.898,0.5694,0.72967,546.6,1245.5,0.936
422,11.655,960,1707,0.67378,0.47187,646.8,805.5,1.0,0.67246,0.46807,645.6,799.0,1.0,0.67276,0.46835,645.9,799.5,1.0,0.67281,0.46854,645.9,799.8,1.0,0.67457,0.46705,647.6,797.3,1.0,0.67604,0.46669,649.0,796.6,1.0,0.67743,0.46622,650.3,795.8,1.0,0.68118,0.47032,653.9,802.8,1.0,0.69532,0.46445,667.5,792.8,1.0,0.67972,0.47635,652.5,813.1,1.0,0.68293,0.47629,655.6,813.0,1.0,0.68756,0.48248,660.1,823.6,1.0,0.75994,0.48974,729.5,836.0,1.0,0.61662,0.52221,592.0,891.4,0.877,0.75752,0.53353,727.2,910.7,0.385,0.59115,0.50025,567.5,853.9,0.859,0.72477,0.54598,695.8,932.0,0.65,0.57032,0.49607,547.5,846.8,0.867,0.72293,0.5487,694.0,936.6,0.67,0.58458,0.49026,561.2,836.9,0.861,0.71214,0.54667,683.7,933.2,0.662,0.59318,0.49332,569.5,842.1,0.791,0.70916,0.54592,680.8,931.9,0.65,0.68988,0.56751,662.3,968.7,1.0,0.74382,0.59037,714.1,1007.8,1.0,0.57988,0.54085,556.7,923.2,0.874,0.65993,0.63414,633.5,1082.5,0.924,0.52736,0.61052,506.3,1042.2,0.927,0.61896,0.71043,594.2,1212.7,0.97,0.52551,0.62784,504.5,1071.7,0.924,0.62448,0.72254,599.5,1233.4,0.958,0.47626,0.59596,457.2,1017.3,0.903,0.58335,0.72213,560.0,1232.7,0.939
423,11.682,960,1707,0.66631,0.4685,639.7,799.7,1.0,0.66293,0.46465,636.4,793.2,1.0,0.66305,0.46493,636.5,793.6,1.0,0.66291,0.46521,636.4,794.1,1.0,0.66575,0.46375,639.1,791.6,1.0,0.66751,0.46345,640.8,791.1,1.0,0.66909,0.46312,642.3,790.5,1.0,0.66942,0.46639,642.6,796.1,1.0,0.68239,0.4626,655.1,789.7,1.0,0.67251,0.47269,645.6,806.9,1.0,0.67619,0.47204,649.1,805.8,1.0,0.68237,0.4801,655.1,819.5,1.0,0.75918,0.48151,728.8,821.9,1.0,0.61585,0.52262,591.2,892.1,0.883,0.76782,0.52612,737.1,898.1,0.347,0.59119,0.50004,567.5,853.6,0.85,0.73307,0.54917,703.7,937.4,0.585,0.57063,0.49549,547.8,845.8,0.855,0.73118,0.55418,701.9,946.0,0.604,0.58451,0.49006,561.1,836.5,0.848,0.72259,0.55344,693.7,944.7,0.597,0.59315,0.49301,569.4,841.6,0.775,0.7199,0.55208,691.1,942.4,0.586,0.69776,0.56448,669.8,963.6,1.0,0.75137,0.58508,721.3,998.7,1.0,0.5832,0.54313,559.9,927.1,0.884,0.66385,0.62009,637.3,1058.5,0.927,0.52735,0.6105,506.3,1042.1,0.932,0.64221,0.6968,616.5,1189.4,0.972,0.52538,0.62795,504.4,1071.9,0.929,0.65254,0.70853,626.4,1209.5,0.96,0.47732,0.59595,458.2,1017.3,0.906,0.61221,0.70675,587.7,1206.4,0.942
424,11.71,960,1707,0.66464,0.46786,638.1,798.6,1.0,0.66047,0.46431,634.1,792.6,1.0,0.66004,0.4648,633.6,793.4,1.0,0.65956,0.46525,633.2,794.2,1.0,0.66346,0.46299,636.9,790.3,1.0,0.66504,0.46265,638.4,789.8,1.0,0.66625,0.46231,639.6,789.2,1.0,0.66555,0.46569,638.9,794.9,1.0,0.67696,0.46153,649.9,787.8,1.0,0.67048,0.47192,643.7,805.6,1.0,0.67433,0.47069,647.4,803.5,1.0,0.68199,0.47843,654.7,816.7,1.0,0.75897,0.47759,728.6,815.3,1.0,0.61591,0.52255,591.3,892.0,0.88,0.7564,0.47896,726.1,817.6,0.315,0.59123,0.49993,567.6,853.4,0.844,0.73267,0.48623,703.4,830.0,0.536,0.5712,0.4954,548.4,845.6,0.85,0.72813,0.48205,699.0,822.9,0.557,0.58464,0.49007,561.3,836.6,0.842,0.71555,0.47999,686.9,819.3,0.55,0.59336,0.49298,569.6,841.5,0.768,0.71931,0.4835,690.5,825.3,0.539,0.70632,0.56277,678.1,960.7,1.0,0.75777,0.58402,727.5,996.9,1.0,0.58697,0.54353,563.5,927.8,0.89,0.66554,0.60204,638.9,1027.7,0.924,0.52651,0.61194,505.4,1044.6,0.936,0.66172,0.6796,635.3,1160.1,0.972,0.52376,0.62919,502.8,1074.0,0.934,0.6768,0.69492,649.7,1186.2,0.961,0.47739,0.59602,458.3,1017.4,0.91,0.62908,0.68523,603.9,1169.7,0.94
425,11.737,960,1707,0.66404,0.46746,637.5,798.0,1.0,0.65996,0.46403,633.6,792.1,1.0,0.65961,0.46463,633.2,793.1,1.0,0.65912,0.46515,632.8,794.0,1.0,0.66291,0.46223,636.4,789.0,1.0,0.66458,0.46169,638.0,788.1,1.0,0.66585,0.46111,639.2,787.1,1.0,0.6648,0.46546,638.2,794.5,1.0,0.67877,0.46011,651.6,785.4,1.0,0.66935,0.47147,642.6,804.8,1.0,0.67329,0.47007,646.4,802.4,1.0,0.68001,0.47706,652.8,814.3,1.0,0.75963,0.47731,729.2,814.8,1.0,0.61588,0.52325,591.2,893.2,0.883,0.73975,0.51199,710.2,874.0,0.284,0.58969,0.49943,566.1,852.5,0.841,0.66848,0.53958,641.7,921.1,0.483,0.57023,0.49516,547.4,845.2,0.844,0.65326,0.5447,627.1,929.8,0.503,0.58321,0.48969,559.9,835.9,0.837,0.64742,0.54716,621.5,934.0,0.496,0.59171,0.49218,568.0,840.2,0.763,0.65084,0.54645,624.8,932.8,0.487,0.71613,0.56291,687.5,960.9,1.0,0.7736,0.58228,742.7,994.0,1.0,0.59335,0.54564,569.6,931.4,0.896,0.66768,0.58783,641.0,1003.4,0.906,0.52606,0.61191,505.0,1044.5,0.941,0.67737,0.65962,650.3,1126.0,0.97,0.51967,0.62915,498.9,1074.0,0.939,0.69135,0.67638,663.7,1154.6,0.958,0.47739,0.59598,458.3,1017.3,0.915,0.65655,0.66684,630.3,1138.3,0.933
426,11.765,960,1707,0.65923,0.46886,632.9,800.3,1.0,0.65456,0.46545,628.4,794.5,1.0,0.65449,0.46591,628.3,795.3,1.0,0.65416,0.46633,628.0,796.0,1.0,0.65681,0.46396,630.5,792.0,1.0,0.65824,0.46349,631.9,791.2,1.0,0.65934,0.46294,633.0,790.2,1.0,0.66058,0.4669,634.2,797.0,1.0,0.67045,0.46208,643.6,788.8,1.0,0.66556,0.47227,638.9,806.2,1.0,0.66944,0.47095,642.7,803.9,1.0,0.6733,0.47794,646.4,815.9,1.0,0.75968,0.47229,729.3,806.2,1.0,0.61597,0.52332,591.3,893.3,0.858,0.73522,0.46412,705.8,792.2,0.267,0.58939,0.49933,565.8,852.3,0.818,0.6751,0.43561,648.1,743.6,0.472,0.57077,0.4953,547.9,845.5,0.826,0.6641,0.4266,637.5,728.2,0.501,0.58324,0.48959,559.9,835.7,0.818,0.65855,0.42898,632.2,732.3,0.491,0.59172,0.49208,568.0,840.0,0.743,0.65796,0.4326,631.6,738.4,0.482,0.72751,0.56201,698.4,959.4,1.0,0.77948,0.57743,748.3,985.7,1.0,0.60019,0.54773,576.2,935.0,0.906,0.66665,0.57575,640.0,982.8,0.888,0.52657,0.61291,505.5,1046.2,0.947,0.69325,0.64053,665.5,1093.4,0.967,0.51873,0.632,498.0,1078.8,0.944,0.71115,0.65574,682.7,1119.3,0.957,0.47736,0.59626,458.3,1017.8,0.923,0.64267,0.65442,617.0,1117.1,0.927
427,11.793,960,1707,0.66021,0.46917,633.8,800.9,1.0,0.65626,0.4661,630.0,795.6,1.0,0.65598,0.46647,629.7,796.3,1.0,0.65547,0.4668,629.2,796.8,1.0,0.65958,0.46444,633.2,792.8,1.0,0.66135,0.46378,634.9,791.7,1.0,0.66283,0.46298,636.3,790.3,1.0,0.66105,0.46747,634.6,798.0,1.0,0.67413,0.46123,647.2,787.3,1.0,0.66571,0.47237,639.1,806.3,1.0,0.67027,0.47083,643.5,803.7,1.0,0.67237,0.47843,645.5,816.7,1.0,0.75954,0.47028,729.2,802.8,1.0,0.61606,0.52325,591.4,893.2,0.833,0.73407,0.45778,704.7,781.4,0.251,0.5883,0.49922,564.8,852.2,0.8,0.67666,0.4288,649.6,732.0,0.463,0.57049,0.49524,547.7,845.4,0.811,0.66835,0.41915,641.6,715.5,0.499,0.58253,0.48929,559.2,835.2,0.803,0.66253,0.42129,636.0,719.1,0.487,0.59039,0.49149,566.8,839.0,0.727,0.65907,0.42463,632.7,724.8,0.477,0.73947,0.56074,709.9,957.2,1.0,0.79252,0.57324,760.8,978.5,1.0,0.61017,0.55077,585.8,940.2,0.913,0.67099,0.56857,644.2,970.6,0.855,0.5301,0.61308,508.9,1046.5,0.951,0.7056,0.63166,677.4,1078.2,0.954,0.52006,0.6317,499.3,1078.3,0.949,0.72487,0.64622,695.9,1103.1,0.948,0.48099,0.59681,461.8,1018.7,0.928,0.66006,0.64087,633.7,1094.0,0.906
428,11.82,960,1707,0.6612,0.47022,634.7,802.7,1.0,0.65761,0.46651,631.3,796.3,1.0,0.65715,0.46674,630.9,796.7,1.0,0.65646,0.46691,630.2,797.0,1.0,0.66131,0.465,634.9,793.8,1.0,0.66319,0.46431,636.7,792.6,1.0,0.66479,0.46345,638.2,791.1,1.0,0.66126,0.46737,634.8,797.8,1.0,0.67576,0.46194,648.7,788.5,1.0,0.66649,0.47344,639.8,808.2,1.0,0.67117,0.47215,644.3,806.0,1.0,0.67189,0.47781,645.0,815.6,1.0,0.75667,0.46761,726.4,798.2,1.0,0.6167,0.52303,592.0,892.8,0.782,0.73145,0.45722,702.2,780.5,0.24,0.58842,0.49915,564.9,852.0,0.745,0.67892,0.42825,651.8,731.0,0.441,0.57072,0.49508,547.9,845.1,0.763,0.672,0.4191,645.1,715.4,0.482,0.58255,0.48771,559.2,832.5,0.755,0.66665,0.42108,640.0,718.8,0.47,0.59043,0.48994,566.8,836.3,0.682,0.66357,0.42432,637.0,724.3,0.46,0.74977,0.56115,719.8,957.9,1.0,0.79665,0.56738,764.8,968.5,1.0,0.61735,0.55429,592.7,946.2,0.92,0.67564,0.56557,648.6,965.4,0.816,0.53091,0.61307,509.7,1046.5,0.955,0.70994,0.62048,681.5,1059.2,0.94,0.52033,0.63081,499.5,1076.8,0.953,0.72827,0.63214,699.1,1079.1,0.94,0.48325,0.59679,463.9,1018.7,0.934,0.66747,0.63146,640.8,1077.9,0.887
429,11.848,960,1707,0.66071,0.4704,634.3,803.0,1.0,0.65677,0.4662,630.5,795.8,1.0,0.65602,0.46637,629.8,796.1,1.0,0.655,0.4665,628.8,796.3,1.0,0.66116,0.46469,634.7,793.2,1.0,0.66325,0.46394,636.7,791.9,1.0,0.66508,0.46299,638.5,790.3,1.0,0.65911,0.46706,632.7,797.3,1.0,0.67509,0.46139,648.1,787.6,1.0,0.66597,0.47351,639.3,808.3,1.0,0.67113,0.47213,644.3,805.9,1.0,0.66789,0.47887,641.2,817.4,1.0,0.75086,0.46336,720.8,791.0,1.0,0.6172,0.52357,592.5,893.7,0.747,0.73007,0.45463,700.9,776.1,0.235,0.58847,0.4991,564.9,852.0,0.717,0.67931,0.42671,652.1,728.4,0.432,0.57077,0.49505,547.9,845.0,0.74,0.67356,0.4179,646.6,713.4,0.479,0.58259,0.48757,559.3,832.3,0.733,0.66796,0.41959,641.2,716.2,0.466,0.59047,0.48981,566.8,836.1,0.657,0.66567,0.42278,639.0,721.7,0.455,0.75729,0.56136,727.0,958.2,1.0,0.80558,0.56324,773.4,961.4,1.0,0.62117,0.55725,596.3,951.2,0.927,0.68318,0.55834,655.8,953.1,0.776,0.53096,0.61301,509.7,1046.4,0.959,0.70785,0.61474,679.5,1049.4,0.927,0.5204,0.6307,499.6,1076.6,0.957,0.72495,0.62695,695.9,1070.2,0.933,0.48303,0.59681,463.7,1018.8,0.94,0.66694,0.62359,640.3,1064.5,0.871
430,11.876,960,1707,0.66133,0.47134,634.9,804.6,1.0,0.65746,0.46635,631.2,796.1,1.0,0.65676,0.46661,630.5,796.5,1.0,0.65581,0.46695,629.6,797.1,1.0,0.66173,0.4649,635.3,793.6,1.0,0.66383,0.46456,637.3,793.0,1.0,0.66569,0.46383,639.1,791.8,1.0,0.66025,0.46759,633.8,798.2,1.0,0.67524,0.46203,648.2,788.7,1.0,0.66655,0.47382,639.9,808.8,1.0,0.67155,0.47278,644.7,807.0,1.0,0.66944,0.47951,642.7,818.5,1.0,0.74892,0.46267,719.0,789.8,1.0,0.61854,0.52318,593.8,893.1,0.707,0.73315,0.46044,703.8,786.0,0.216,0.58853,0.49831,565.0,850.6,0.681,0.68324,0.43573,655.9,743.8,0.394,0.57083,0.49434,548.0,843.8,0.709,0.67693,0.42708,649.9,729.0,0.441,0.58215,0.48661,558.9,830.6,0.702,0.67021,0.42531,643.4,726.0,0.429,0.58959,0.48903,566.0,834.8,0.626,0.67097,0.43005,644.1,734.1,0.418,0.76667,0.56082,736.0,957.3,1.0,0.81467,0.55939,782.1,954.9,1.0,0.62414,0.56182,599.2,959.0,0.93,0.71384,0.55625,685.3,949.5,0.724,0.53105,0.61297,509.8,1046.3,0.961,0.70721,0.61309,678.9,1046.5,0.898,0.52123,0.63065,500.4,1076.5,0.959,0.72856,0.62529,699.4,1067.4,0.915,0.48299,0.59863,463.7,1021.9,0.943,0.67336,0.6205,646.4,1059.2,0.836
431,11.903,960,1707,0.66165,0.47237,635.2,806.3,1.0,0.65797,0.46697,631.7,797.1,1.0,0.6573,0.46683,631.0,796.9,1.0,0.65639,0.46712,630.1,797.4,1.0,0.66204,0.46544,635.6,794.5,1.0,0.66405,0.46465,637.5,793.2,1.0,0.66583,0.46426,639.2,792.5,1.0,0.66099,0.46784,634.6,798.6,1.0,0.67474,0.46216,647.8,788.9,1.0,0.66683,0.47391,640.2,809.0,1.0,0.67174,0.47308,644.9,807.5,1.0,0.67061,0.47995,643.8,819.3,1.0,0.7449,0.46039,715.1,785.9,1.0,0.62174,0.52386,596.9,894.2,0.696,0.73907,0.45973,709.5,784.8,0.201,0.58834,0.49839,564.8,850.8,0.685,0.68396,0.43712,656.6,746.2,0.368,0.57045,0.49514,547.6,845.2,0.713,0.67743,0.42874,650.3,731.9,0.417,0.58132,0.4868,558.1,831.0,0.706,0.67127,0.42537,644.4,726.1,0.405,0.58857,0.48919,565.0,835.0,0.628,0.67205,0.43126,645.2,736.2,0.394,0.77467,0.55921,743.7,954.6,1.0,0.82331,0.55586,790.4,948.9,1.0,0.63115,0.56596,605.9,966.1,0.934,0.72059,0.55623,691.8,949.5,0.681,0.53157,0.61356,510.3,1047.3,0.962,0.70906,0.61193,680.7,1044.6,0.869,0.52133,0.63062,500.5,1076.5,0.961,0.7341,0.62396,704.7,1065.1,0.894,0.48273,0.59954,463.4,1023.4,0.945,0.68353,0.6182,656.2,1055.3,0.806
432,11.931,960,1707,0.65967,0.47674,633.3,813.8,1.0,0.657,0.47002,630.7,802.3,1.0,0.6568,0.46906,630.5,800.7,1.0,0.65624,0.46847,630.0,799.7,1.0,0.65982,0.46941,633.4,801.3,1.0,0.6616,0.46809,635.1,799.0,1.0,0.66312,0.46692,636.6,797.0,1.0,0.66153,0.46771,635.1,798.4,1.0,0.67231,0.46257,645.4,789.6,1.0,0.66638,0.47701,639.7,814.3,1.0,0.67025,0.47685,643.4,814.0,1.0,0.67126,0.48027,644.4,819.8,1.0,0.7444,0.4617,714.6,788.1,1.0,0.625,0.5238,600.0,894.1,0.656,0.74165,0.4624,712.0,789.3,0.182,0.58938,0.49778,565.8,849.7,0.65,0.68507,0.4418,657.7,754.2,0.332,0.57134,0.49457,548.5,844.2,0.684,0.68011,0.43431,652.9,741.4,0.377,0.58138,0.48648,558.1,830.4,0.676,0.67445,0.43223,647.5,737.8,0.366,0.58859,0.48863,565.0,834.1,0.597,0.67438,0.43702,647.4,746.0,0.356,0.77928,0.55945,748.1,955.0,1.0,0.8264,0.55475,793.3,947.0,1.0,0.63635,0.56941,610.9,972.0,0.929,0.72988,0.55969,700.7,955.4,0.628,0.53176,0.61449,510.5,1048.9,0.96,0.71661,0.61695,687.9,1053.1,0.827,0.5201,0.63067,499.3,1076.5,0.96,0.74151,0.62906,711.8,1073.8,0.862,0.4857,0.5981,466.3,1021.0,0.943,0.68333,0.6217,656.0,1061.2,0.762
433,11.958,960,1707,0.65905,0.47859,632.7,816.9,1.0,0.65681,0.47253,630.5,806.6,1.0,0.65666,0.47182,630.4,805.4,1.0,0.65618,0.47131,629.9,804.5,1.0,0.6596,0.47137,633.2,804.6,1.0,0.66141,0.46989,635.0,802.1,1.0,0.66294,0.46849,636.4,799.7,1.0,0.6619,0.46925,635.4,801.0,1.0,0.67244,0.4636,645.5,791.4,1.0,0.66608,0.47958,639.4,818.6,1.0,0.66966,0.47865,642.9,817.1,1.0,0.67274,0.48364,645.8,825.6,1.0,0.74363,0.46288,713.9,790.1,1.0,0.63094,0.52381,605.7,894.2,0.624,0.7328,0.46223,703.5,789.0,0.167,0.59263,0.49796,568.9,850.0,0.639,0.68444,0.43708,657.1,746.1,0.307,0.5752,0.49465,552.2,844.4,0.677,0.679,0.42851,651.8,731.5,0.354,0.58348,0.48669,560.1,830.8,0.669,0.67337,0.426,646.4,727.2,0.344,0.5905,0.48888,566.9,834.5,0.586,0.67453,0.43096,647.5,735.7,0.333,0.78487,0.55963,753.5,955.3,1.0,0.82571,0.55348,792.7,944.8,1.0,0.6403,0.57099,614.7,974.7,0.927,0.72099,0.56308,692.1,961.2,0.586,0.53002,0.61468,508.8,1049.3,0.959,0.72028,0.61691,691.5,1053.1,0.79,0.51536,0.63063,494.7,1076.5,0.96,0.74699,0.63081,717.1,1076.8,0.835,0.48484,0.59824,465.5,1021.2,0.943,0.68342,0.6238,656.1,1064.8,0.728
434,11.986,960,1707,0.65726,0.47904,631.0,817.7,1.0,0.65568,0.47334,629.4,808.0,1.0,0.65582,0.47284,629.6,807.1,1.0,0.65565,0.47246,629.4,806.5,1.0,0.6582,0.47211,631.9,805.9,1.0,0.66012,0.47076,633.7,803.6,1.0,0.66175,0.46946,635.3,801.4,1.0,0.66217,0.47002,635.7,802.3,1.0,0.67176,0.46473,644.9,793.3,1.0,0.66533,0.48068,638.7,820.5,1.0,0.66849,0.47956,641.8,818.6,1.0,0.67531,0.48744,648.3,832.1,1.0,0.74164,0.4632,712.0,790.7,1.0,0.63315,0.52309,607.8,892.9,0.579,0.72413,0.45992,695.2,785.1,0.155,0.59258,0.49644,568.9,847.4,0.604,0.68352,0.4322,656.2,737.8,0.288,0.57527,0.4935,552.3,842.4,0.647,0.6783,0.4228,651.2,721.7,0.337,0.58346,0.4862,560.1,829.9,0.639,0.67292,0.42117,646.0,718.9,0.326,0.59036,0.48781,566.7,832.7,0.555,0.6745,0.4256,647.5,726.5,0.315,0.79452,0.56153,762.7,958.5,0.999,0.82843,0.55433,795.3,946.2,1.0,0.6474,0.57304,621.5,978.2,0.911,0.72416,0.55872,695.2,953.7,0.535,0.53001,0.61464,508.8,1049.2,0.951,0.72067,0.61768,691.8,1054.4,0.729,0.51594,0.63061,495.3,1076.5,0.954,0.74076,0.62905,711.1,1073.8,0.781,0.48456,0.59898,465.2,1022.5,0.936,0.68134,0.62152,654.1,1060.9,0.671
435,12.014,960,1707,0.65586,0.4788,629.6,817.3,1.0,0.65446,0.47336,628.3,808.0,1.0,0.65472,0.47305,628.5,807.5,1.0,0.65472,0.47285,628.5,807.2,1.0,0.65683,0.47205,630.6,805.8,1.0,0.65871,0.4708,632.4,803.6,1.0,0.66038,0.46956,634.0,801.5,1.0,0.66173,0.47105,635.3,804.1,1.0,0.67033,0.46534,643.5,794.3,1.0,0.6637,0.48098,637.1,821.0,1.0,0.66638,0.47972,639.7,818.9,0.999,0.67542,0.4936,648.4,842.6,1.0,0.74124,0.46338,711.6,791.0,1.0,0.63182,0.5239,606.5,894.3,0.529,0.73725,0.45892,707.8,783.4,0.141,0.59236,0.49645,568.7,847.4,0.557,0.68187,0.43366,654.6,740.3,0.264,0.57522,0.49349,552.2,842.4,0.602,0.67709,0.42479,650.0,725.1,0.31,0.58345,0.48622,560.1,830.0,0.594,0.67171,0.4231,644.8,722.2,0.3,0.59022,0.48783,566.6,832.7,0.514,0.67386,0.42766,646.9,730.0,0.289,0.79124,0.56466,759.6,963.9,0.999,0.83159,0.55633,798.3,949.7,0.999,0.64591,0.57293,620.1,978.0,0.876,0.72096,0.55285,692.1,943.7,0.484,0.52999,0.61436,508.8,1048.7,0.928,0.71544,0.61259,686.8,1045.7,0.663,0.51518,0.62976,494.6,1075.0,0.939,0.73299,0.62244,703.7,1062.5,0.717,0.48529,0.59894,465.9,1022.4,0.915,0.6779,0.61187,650.8,1044.5,0.61
436,12.041,960,1707,0.65595,0.47785,629.7,815.7,1.0,0.65479,0.47312,628.6,807.6,1.0,0.65492,0.47298,628.7,807.4,1.0,0.65471,0.47291,628.5,807.3,1.0,0.65707,0.47105,630.8,804.1,1.0,0.65897,0.46991,632.6,802.1,1.0,0.66061,0.46885,634.2,800.3,1.0,0.66134,0.47263,634.9,806.8,1.0,0.67088,0.46548,644.0,794.6,1.0,0.66393,0.48094,637.4,821.0,1.0,0.66681,0.4797,640.1,818.9,0.999,0.6754,0.49725,648.4,848.8,1.0,0.74183,0.46409,712.2,792.2,1.0,0.63157,0.5256,606.3,897.2,0.498,0.73392,0.46009,704.6,785.4,0.146,0.5923,0.49666,568.6,847.8,0.55,0.68292,0.42996,655.6,733.9,0.289,0.57574,0.49352,552.7,842.4,0.6,0.67727,0.42194,650.2,720.3,0.34,0.58382,0.48649,560.5,830.4,0.592,0.67155,0.42215,644.7,720.6,0.331,0.59046,0.48805,566.8,833.1,0.508,0.67405,0.42562,647.1,726.5,0.312,0.79354,0.56906,761.8,971.4,0.999,0.83374,0.55736,800.4,951.4,0.999,0.64902,0.57405,623.1,979.9,0.875,0.72885,0.55303,699.7,944.0,0.44,0.52994,0.61432,508.7,1048.7,0.925,0.7149,0.61371,686.3,1047.6,0.607,0.51304,0.62976,492.5,1075.0,0.94,0.73362,0.62513,704.3,1067.1,0.67,0.48442,0.59817,465.0,1021.1,0.916,0.676,0.6142,649.0,1048.4,0.563
437,12.069,960,1707,0.65635,0.47625,630.1,813.0,1.0,0.655,0.47206,628.8,805.8,1.0,0.6551,0.47235,628.9,806.3,1.0,0.65487,0.47265,628.7,806.8,1.0,0.65746,0.46976,631.2,801.9,1.0,0.65937,0.46879,633.0,800.2,1.0,0.66102,0.46787,634.6,798.7,1.0,0.66143,0.47282,635.0,807.1,1.0,0.67118,0.46546,644.3,794.5,1.0,0.66394,0.48092,637.4,820.9,1.0,0.6668,0.47954,640.1,818.6,0.999,0.67628,0.50281,649.2,858.3,1.0,0.74166,0.4654,712.0,794.4,1.0,0.62922,0.52809,604.1,901.5,0.468,0.7238,0.45326,694.8,773.7,0.152,0.59188,0.49672,568.2,847.9,0.544,0.68218,0.42452,654.9,724.7,0.33,0.57572,0.4932,552.7,841.9,0.598,0.67507,0.41599,648.1,710.1,0.383,0.58399,0.48628,560.6,830.1,0.591,0.6693,0.4174,642.5,712.5,0.374,0.59047,0.48802,566.8,833.1,0.505,0.67144,0.42071,644.6,718.2,0.35,0.78923,0.57265,757.7,977.5,0.999,0.83564,0.56303,802.2,961.1,0.999,0.64541,0.57416,619.6,980.1,0.867,0.7355,0.56941,706.1,972.0,0.401,0.5276,0.6145,506.5,1048.9,0.921,0.71747,0.61325,688.8,1046.8,0.556,0.50865,0.62972,488.3,1074.9,0.939,0.7355,0.62469,706.1,1066.4,0.623,0.48433,0.59401,465.0,1014.0,0.915,0.6807,0.61626,653.5,1052.0,0.517
438,12.096,960,1707,0.65671,0.47652,630.4,813.4,1.0,0.65504,0.47213,628.8,805.9,1.0,0.65531,0.47246,629.1,806.5,1.0,0.6553,0.47286,629.1,807.2,1.0,0.65773,0.46983,631.4,802.0,1.0,0.65963,0.46889,633.2,800.4,1.0,0.66127,0.46803,634.8,798.9,1.0,0.66267,0.47347,636.2,808.2,1.0,0.67137,0.46599,644.5,795.4,1.0,0.66393,0.48165,637.4,822.2,1.0,0.66675,0.48,640.1,819.4,0.999,0.67669,0.50562,649.6,863.1,1.0,0.74195,0.46769,712.3,798.3,1.0,0.62841,0.53084,603.3,906.1,0.43,0.72205,0.45489,693.2,776.5,0.138,0.59138,0.497,567.7,848.4,0.516,0.68047,0.42746,653.3,729.7,0.304,0.57568,0.49321,552.7,841.9,0.575,0.6727,0.41798,645.8,713.5,0.356,0.584,0.48628,560.6,830.1,0.568,0.66767,0.41919,641.0,715.6,0.348,0.59046,0.48805,566.8,833.1,0.482,0.6697,0.42295,642.9,722.0,0.325,0.78748,0.57549,756.0,982.4,0.999,0.83659,0.56622,803.1,966.5,0.999,0.64555,0.57447,619.7,980.6,0.814,0.74124,0.5815,711.6,992.6,0.365,0.5275,0.615,506.4,1049.8,0.893,0.72167,0.61444,692.8,1048.9,0.505,0.50707,0.62968,486.8,1074.9,0.917,0.74346,0.62532,713.7,1067.4,0.571,0.48811,0.59115,468.6,1009.1,0.888,0.68384,0.61891,656.5,1056.5,0.47
439,12.124,960,1707,0.65719,0.47612,630.9,812.7,1.0,0.65627,0.4719,630.0,805.5,1.0,0.65669,0.47237,630.4,806.3,1.0,0.65692,0.47284,630.6,807.1,1.0,0.65835,0.46953,632.0,801.5,1.0,0.66014,0.4686,633.7,799.9,1.0,0.66172,0.46773,635.3,798.4,1.0,0.66455,0.47379,638.0,808.8,1.0,0.67175,0.46592,644.9,795.3,1.0,0.66399,0.48155,637.4,822.0,1.0,0.66687,0.47995,640.2,819.3,0.999,0.6783,0.5071,651.2,865.6,1.0,0.74172,0.46892,712.1,800.5,1.0,0.62717,0.53157,602.1,907.4,0.413,0.7175,0.45574,688.8,778.0,0.131,0.59042,0.49696,566.8,848.3,0.516,0.67885,0.42969,651.7,733.5,0.291,0.57515,0.4926,552.1,840.9,0.578,0.6712,0.41912,644.4,715.4,0.345,0.584,0.48585,560.6,829.4,0.572,0.66637,0.42076,639.7,718.2,0.337,0.59038,0.48766,566.8,832.4,0.484,0.6679,0.42467,641.2,724.9,0.313,0.78554,0.57587,754.1,983.0,0.999,0.8328,0.56621,799.5,966.5,0.999,0.64366,0.57423,617.9,980.2,0.821,0.71196,0.56137,683.5,958.3,0.337,0.52685,0.61509,505.8,1050.0,0.898,0.71943,0.61162,690.7,1044.0,0.469,0.50762,0.62968,487.3,1074.9,0.92,0.7417,0.61979,712.0,1058.0,0.539,0.48621,0.59187,466.8,1010.3,0.894,0.68364,0.61717,656.3,1053.5,0.438
440,12.152,960,1707,0.65724,0.47556,630.9,811.8,1.0,0.65742,0.47118,631.1,804.3,1.0,0.65816,0.47164,631.8,805.1,1.0,0.65873,0.47218,632.4,806.0,1.0,0.65887,0.46906,632.5,800.7,1.0,0.66068,0.46817,634.3,799.2,1.0,0.66235,0.46733,635.9,797.7,1.0,0.66758,0.47363,640.9,808.5,1.0,0.67316,0.46591,646.2,795.3,1.0,0.66404,0.48147,637.5,821.9,1.0,0.66691,0.47983,640.2,819.1,0.999,0.67872,0.50779,651.6,866.8,1.0,0.74182,0.47297,712.1,807.4,0.999,0.6266,0.53241,601.5,908.8,0.384,0.73162,0.46279,702.4,790.0,0.119,0.58967,0.49659,566.1,847.7,0.495,0.67809,0.43067,651.0,735.2,0.266,0.57462,0.4915,551.6,839.0,0.559,0.6706,0.42079,643.8,718.3,0.318,0.58403,0.48504,560.7,828.0,0.553,0.66524,0.42194,638.6,720.3,0.31,0.59038,0.48701,566.8,831.3,0.466,0.66676,0.42537,640.1,726.1,0.288,0.78429,0.57818,752.9,987.0,0.999,0.8306,0.56812,797.4,969.8,0.999,0.6431,0.57518,617.4,981.8,0.775,0.72095,0.56977,692.1,972.6,0.306,0.52679,0.61524,505.7,1050.2,0.879,0.71755,0.61045,688.8,1042.0,0.427,0.50703,0.62966,486.7,1074.8,0.904,0.73956,0.61936,710.0,1057.2,0.495,0.48614,0.59201,466.7,1010.6,0.874,0.6835,0.61836,656.2,1055.5,0.399
441,12.179,960,1707,0.66211,0.47168,635.6,805.2,1.0,0.66166,0.46717,635.2,797.5,1.0,0.66149,0.46782,635.0,798.6,1.0,0.66122,0.46861,634.8,799.9,1.0,0.66503,0.46476,638.4,793.4,1.0,0.66716,0.46387,640.5,791.8,1.0,0.66911,0.46305,642.3,790.4,1.0,0.66827,0.47156,641.5,804.9,1.0,0.67921,0.46326,652.0,790.8,1.0,0.66611,0.47825,639.5,816.4,1.0,0.66978,0.47627,643.0,813.0,0.999,0.67837,0.50762,651.2,866.5,1.0,0.74194,0.47349,712.3,808.3,0.999,0.62636,0.53263,601.3,909.2,0.361,0.73576,0.46343,706.3,791.1,0.109,0.58942,0.49661,565.8,847.7,0.47,0.67782,0.43258,650.7,738.4,0.242,0.5746,0.49154,551.6,839.1,0.535,0.67059,0.42174,643.8,719.9,0.29,0.58444,0.48503,561.1,828.0,0.529,0.66557,0.42271,638.9,721.6,0.283,0.59079,0.48697,567.2,831.3,0.445,0.66631,0.42597,639.7,727.1,0.263,0.78342,0.57851,752.1,987.5,0.999,0.83037,0.56822,797.2,970.0,0.999,0.64263,0.57616,616.9,983.5,0.769,0.71678,0.55909,688.1,954.4,0.279,0.52473,0.61621,503.7,1051.9,0.876,0.71652,0.61007,687.9,1041.4,0.391,0.50522,0.62978,485.0,1075.0,0.901,0.73992,0.61952,710.3,1057.5,0.46,0.4853,0.59234,465.9,1011.1,0.87,0.68327,0.61559,655.9,1050.8,0.366
442,12.207,960,1707,0.66561,0.46998,639.0,802.3,1.0,0.66512,0.46597,638.5,795.4,1.0,0.66475,0.46671,638.2,796.7,1.0,0.66424,0.46758,637.7,798.2,1.0,0.66864,0.46344,641.9,791.1,1.0,0.67081,0.46251,644.0,789.5,1.0,0.67282,0.46158,645.9,787.9,1.0,0.67099,0.47099,644.1,804.0,1.0,0.68308,0.46217,655.8,788.9,1.0,0.66844,0.47686,641.7,814.0,1.0,0.67219,0.47455,645.3,810.1,0.999,0.67863,0.5093,651.5,869.4,1.0,0.74119,0.47326,711.5,807.9,0.999,0.62528,0.5332,600.3,910.2,0.351,0.73469,0.46215,705.3,788.9,0.102,0.58885,0.49663,565.3,847.7,0.462,0.6775,0.43293,650.4,739.0,0.225,0.57436,0.49158,551.4,839.1,0.526,0.67068,0.42172,643.9,719.9,0.272,0.58442,0.48505,561.0,828.0,0.52,0.66585,0.42321,639.2,722.4,0.265,0.59078,0.48699,567.1,831.3,0.437,0.66631,0.42633,639.7,727.7,0.246,0.7827,0.57919,751.4,988.7,0.999,0.82966,0.56809,796.5,969.7,0.999,0.64025,0.57603,614.6,983.3,0.77,0.717,0.56491,688.3,964.3,0.264,0.52159,0.6175,500.7,1054.1,0.878,0.71596,0.60616,687.3,1034.7,0.364,0.50323,0.6302,483.1,1075.8,0.9,0.73851,0.61431,709.0,1048.6,0.432,0.48448,0.59258,465.1,1011.5,0.872,0.70331,0.61118,675.2,1043.3,0.342
443,12.235,960,1707,0.66614,0.46816,639.5,799.2,1.0,0.6655,0.46437,638.9,792.7,1.0,0.66524,0.46513,638.6,794.0,1.0,0.66482,0.46601,638.2,795.5,1.0,0.66916,0.46199,642.4,788.6,1.0,0.6716,0.46111,644.7,787.1,1.0,0.67385,0.46026,646.9,785.7,1.0,0.67182,0.4695,644.9,801.4,1.0,0.68433,0.46103,657.0,787.0,1.0,0.66967,0.47537,642.9,811.5,1.0,0.67354,0.47315,646.6,807.7,0.999,0.67898,0.50947,651.8,869.7,1.0,0.74086,0.47375,711.2,808.7,0.999,0.62471,0.5329,599.7,909.7,0.349,0.71671,0.46177,688.0,788.2,0.102,0.58871,0.4964,565.2,847.4,0.457,0.67524,0.43289,648.2,738.9,0.214,0.57435,0.49148,551.4,839.0,0.519,0.66943,0.42178,642.7,720.0,0.261,0.58441,0.48507,561.0,828.0,0.514,0.66551,0.42353,638.9,723.0,0.255,0.59077,0.48699,567.1,831.3,0.433,0.66514,0.4267,638.5,728.4,0.236,0.7837,0.5802,752.3,990.4,0.999,0.82259,0.56744,789.7,968.6,0.999,0.63737,0.57617,611.9,983.5,0.789,0.6859,0.55216,658.5,942.5,0.243,0.51874,0.61837,498.0,1055.5,0.887,0.67836,0.59841,651.2,1021.5,0.34,0.5004,0.631,480.4,1077.1,0.907,0.65354,0.61574,627.4,1051.1,0.413,0.48212,0.59397,462.8,1013.9,0.882,0.60258,0.60427,578.5,1031.5,0.328
444,12.262,960,1707,0.66782,0.46595,641.1,795.4,1.0,0.6675,0.46211,640.8,788.8,1.0,0.66738,0.46275,640.7,789.9,1.0,0.66708,0.46351,640.4,791.2,1.0,0.67097,0.45987,644.1,785.0,1.0,0.6734,0.45896,646.5,783.4,1.0,0.67563,0.45807,648.6,781.9,1.0,0.67441,0.46642,647.4,796.2,1.0,0.68673,0.45902,659.3,783.6,1.0,0.6721,0.47278,645.2,807.0,1.0,0.67548,0.4708,648.5,803.7,0.999,0.68198,0.50806,654.7,867.3,1.0,0.7411,0.47431,711.5,809.7,0.999,0.62441,0.5329,599.4,909.7,0.34,0.73263,0.46311,703.3,790.5,0.094,0.58789,0.49627,564.4,847.1,0.45,0.67491,0.4337,647.9,740.3,0.197,0.57359,0.49133,550.6,838.7,0.512,0.66965,0.42188,642.9,720.2,0.242,0.58377,0.48507,560.4,828.0,0.507,0.66564,0.42443,639.0,724.5,0.236,0.5902,0.48699,566.6,831.3,0.427,0.66511,0.42804,638.5,730.7,0.219,0.78525,0.58048,753.8,990.9,0.999,0.8223,0.56699,789.4,967.9,0.999,0.63673,0.57583,611.3,982.9,0.798,0.68471,0.55039,657.3,939.5,0.225,0.51778,0.6186,497.1,1056.0,0.895,0.68642,0.60265,659.0,1028.7,0.322,0.50006,0.63113,480.1,1077.3,0.912,0.68998,0.61546,662.4,1050.6,0.398,0.47994,0.59449,460.7,1014.8,0.89,0.61849,0.60788,593.7,1037.7,0.313
445,12.29,960,1707,0.66854,0.46277,641.8,790.0,1.0,0.66775,0.45873,641.0,783.1,1.0,0.66756,0.45924,640.9,783.9,1.0,0.66716,0.45987,640.5,785.0,1.0,0.67123,0.45654,644.4,779.3,1.0,0.67364,0.45546,646.7,777.5,1.0,0.67583,0.45438,648.8,775.6,1.0,0.67405,0.46222,647.1,789.0,1.0,0.68657,0.45519,659.1,777.0,1.0,0.67275,0.46974,645.8,801.8,1.0,0.6762,0.46779,649.1,798.5,0.999,0.68215,0.50778,654.9,866.8,1.0,0.7412,0.47407,711.5,809.2,0.999,0.62439,0.53277,599.4,909.4,0.327,0.73871,0.46296,709.2,790.3,0.087,0.58717,0.49627,563.7,847.1,0.435,0.67506,0.43308,648.1,739.3,0.181,0.57297,0.49135,550.0,838.7,0.497,0.66981,0.42215,643.0,720.6,0.225,0.58307,0.48509,559.7,828.0,0.492,0.66613,0.42454,639.5,724.7,0.219,0.58946,0.48701,565.9,831.3,0.414,0.66527,0.42829,638.7,731.1,0.203,0.7855,0.57978,754.1,989.7,0.999,0.82359,0.56675,790.6,967.4,0.999,0.63622,0.57543,610.8,982.3,0.804,0.68743,0.55338,659.9,944.6,0.208,0.51767,0.61899,497.0,1056.6,0.9,0.69627,0.60378,668.4,1030.7,0.303,0.5005,0.63173,480.5,1078.4,0.915,0.71503,0.61524,686.4,1050.2,0.38,0.47796,0.59524,458.8,1016.1,0.894,0.64451,0.60836,618.7,1038.5,0.295
446,12.317,960,1707,0.66901,0.45911,642.2,783.7,1.0,0.66754,0.4555,640.8,777.5,1.0,0.66728,0.45607,640.6,778.5,1.0,0.66684,0.45673,640.2,779.6,1.0,0.67127,0.45302,644.4,773.3,1.0,0.67378,0.45183,646.8,771.3,1.0,0.67617,0.45061,649.1,769.2,1.0,0.6739,0.45897,646.9,783.5,1.0,0.68687,0.4515,659.4,770.7,1.0,0.67291,0.46643,646.0,796.2,1.0,0.67683,0.4641,649.8,792.2,0.999,0.68235,0.50405,655.1,860.4,1.0,0.74119,0.47315,711.5,807.7,0.999,0.62435,0.5326,599.4,909.2,0.314,0.72387,0.46302,694.9,790.4,0.081,0.58643,0.49624,563.0,847.1,0.419,0.67527,0.43269,648.3,738.6,0.167,0.57215,0.49137,549.3,838.8,0.48,0.67012,0.42206,643.3,720.5,0.209,0.58228,0.4851,559.0,828.1,0.475,0.66656,0.42457,639.9,724.7,0.204,0.58878,0.48702,565.2,831.3,0.399,0.66561,0.42845,639.0,731.4,0.189,0.78532,0.57922,753.9,988.7,0.999,0.8236,0.56566,790.7,965.6,0.999,0.63472,0.57315,609.3,978.4,0.81,0.69252,0.55553,664.8,948.3,0.194,0.51812,0.61904,497.4,1056.7,0.905,0.69715,0.60505,669.3,1032.8,0.288,0.50084,0.63211,480.8,1079.0,0.918,0.72001,0.61644,691.2,1052.3,0.368,0.47809,0.59534,459.0,1016.3,0.899,0.64643,0.60961,620.6,1040.6,0.282
447,12.345,960,1707,0.66681,0.45579,640.1,778.0,1.0,0.66569,0.45242,639.1,772.3,1.0,0.66555,0.45303,638.9,773.3,1.0,0.66521,0.45373,638.6,774.5,1.0,0.66908,0.45024,642.3,768.6,1.0,0.67152,0.44929,644.7,766.9,1.0,0.67384,0.44833,646.9,765.3,1.0,0.67226,0.45597,645.4,778.3,1.0,0.68492,0.4492,657.5,766.8,1.0,0.67074,0.46327,643.9,790.8,0.999,0.67419,0.46102,647.2,787.0,0.999,0.68229,0.49893,655.0,851.7,1.0,0.74028,0.46973,710.7,801.8,0.999,0.62386,0.53161,598.9,907.5,0.303,0.73102,0.46291,701.8,790.2,0.075,0.58596,0.49624,562.5,847.1,0.411,0.67447,0.43279,647.5,738.8,0.154,0.57126,0.49171,548.4,839.3,0.473,0.67016,0.42278,643.3,721.7,0.195,0.58124,0.48527,558.0,828.4,0.468,0.66664,0.42493,640.0,725.4,0.19,0.58795,0.4871,564.4,831.5,0.392,0.66577,0.42855,639.1,731.5,0.176,0.78315,0.57592,751.8,983.1,0.999,0.82097,0.56331,788.1,961.6,0.999,0.63247,0.57043,607.2,973.7,0.812,0.69186,0.55638,664.2,949.7,0.183,0.51741,0.61977,496.7,1057.9,0.907,0.70072,0.60572,672.7,1034.0,0.274,0.50121,0.63296,481.2,1080.5,0.919,0.72613,0.61702,697.1,1053.3,0.356,0.47816,0.59621,459.0,1017.7,0.901,0.65598,0.61034,629.7,1041.9,0.269
448,12.373,960,1707,0.66343,0.45423,636.9,775.4,1.0,0.66349,0.45056,636.9,769.1,1.0,0.66365,0.45113,637.1,770.1,1.0,0.66363,0.45176,637.1,771.2,1.0,0.66582,0.44877,639.2,766.0,1.0,0.66774,0.44803,641.0,764.8,1.0,0.66953,0.44724,642.7,763.4,1.0,0.67121,0.45327,644.4,773.7,1.0,0.68073,0.44765,653.5,764.1,1.0,0.66689,0.4612,640.2,787.3,1.0,0.66851,0.45958,641.8,784.5,0.999,0.68223,0.49308,654.9,841.7,1.0,0.73305,0.46749,703.7,798.0,0.999,0.62376,0.52984,598.8,904.4,0.298,0.7311,0.48176,701.9,822.4,0.068,0.58554,0.49622,562.1,847.0,0.396,0.67463,0.47677,647.6,813.8,0.139,0.57073,0.49171,547.9,839.4,0.458,0.66849,0.47491,641.7,810.7,0.176,0.58078,0.48528,557.6,828.4,0.453,0.66407,0.47618,637.5,812.8,0.172,0.5876,0.48713,564.1,831.5,0.379,0.66391,0.47764,637.4,815.3,0.159,0.78166,0.5716,750.4,975.7,0.999,0.81395,0.55868,781.4,953.7,0.999,0.63078,0.56704,605.5,967.9,0.814,0.67417,0.5533,647.2,944.5,0.179,0.51767,0.61982,497.0,1058.0,0.911,0.70218,0.60577,674.1,1034.1,0.269,0.50294,0.63335,482.8,1081.1,0.919,0.73169,0.61718,702.4,1053.5,0.351,0.47879,0.59621,459.6,1017.7,0.903,0.65703,0.61733,630.7,1053.8,0.262
449,12.4,960,1707,0.66219,0.44938,635.7,767.1,1.0,0.6603,0.44624,633.9,761.7,1.0,0.65977,0.44687,633.4,762.8,1.0,0.65902,0.44757,632.7,764.0,1.0,0.66419,0.44408,637.6,758.1,1.0,0.6665,0.44309,639.8,756.4,1.0,0.66873,0.44203,642.0,754.5,1.0,0.66337,0.4499,636.8,768.0,1.0,0.68007,0.44249,652.9,755.3,1.0,0.66521,0.45593,638.6,778.3,1.0,0.66823,0.4539,641.5,774.8,0.999,0.67857,0.48876,651.4,834.3,1.0,0.73246,0.46326,703.2,790.8,0.999,0.62246,0.52869,597.6,902.5,0.302,0.74497,0.48181,715.2,822.4,0.062,0.58538,0.49622,562.0,847.0,0.384,0.69198,0.47941,664.3,818.4,0.126,0.57075,0.49188,547.9,839.6,0.444,0.68298,0.47811,655.7,816.1,0.16,0.5807,0.48566,557.5,829.0,0.438,0.67428,0.47943,647.3,818.4,0.156,0.58731,0.48726,563.8,831.7,0.367,0.6744,0.48064,647.4,820.4,0.145,0.77222,0.56591,741.3,966.0,0.999,0.80674,0.55429,774.5,946.2,0.999,0.62624,0.56356,601.2,962.0,0.827,0.6711,0.55049,644.3,939.7,0.176,0.52095,0.61992,500.1,1058.2,0.914,0.70238,0.60597,674.3,1034.4,0.267,0.5088,0.63357,488.4,1081.5,0.92,0.73185,0.61749,702.6,1054.0,0.353,0.47882,0.59803,459.7,1020.8,0.904,0.65793,0.61852,631.6,1055.8,0.258
450,12.428,960,1707,0.6577,0.44521,631.4,760.0,1.0,0.65579,0.44205,629.6,754.6,1.0,0.65533,0.44273,629.1,755.7,1.0,0.65469,0.4435,628.5,757.1,1.0,0.65971,0.43977,633.3,750.7,1.0,0.66217,0.43871,635.7,748.9,1.0,0.66462,0.43754,638.0,746.9,1.0,0.65913,0.44645,632.8,762.1,1.0,0.67683,0.43811,649.8,747.9,1.0,0.66153,0.45178,635.1,771.2,1.0,0.66512,0.44984,638.5,767.9,0.999,0.67347,0.48375,646.5,825.8,1.0,0.72876,0.45754,699.6,781.0,0.999,0.62313,0.52565,598.2,897.3,0.306,0.74674,0.48175,716.9,822.3,0.056,0.58669,0.49621,563.2,847.0,0.368,0.6929,0.48008,665.2,819.5,0.114,0.57252,0.49206,549.6,839.9,0.426,0.68358,0.47887,656.2,817.4,0.145,0.58103,0.4862,557.8,829.9,0.42,0.6741,0.48012,647.1,819.6,0.142,0.58742,0.48761,563.9,832.3,0.352,0.6744,0.48123,647.4,821.5,0.132,0.75663,0.55992,726.4,955.8,0.999,0.79345,0.54857,761.7,936.4,0.999,0.61964,0.55853,594.9,953.4,0.838,0.66878,0.54815,642.0,935.7,0.176,0.5209,0.61976,500.1,1057.9,0.918,0.70285,0.60613,674.7,1034.7,0.276,0.50924,0.63355,488.9,1081.5,0.922,0.73146,0.61701,702.2,1053.2,0.364,0.47814,0.59799,459.0,1020.8,0.907,0.65897,0.61829,632.6,1055.4,0.262
451,12.455,960,1707,0.64873,0.43888,622.8,749.2,1.0,0.64856,0.43603,622.6,744.3,1.0,0.64865,0.43682,622.7,745.7,1.0,0.64871,0.43771,622.8,747.2,1.0,0.65128,0.43385,625.2,740.6,1.0,0.65337,0.43309,627.2,739.3,1.0,0.6555,0.43229,629.3,737.9,1.0,0.65481,0.4407,628.6,752.3,1.0,0.66791,0.43286,641.2,738.9,1.0,0.65368,0.44518,627.5,759.9,0.999,0.65633,0.44366,630.1,757.3,0.999,0.66702,0.47786,640.3,815.7,1.0,0.72627,0.44917,697.2,766.7,0.999,0.62381,0.52462,598.9,895.5,0.296,0.74839,0.47975,718.5,818.9,0.051,0.58884,0.49621,565.3,847.0,0.348,0.6912,0.47902,663.6,817.7,0.103,0.57507,0.49307,552.1,841.7,0.405,0.68776,0.47838,660.3,816.6,0.132,0.58282,0.4869,559.5,831.1,0.399,0.6781,0.47945,651.0,818.4,0.129,0.5899,0.48806,566.3,833.1,0.335,0.67882,0.48059,651.7,820.4,0.12,0.74868,0.55421,718.7,946.0,0.999,0.78831,0.54643,756.8,932.8,0.999,0.61624,0.55219,591.6,942.6,0.835,0.66461,0.54955,638.0,938.1,0.176,0.52653,0.61654,505.5,1052.4,0.913,0.70141,0.6065,673.4,1035.3,0.282,0.52525,0.63122,504.2,1077.5,0.914,0.73057,0.61823,701.3,1055.3,0.373,0.48425,0.60108,464.9,1026.0,0.896,0.65619,0.62399,629.9,1065.1,0.262
452,12.483,960,1707,0.64159,0.43439,615.9,741.5,1.0,0.64089,0.43015,615.3,734.3,1.0,0.64087,0.43056,615.2,735.0,1.0,0.64079,0.43108,615.2,735.9,1.0,0.64354,0.42841,617.8,731.3,1.0,0.64543,0.42759,619.6,729.9,1.0,0.6472,0.42683,621.3,728.6,1.0,0.64856,0.43341,622.6,739.8,1.0,0.6596,0.42725,633.2,729.3,1.0,0.64768,0.44014,621.8,751.3,0.999,0.65042,0.43911,624.4,749.6,0.999,0.66386,0.4704,637.3,803.0,1.0,0.72517,0.44435,696.2,758.5,0.999,0.62373,0.52213,598.8,891.3,0.28,0.74642,0.47943,716.6,818.4,0.046,0.59401,0.49682,570.2,848.1,0.324,0.68836,0.48087,660.8,820.8,0.093,0.5809,0.49356,557.7,842.5,0.381,0.68594,0.47961,658.5,818.7,0.12,0.59243,0.48735,568.7,831.9,0.375,0.67768,0.4802,650.6,819.7,0.117,0.59866,0.48854,574.7,833.9,0.316,0.67785,0.48106,650.7,821.2,0.109,0.74609,0.5496,716.2,938.2,0.999,0.78842,0.54093,756.9,923.4,0.999,0.6122,0.5496,587.7,938.2,0.827,0.67332,0.54993,646.4,938.7,0.175,0.52618,0.61624,505.1,1051.9,0.911,0.70397,0.60663,675.8,1035.5,0.29,0.52307,0.63134,502.1,1077.7,0.908,0.73449,0.61833,705.1,1055.5,0.383,0.48329,0.60114,464.0,1026.1,0.89,0.66059,0.62283,634.2,1063.2,0.263
453,12.511,960,1707,0.6417,0.42662,616.0,728.2,1.0,0.63856,0.42248,613.0,721.2,1.0,0.63754,0.42301,612.0,722.1,1.0,0.6364,0.42361,610.9,723.1,1.0,0.64302,0.42042,617.3,717.6,1.0,0.64516,0.41953,619.4,716.1,1.0,0.6472,0.41863,621.3,714.6,1.0,0.64057,0.42632,615.0,727.7,1.0,0.65835,0.41893,632.0,715.1,1.0,0.64597,0.43247,620.1,738.2,0.999,0.65061,0.43096,624.6,735.6,0.999,0.65436,0.46567,628.2,794.9,1.0,0.72332,0.43886,694.4,749.1,0.999,0.6205,0.51864,595.7,885.3,0.287,0.74615,0.47906,716.3,817.8,0.042,0.59344,0.49597,569.7,846.6,0.315,0.6906,0.48096,663.0,821.0,0.085,0.58012,0.49346,556.9,842.3,0.371,0.68495,0.48016,657.6,819.6,0.109,0.59115,0.48691,567.5,831.2,0.364,0.6769,0.48009,649.8,819.5,0.107,0.59746,0.48801,573.6,833.0,0.307,0.67711,0.48109,650.0,821.2,0.1,0.73871,0.54174,709.2,924.7,1.0,0.78501,0.53368,753.6,911.0,0.999,0.60559,0.54485,581.4,930.1,0.84,0.67568,0.54879,648.6,936.8,0.186,0.52691,0.6141,505.8,1048.3,0.918,0.70401,0.60663,675.8,1035.5,0.329,0.52961,0.62798,508.4,1072.0,0.913,0.73419,0.61832,704.8,1055.5,0.417,0.48316,0.601,463.8,1025.9,0.897,0.66087,0.62215,634.4,1062.0,0.295
454,12.538,960,1707,0.63623,0.41946,610.8,716.0,1.0,0.63194,0.41521,606.7,708.8,1.0,0.63035,0.41592,605.1,710.0,1.0,0.6288,0.41668,603.6,711.3,1.0,0.63741,0.41322,611.9,705.4,1.0,0.63954,0.41255,614.0,704.2,1.0,0.64147,0.41186,615.8,703.1,1.0,0.63212,0.4199,606.8,716.8,1.0,0.65139,0.41284,625.3,704.7,1.0,0.63847,0.42607,612.9,727.3,0.999,0.64434,0.42435,618.6,724.4,0.999,0.64272,0.45901,617.0,783.5,1.0,0.71949,0.43361,690.7,740.2,0.999,0.61675,0.5123,592.1,874.5,0.286,0.73625,0.47892,706.8,817.5,0.038,0.5937,0.49707,570.0,848.5,0.298,0.67628,0.48203,649.2,822.8,0.076,0.58036,0.49709,557.1,848.5,0.351,0.67149,0.47931,644.6,818.2,0.099,0.5904,0.48989,566.8,836.2,0.344,0.66177,0.47866,635.3,817.1,0.097,0.59673,0.48989,572.9,836.2,0.29,0.66227,0.47973,635.8,818.9,0.091,0.72589,0.53557,696.9,914.2,1.0,0.77684,0.52958,745.8,904.0,0.999,0.59447,0.53955,570.7,921.0,0.844,0.66599,0.54805,639.3,935.5,0.185,0.52819,0.61184,507.1,1044.4,0.92,0.70416,0.60668,676.0,1035.6,0.353,0.52905,0.62765,507.9,1071.4,0.913,0.73396,0.61838,704.6,1055.6,0.441,0.48309,0.60067,463.8,1025.3,0.897,0.6619,0.62216,635.4,1062.0,0.31
455,12.566,960,1707,0.636,0.41196,610.6,703.2,0.999,0.63065,0.40766,605.4,695.9,1.0,0.62819,0.40836,603.1,697.1,1.0,0.62568,0.40916,600.6,698.4,1.0,0.63782,0.40577,612.3,692.6,1.0,0.64035,0.40508,614.7,691.5,1.0,0.6428,0.40437,617.1,690.3,1.0,0.62581,0.41235,600.8,703.9,1.0,0.65292,0.40495,626.8,691.2,1.0,0.63606,0.41847,610.6,714.3,0.999,0.64373,0.4165,618.0,711.0,0.999,0.63421,0.45189,608.8,771.4,1.0,0.71644,0.42828,687.8,731.1,0.999,0.61378,0.50719,589.2,865.8,0.304,0.73625,0.47839,706.8,816.6,0.035,0.5925,0.497,568.8,848.4,0.29,0.67659,0.47839,649.5,816.6,0.07,0.57954,0.49698,556.4,848.3,0.34,0.67274,0.47644,645.8,813.3,0.091,0.58889,0.48999,565.3,836.4,0.333,0.66319,0.4752,636.7,811.2,0.089,0.5944,0.48987,570.6,836.2,0.281,0.66373,0.47659,637.2,813.5,0.083,0.7205,0.52855,691.7,902.2,1.0,0.77279,0.52451,741.9,895.3,0.999,0.58718,0.53718,563.7,917.0,0.857,0.66256,0.54864,636.1,936.5,0.203,0.5289,0.61188,507.7,1044.5,0.927,0.7055,0.60796,677.3,1037.8,0.397,0.52957,0.62777,508.4,1071.6,0.919,0.7336,0.61846,704.3,1055.7,0.482,0.48374,0.60148,464.4,1026.7,0.903,0.66344,0.6221,636.9,1061.9,0.347
456,12.594,960,1707,0.62795,0.40768,602.8,695.9,0.999,0.62357,0.40272,598.6,687.4,1.0,0.62207,0.40308,597.2,688.1,1.0,0.6204,0.40359,595.6,688.9,1.0,0.6294,0.40099,604.2,684.5,1.0,0.63192,0.4002,606.6,683.1,1.0,0.63422,0.39948,608.8,681.9,1.0,0.62299,0.40607,598.1,693.2,1.0,0.64395,0.40062,618.2,683.9,1.0,0.63057,0.41428,605.4,707.2,0.999,0.63657,0.4127,611.1,704.5,0.999,0.62922,0.44684,604.1,762.8,1.0,0.71004,0.42383,681.6,723.5,0.999,0.61238,0.50402,587.9,860.4,0.303,0.72826,0.47575,699.1,812.1,0.031,0.58943,0.49398,565.9,843.2,0.274,0.67353,0.47653,646.6,813.4,0.063,0.57688,0.49505,553.8,845.0,0.322,0.66506,0.47504,638.5,810.9,0.082,0.58627,0.48778,562.8,832.6,0.315,0.65567,0.47383,629.4,808.8,0.08,0.59056,0.48754,566.9,832.2,0.266,0.65615,0.47519,629.9,811.1,0.075,0.71125,0.52419,682.8,894.8,1.0,0.76287,0.52205,732.4,891.1,0.999,0.58069,0.5342,557.5,911.9,0.855,0.65234,0.54928,626.2,937.6,0.216,0.53016,0.60684,509.0,1035.9,0.927,0.70678,0.608,678.5,1037.9,0.426,0.53318,0.62151,511.9,1060.9,0.918,0.73383,0.61823,704.5,1055.3,0.509,0.48416,0.60215,464.8,1027.9,0.896,0.66867,0.62191,641.9,1061.6,0.363
457,12.621,960,1707,0.62145,0.40049,596.6,683.6,0.999,0.6179,0.39555,593.2,675.2,1.0,0.61633,0.39592,591.7,675.8,1.0,0.61461,0.39641,590.0,676.7,1.0,0.62422,0.39403,599.2,672.6,1.0,0.62693,0.39342,601.9,671.6,1.0,0.62943,0.39287,604.3,670.6,1.0,0.61731,0.39918,592.6,681.4,1.0,0.63986,0.39442,614.3,673.3,1.0,0.62401,0.40767,599.1,695.9,0.999,0.63065,0.40653,605.4,693.9,0.999,0.62265,0.4403,597.7,751.6,1.0,0.70699,0.41925,678.7,715.7,0.999,0.60422,0.49946,580.1,852.6,0.298,0.722,0.47008,693.1,802.4,0.029,0.58278,0.49169,559.5,839.3,0.252,0.66841,0.47604,641.7,812.6,0.057,0.57365,0.49431,550.7,843.8,0.297,0.66634,0.47353,639.7,808.3,0.075,0.58259,0.48687,559.3,831.1,0.291,0.65746,0.47264,631.2,806.8,0.073,0.58599,0.48607,562.5,829.7,0.247,0.65745,0.47427,631.1,809.6,0.069,0.70309,0.52046,675.0,888.4,1.0,0.75743,0.51759,727.1,883.5,1.0,0.57441,0.5302,551.4,905.1,0.866,0.64824,0.5471,622.3,933.9,0.248,0.53022,0.60488,509.0,1032.5,0.932,0.70622,0.60729,678.0,1036.6,0.473,0.53219,0.62101,510.9,1060.1,0.923,0.73267,0.61654,703.4,1052.4,0.548,0.48084,0.60211,461.6,1027.8,0.902,0.66874,0.62136,642.0,1060.7,0.406
458,12.649,960,1707,0.60496,0.39263,580.8,670.2,0.999,0.60925,0.38594,584.9,658.8,1.0,0.60902,0.38627,584.7,659.4,1.0,0.6086,0.38662,584.3,660.0,1.0,0.61248,0.38543,588.0,657.9,1.0,0.61424,0.38555,589.7,658.1,1.0,0.61582,0.38563,591.2,658.3,1.0,0.61626,0.38963,591.6,665.1,1.0,0.62643,0.38819,601.4,662.6,1.0,0.60957,0.40042,585.2,683.5,0.999,0.6126,0.40004,588.1,682.9,0.999,0.61846,0.43087,593.7,735.5,1.0,0.7027,0.4153,674.6,708.9,0.999,0.59746,0.48232,573.6,823.3,0.331,0.72283,0.46514,693.9,794.0,0.026,0.57262,0.49214,549.7,840.1,0.248,0.66893,0.488,642.2,833.0,0.051,0.56612,0.49735,543.5,849.0,0.292,0.66825,0.49497,641.5,844.9,0.068,0.57084,0.49078,548.0,837.8,0.285,0.66214,0.49526,635.7,845.4,0.066,0.57401,0.4885,551.1,833.9,0.243,0.66302,0.49339,636.5,842.2,0.063,0.69721,0.51173,669.3,873.5,1.0,0.74902,0.51254,719.1,874.9,1.0,0.56828,0.52909,545.5,903.2,0.875,0.64944,0.54739,623.5,934.4,0.308,0.53065,0.60348,509.4,1030.1,0.938,0.70674,0.60728,678.5,1036.6,0.522,0.53508,0.61929,513.7,1057.1,0.928,0.73337,0.61592,704.0,1051.4,0.589,0.48256,0.60209,463.3,1027.8,0.906,0.66793,0.62166,641.2,1061.2,0.454
459,12.676,960,1707,0.60495,0.38773,580.8,661.9,0.999,0.60996,0.38078,585.6,650.0,1.0,0.60958,0.38145,585.2,651.1,1.0,0.60907,0.38211,584.7,652.3,1.0,0.61304,0.38056,588.5,649.6,1.0,0.61471,0.38117,590.1,650.7,1.0,0.61628,0.3817,591.6,651.6,1.0,0.61804,0.38573,593.3,658.4,1.0,0.62681,0.38497,601.7,657.1,1.0,0.60885,0.39742,584.5,678.4,0.999,0.6127,0.39718,588.2,678.0,0.999,0.61455,0.42651,590.0,728.1,1.0,0.70367,0.41007,675.5,700.0,0.999,0.58504,0.47445,561.6,809.9,0.385,0.72354,0.45748,694.6,780.9,0.028,0.5654,0.49243,542.8,840.6,0.258,0.68689,0.49004,659.4,836.5,0.047,0.56157,0.49793,539.1,850.0,0.296,0.68266,0.4987,655.4,851.3,0.062,0.56433,0.49267,541.8,841.0,0.29,0.67797,0.49815,650.9,850.3,0.06,0.57135,0.49385,548.5,843.0,0.248,0.68117,0.49473,653.9,844.5,0.057,0.69031,0.50831,662.7,867.7,1.0,0.74343,0.50833,713.7,867.7,1.0,0.56483,0.52844,542.2,902.0,0.887,0.65059,0.54773,624.6,935.0,0.374,0.53151,0.604,510.3,1031.0,0.944,0.70708,0.60777,678.8,1037.5,0.569,0.53766,0.61933,516.2,1057.2,0.934,0.73373,0.61622,704.4,1051.9,0.629,0.4872,0.60129,467.7,1026.4,0.914,0.6695,0.62083,642.7,1059.8,0.505
460,12.704,960,1707,0.60466,0.38341,580.5,654.5,0.999,0.60747,0.37705,583.2,643.6,1.0,0.60684,0.37776,582.6,644.8,1.0,0.60599,0.3786,581.7,646.3,1.0,0.61046,0.37648,586.0,642.6,1.0,0.61155,0.37709,587.1,643.7,1.0,0.61232,0.37785,587.8,645.0,1.0,0.61576,0.38154,591.1,651.3,1.0,0.62307,0.38096,598.1,650.3,1.0,0.60605,0.39475,581.8,673.8,0.999,0.60994,0.39395,585.5,672.5,0.999,0.61285,0.41731,588.3,712.4,1.0,0.70535,0.40495,677.1,691.3,0.999,0.58239,0.46229,559.1,789.1,0.396,0.7224,0.45373,693.5,774.5,0.026,0.55043,0.46409,528.4,792.2,0.248,0.6912,0.48705,663.6,831.4,0.043,0.54923,0.4717,527.3,805.2,0.287,0.68709,0.49015,659.6,836.7,0.057,0.55307,0.46725,531.0,797.6,0.28,0.68077,0.48977,653.5,836.0,0.055,0.56018,0.46751,537.8,798.0,0.24,0.68126,0.48844,654.0,833.8,0.052,0.68226,0.50065,655.0,854.6,1.0,0.73647,0.5033,707.0,859.1,1.0,0.55852,0.52789,536.2,901.1,0.894,0.64949,0.54612,623.5,932.2,0.421,0.53136,0.60487,510.1,1032.5,0.948,0.70663,0.60757,678.4,1037.1,0.609,0.53634,0.6199,514.9,1058.2,0.939,0.73357,0.61635,704.2,1052.1,0.663,0.48501,0.59989,465.6,1024.0,0.919,0.66948,0.62023,642.7,1058.7,0.546
461,12.732,960,1707,0.60256,0.38125,578.5,650.8,0.999,0.60838,0.37173,584.0,634.5,1.0,0.60747,0.3725,583.2,635.9,1.0,0.60642,0.37336,582.2,637.3,1.0,0.61159,0.3714,587.1,634.0,1.0,0.61288,0.37219,588.4,635.3,1.0,0.61414,0.37313,589.6,636.9,1.0,0.61658,0.37794,591.9,645.1,1.0,0.62526,0.37713,600.3,643.8,1.0,0.60623,0.38893,582.0,663.9,0.999,0.61084,0.38815,586.4,662.6,0.998,0.60936,0.41174,585.0,702.8,1.0,0.70504,0.40067,676.8,683.9,0.999,0.57791,0.45371,554.8,774.5,0.429,0.721,0.44427,692.2,758.4,0.023,0.53954,0.44558,518.0,760.6,0.262,0.69182,0.44304,664.1,756.3,0.039,0.52732,0.4467,506.2,762.5,0.302,0.69004,0.44158,662.4,753.8,0.052,0.53398,0.4398,512.6,750.7,0.293,0.68216,0.4386,654.9,748.7,0.05,0.54102,0.43942,519.4,750.1,0.251,0.68044,0.43977,653.2,750.7,0.048,0.67709,0.49479,650.0,844.6,1.0,0.73241,0.49907,703.1,851.9,1.0,0.55299,0.52856,530.9,902.3,0.899,0.65159,0.54654,625.5,932.9,0.468,0.52879,0.60542,507.6,1033.5,0.952,0.70727,0.60814,679.0,1038.1,0.646,0.53536,0.62034,513.9,1058.9,0.943,0.73358,0.61715,704.2,1053.5,0.695,0.48194,0.59914,462.7,1022.7,0.922,0.66615,0.62148,639.5,1060.9,0.584
462,12.759,960,1707,0.60369,0.3739,579.5,638.2,0.999,0.60851,0.36711,584.2,626.7,1.0,0.6085,0.36754,584.2,627.4,1.0,0.6082,0.36804,583.9,628.2,1.0,0.61129,0.36683,586.8,626.2,1.0,0.6133,0.36724,588.8,626.9,1.0,0.61521,0.36771,590.6,627.7,1.0,0.6187,0.37154,593.9,634.2,1.0,0.62729,0.371,602.2,633.3,1.0,0.60854,0.38105,584.2,650.5,0.999,0.61221,0.38083,587.7,650.1,0.999,0.60987,0.40447,585.5,690.4,1.0,0.70478,0.39674,676.6,677.2,0.999,0.56465,0.44487,542.1,759.4,0.482,0.72184,0.43791,693.0,747.5,0.021,0.51936,0.43024,498.6,734.4,0.327,0.6957,0.44107,667.9,752.9,0.036,0.50327,0.42839,483.1,731.3,0.362,0.6946,0.44172,666.8,754.0,0.049,0.51486,0.42218,494.3,720.7,0.353,0.68639,0.43977,658.9,750.7,0.047,0.52242,0.42233,501.5,720.9,0.311,0.68372,0.44028,656.4,751.6,0.045,0.67128,0.4896,644.4,835.7,1.0,0.72683,0.49486,697.8,844.7,1.0,0.54716,0.52764,525.3,900.7,0.907,0.65284,0.54677,626.7,933.3,0.516,0.52681,0.60501,505.7,1032.8,0.956,0.70767,0.60832,679.4,1038.4,0.68,0.53449,0.62071,513.1,1059.6,0.948,0.73354,0.61833,704.2,1055.5,0.724,0.47923,0.59895,460.1,1022.4,0.927,0.66673,0.62147,640.1,1060.8,0.621
463,12.787,960,1707,0.60492,0.36965,580.7,631.0,0.999,0.60958,0.36277,585.2,619.2,1.0,0.60939,0.36324,585.0,620.0,1.0,0.60893,0.36373,584.6,620.9,1.0,0.61265,0.36259,588.1,618.9,1.0,0.61454,0.36307,590.0,619.8,1.0,0.61625,0.36356,591.6,620.6,1.0,0.61977,0.36733,595.0,627.0,1.0,0.62803,0.36659,602.9,625.8,1.0,0.60893,0.37698,584.6,643.5,0.999,0.61219,0.37664,587.7,642.9,0.999,0.61235,0.39864,587.9,680.5,1.0,0.70363,0.39526,675.5,674.7,0.999,0.55148,0.43393,529.4,740.7,0.532,0.72581,0.43758,696.8,746.9,0.02,0.50554,0.41266,485.3,704.4,0.389,0.69814,0.44028,670.2,751.6,0.033,0.48715,0.40827,467.7,696.9,0.42,0.69439,0.44126,666.6,753.2,0.047,0.49823,0.40283,478.3,687.6,0.412,0.68561,0.43967,658.2,750.5,0.045,0.5068,0.40435,486.5,690.2,0.371,0.68405,0.43972,656.7,750.6,0.044,0.66675,0.48666,640.1,830.7,1.0,0.71673,0.49165,688.1,839.2,1.0,0.54666,0.52688,524.8,899.4,0.916,0.65377,0.54687,627.6,933.5,0.562,0.52682,0.60482,505.7,1032.4,0.96,0.70964,0.60853,681.2,1038.8,0.711,0.53423,0.61977,512.9,1058.0,0.952,0.73625,0.61848,706.8,1055.7,0.751,0.47758,0.59896,458.5,1022.4,0.933,0.66687,0.62163,640.2,1061.1,0.657
464,12.814,960,1707,0.60623,0.36922,582.0,630.3,0.999,0.61043,0.36222,586.0,618.3,1.0,0.61033,0.36249,585.9,618.8,1.0,0.60992,0.36284,585.5,619.4,1.0,0.61356,0.36178,589.0,617.6,1.0,0.6156,0.36186,591.0,617.7,1.0,0.61743,0.36202,592.7,618.0,1.0,0.62032,0.3644,595.5,622.0,1.0,0.62957,0.3637,604.4,620.8,1.0,0.61007,0.37547,585.7,640.9,0.999,0.61339,0.37513,588.9,640.3,0.999,0.61468,0.39246,590.1,669.9,1.0,0.70119,0.39391,673.1,672.4,0.999,0.542,0.42,520.3,716.9,0.576,0.72585,0.43669,696.8,745.4,0.02,0.49067,0.39202,471.0,669.2,0.443,0.69696,0.44892,669.1,766.3,0.032,0.47202,0.38554,453.1,658.1,0.471,0.69083,0.4436,663.2,757.2,0.046,0.48263,0.38026,463.3,649.1,0.463,0.68076,0.44144,653.5,753.5,0.044,0.49233,0.38233,472.6,652.6,0.424,0.68031,0.44441,653.1,758.6,0.043,0.66618,0.48394,639.5,826.1,1.0,0.71453,0.48895,685.9,834.6,1.0,0.54424,0.52467,522.5,895.6,0.923,0.65385,0.54701,627.7,933.7,0.599,0.52676,0.60418,505.7,1031.3,0.964,0.70987,0.6086,681.5,1038.9,0.738,0.53453,0.61936,513.1,1057.2,0.956,0.73808,0.61814,708.6,1055.2,0.774,0.477,0.59893,457.9,1022.4,0.937,0.67005,0.62135,643.2,1060.6,0.686
465,12.842,960,1707,0.60733,0.36563,583.0,624.1,0.999,0.61137,0.35888,586.9,612.6,1.0,0.61108,0.35914,586.6,613.0,1.0,0.61045,0.35943,586.0,613.5,1.0,0.61465,0.35837,590.1,611.7,1.0,0.61666,0.3584,592.0,611.8,1.0,0.61848,0.3585,593.7,612.0,1.0,0.62141,0.36134,596.6,616.8,1.0,0.63001,0.36077,604.8,615.8,1.0,0.6108,0.37176,586.4,634.6,0.999,0.61408,0.37158,589.5,634.3,0.999,0.61185,0.38924,587.4,664.4,1.0,0.70061,0.39285,672.6,670.6,0.999,0.53709,0.4053,515.6,691.8,0.616,0.72315,0.43857,694.2,748.6,0.018,0.48254,0.37407,463.2,638.5,0.495,0.69546,0.46408,667.6,792.2,0.031,0.46024,0.36657,441.8,625.7,0.519,0.69119,0.46926,663.5,801.0,0.045,0.47066,0.35993,451.8,614.4,0.512,0.68066,0.46859,653.4,799.9,0.043,0.48224,0.36233,463.0,618.5,0.474,0.67994,0.46695,652.7,797.1,0.042,0.66076,0.48112,634.3,821.3,1.0,0.71283,0.48576,684.3,829.2,1.0,0.54098,0.52347,519.3,893.6,0.928,0.6582,0.54709,631.9,933.9,0.631,0.52581,0.60211,504.8,1027.8,0.966,0.71019,0.60923,681.8,1039.9,0.762,0.5343,0.61686,512.9,1053.0,0.958,0.73777,0.6184,708.3,1055.6,0.794,0.47655,0.59705,457.5,1019.2,0.939,0.67099,0.62127,644.2,1060.5,0.71
466,12.87,960,1707,0.60812,0.36481,583.8,622.7,1.0,0.61237,0.35704,587.9,609.5,1.0,0.6133,0.35691,588.8,609.2,1.0,0.61395,0.35692,589.4,609.3,1.0,0.61506,0.357,590.5,609.4,1.0,0.61703,0.35701,592.4,609.4,1.0,0.6188,0.35721,594.0,609.8,1.0,0.62705,0.35833,602.0,611.7,1.0,0.63207,0.35912,606.8,613.0,1.0,0.61168,0.37063,587.2,632.7,0.999,0.61491,0.37105,590.3,633.4,0.999,0.61236,0.38533,587.9,657.8,1.0,0.70024,0.39259,672.2,670.1,1.0,0.53264,0.39049,511.3,666.6,0.653,0.72337,0.43668,694.4,745.4,0.02,0.47573,0.35934,456.7,613.4,0.544,0.69529,0.45591,667.5,778.2,0.029,0.45312,0.35333,435.0,603.1,0.565,0.69194,0.46185,664.3,788.4,0.044,0.46266,0.34655,444.2,591.6,0.558,0.68167,0.4598,654.4,784.9,0.042,0.47362,0.34874,454.7,595.3,0.523,0.68083,0.45752,653.6,781.0,0.041,0.6575,0.48167,631.2,822.2,1.0,0.70595,0.48757,677.7,832.3,1.0,0.53659,0.52423,515.1,894.9,0.934,0.65971,0.54774,633.3,935.0,0.665,0.52549,0.60146,504.5,1026.7,0.969,0.71088,0.60939,682.4,1040.2,0.785,0.53452,0.61621,513.1,1051.9,0.962,0.73748,0.61858,708.0,1055.9,0.814,0.478,0.59653,458.9,1018.3,0.944,0.6715,0.62118,644.6,1060.4,0.737
467,12.897,960,1707,0.60855,0.36273,584.2,619.2,1.0,0.6143,0.35507,589.7,606.1,1.0,0.61627,0.35475,591.6,605.6,1.0,0.61784,0.35455,593.1,605.2,1.0,0.616,0.35528,591.4,606.5,1.0,0.61874,0.3552,594.0,606.3,1.0,0.62147,0.35526,596.6,606.4,1.0,0.63239,0.35573,607.1,607.2,1.0,0.6376,0.35687,612.1,609.2,1.0,0.61191,0.36846,587.4,629.0,0.999,0.61545,0.369,590.8,629.9,0.999,0.61222,0.38179,587.7,651.7,1.0,0.70068,0.3924,672.7,669.8,1.0,0.53213,0.37912,510.8,647.2,0.687,0.72347,0.43669,694.5,745.4,0.027,0.47198,0.34931,453.1,596.3,0.587,0.69507,0.45663,667.3,779.5,0.028,0.45019,0.34237,432.2,584.4,0.606,0.6914,0.46241,663.7,789.3,0.041,0.45877,0.33706,440.4,575.4,0.599,0.68135,0.46008,654.1,785.4,0.039,0.46753,0.33938,448.8,579.3,0.566,0.68075,0.45789,653.5,781.6,0.039,0.65605,0.48089,629.8,820.9,1.0,0.70235,0.48621,674.3,830.0,1.0,0.53464,0.52415,513.3,894.7,0.94,0.66034,0.54759,633.9,934.7,0.696,0.52551,0.6006,504.5,1025.2,0.972,0.71174,0.60934,683.3,1040.1,0.806,0.53446,0.61577,513.1,1051.1,0.965,0.73728,0.61887,707.8,1056.4,0.831,0.47803,0.59658,458.9,1018.4,0.949,0.6712,0.62055,644.4,1059.3,0.76
468,12.925,960,1707,0.60876,0.36148,584.4,617.1,1.0,0.6163,0.35415,591.7,604.5,1.0,0.61875,0.35384,594.0,604.0,1.0,0.62076,0.35362,595.9,603.6,1.0,0.61712,0.35439,592.4,604.9,1.0,0.62011,0.35436,595.3,604.9,1.0,0.62316,0.35441,598.2,605.0,1.0,0.63668,0.35518,611.2,606.3,1.0,0.6407,0.35634,615.1,608.3,1.0,0.61245,0.36718,588.0,626.8,0.999,0.61557,0.36772,591.0,627.7,0.999,0.61229,0.37948,587.8,647.8,1.0,0.70033,0.39145,672.3,668.2,1.0,0.53996,0.37168,518.4,634.5,0.718,0.72167,0.43379,692.8,740.5,0.032,0.47513,0.34332,456.1,586.0,0.626,0.69218,0.45067,664.5,769.3,0.026,0.45704,0.33646,438.8,574.3,0.642,0.68769,0.456,660.2,778.4,0.039,0.46627,0.33063,447.6,564.4,0.636,0.67711,0.45232,650.0,772.1,0.037,0.47254,0.33323,453.6,568.8,0.604,0.67733,0.45014,650.2,768.4,0.037,0.65288,0.48185,626.8,822.5,1.0,0.69968,0.48606,671.7,829.7,1.0,0.53313,0.52461,511.8,895.5,0.945,0.66025,0.54713,633.8,934.0,0.722,0.52552,0.60098,504.5,1025.9,0.974,0.71172,0.6093,683.3,1040.1,0.824,0.53441,0.61588,513.0,1051.3,0.968,0.73293,0.61887,703.6,1056.4,0.847,0.47797,0.59666,458.8,1018.5,0.953,0.67204,0.6204,645.2,1059.0,0.782
469,12.953,960,1707,0.61062,0.3605,586.2,615.4,1.0,0.61941,0.3529,594.6,602.4,1.0,0.62152,0.35271,596.7,602.1,1.0,0.62317,0.35258,598.2,601.8,1.0,0.62108,0.35314,596.2,602.8,1.0,0.62438,0.35327,599.4,603.0,1.0,0.62756,0.35345,602.5,603.3,1.0,0.63847,0.35433,612.9,604.8,1.0,0.64418,0.35541,618.4,606.7,1.0,0.61385,0.36606,589.3,624.9,0.999,0.61759,0.36665,592.9,625.9,0.999,0.61309,0.37713,588.6,643.8,1.0,0.70064,0.38919,672.6,664.4,1.0,0.54138,0.36702,519.7,626.5,0.746,0.7218,0.43328,692.9,739.6,0.039,0.48168,0.33934,462.4,579.3,0.661,0.69096,0.44802,663.3,764.8,0.024,0.46389,0.33215,445.3,567.0,0.675,0.68523,0.45275,657.8,772.8,0.037,0.47211,0.32746,453.2,559.0,0.67,0.67412,0.44889,647.2,766.3,0.035,0.47857,0.33002,459.4,563.3,0.64,0.67512,0.44684,648.1,762.7,0.035,0.64827,0.48072,622.3,820.6,1.0,0.69738,0.48499,669.5,827.9,1.0,0.53322,0.52486,511.9,895.9,0.95,0.65948,0.54641,633.1,932.7,0.746,0.52616,0.6012,505.1,1026.3,0.977,0.71173,0.60908,683.3,1039.7,0.84,0.53574,0.61529,514.3,1050.3,0.97,0.73239,0.61887,703.1,1056.4,0.861,0.47753,0.59671,458.4,1018.6,0.956,0.67199,0.62025,645.1,1058.8,0.8
470,12.98,960,1707,0.61713,0.36024,592.4,614.9,1.0,0.62498,0.35351,600.0,603.4,1.0,0.62671,0.35318,601.6,602.9,1.0,0.62798,0.35289,602.9,602.4,1.0,0.62716,0.35389,602.1,604.1,1.0,0.63061,0.35393,605.4,604.2,1.0,0.63384,0.35399,608.5,604.3,1.0,0.64161,0.35405,615.9,604.4,1.0,0.65008,0.3556,624.1,607.0,1.0,0.62083,0.36567,596.0,624.2,0.999,0.62524,0.36665,600.2,625.9,0.999,0.61407,0.37467,589.5,639.6,1.0,0.70462,0.38799,676.4,662.3,0.999,0.54443,0.36655,522.7,625.7,0.768,0.72185,0.43205,693.0,737.5,0.036,0.48745,0.33936,468.0,579.3,0.69,0.69093,0.43918,663.3,749.7,0.023,0.46694,0.33243,448.3,567.5,0.702,0.68724,0.44094,659.8,752.7,0.036,0.47536,0.32619,456.3,556.8,0.697,0.6744,0.43804,647.4,747.7,0.034,0.48309,0.32915,463.8,561.9,0.667,0.67511,0.43753,648.1,746.9,0.034,0.64457,0.47856,618.8,816.9,1.0,0.69524,0.48417,667.4,826.5,1.0,0.53272,0.52505,511.4,896.3,0.95,0.66026,0.5459,633.8,931.8,0.757,0.52619,0.60134,505.1,1026.5,0.977,0.71191,0.60898,683.4,1039.5,0.851,0.53591,0.61494,514.5,1049.7,0.969,0.73289,0.61857,703.6,1055.9,0.871,0.47801,0.59661,458.9,1018.4,0.953,0.67283,0.62034,645.9,1058.9,0.809
471,13.008,960,1707,0.62093,0.35951,596.1,613.7,1.0,0.62978,0.35289,604.6,602.4,1.0,0.6311,0.35252,605.9,601.7,1.0,0.63203,0.35221,606.7,601.2,1.0,0.63218,0.3534,606.9,603.3,1.0,0.63519,0.35345,609.8,603.3,1.0,0.63791,0.35352,612.4,603.5,1.0,0.6452,0.35336,619.4,603.2,1.0,0.65385,0.35518,627.7,606.3,1.0,0.62413,0.36467,599.2,622.5,0.999,0.62823,0.36573,603.1,624.3,0.998,0.61937,0.37392,594.6,638.3,1.0,0.70608,0.38802,677.8,662.3,0.999,0.54608,0.36698,524.2,626.4,0.786,0.72369,0.42846,694.7,731.4,0.033,0.49045,0.33936,470.8,579.3,0.714,0.69935,0.41728,671.4,712.3,0.022,0.46902,0.33421,450.3,570.5,0.725,0.70128,0.41522,673.2,708.8,0.035,0.47601,0.32799,457.0,559.9,0.72,0.68586,0.41132,658.4,702.1,0.033,0.48417,0.3298,464.8,563.0,0.689,0.68322,0.41195,655.9,703.2,0.033,0.64396,0.47909,618.2,817.8,1.0,0.69302,0.48477,665.3,827.5,1.0,0.53261,0.52485,511.3,895.9,0.948,0.66043,0.5451,634.0,930.5,0.757,0.52619,0.60084,505.1,1025.6,0.975,0.71121,0.60856,682.8,1038.8,0.857,0.53588,0.61355,514.4,1047.3,0.966,0.73236,0.61794,703.1,1054.8,0.877,0.47626,0.59664,457.2,1018.5,0.948,0.67362,0.62092,646.7,1059.9,0.812
472,13.035,960,1707,0.6245,0.35975,599.5,614.1,1.0,0.6329,0.35332,607.6,603.1,1.0,0.6343,0.35283,608.9,602.3,1.0,0.63529,0.35242,609.9,601.6,1.0,0.63508,0.35399,609.7,604.3,1.0,0.638,0.35403,612.5,604.3,1.0,0.64063,0.35404,615.0,604.3,1.0,0.64905,0.35332,623.1,603.1,1.0,0.65753,0.35557,631.2,607.0,1.0,0.62752,0.36468,602.4,622.5,0.999,0.63159,0.3658,606.3,624.4,0.998,0.62177,0.37356,596.9,637.7,1.0,0.7095,0.38915,681.1,664.3,0.999,0.54705,0.36656,525.2,625.7,0.803,0.72364,0.42866,694.7,731.7,0.03,0.49216,0.33887,472.5,578.5,0.735,0.69407,0.46427,666.3,792.5,0.021,0.47112,0.33399,452.3,570.1,0.744,0.67831,0.47365,651.2,808.5,0.035,0.47784,0.3286,458.7,560.9,0.74,0.67742,0.46904,650.3,800.7,0.033,0.48623,0.33033,466.8,563.9,0.708,0.67609,0.46676,649.0,796.8,0.033,0.64179,0.47957,616.1,818.6,1.0,0.69241,0.48461,664.7,827.2,1.0,0.53302,0.52391,511.7,894.3,0.95,0.66074,0.54488,634.3,930.1,0.76,0.5265,0.6001,505.4,1024.4,0.976,0.71212,0.60856,683.6,1038.8,0.864,0.53622,0.61315,514.8,1046.6,0.966,0.73266,0.61799,703.4,1054.9,0.884,0.47605,0.59653,457.0,1018.3,0.946,0.67364,0.62079,646.7,1059.7,0.814
473,13.063,960,1707,0.62968,0.36073,604.5,615.8,0.999,0.63743,0.3544,611.9,605.0,1.0,0.63874,0.3539,613.2,604.1,1.0,0.63977,0.35347,614.2,603.4,1.0,0.63918,0.35503,613.6,606.0,1.0,0.64163,0.35502,616.0,606.0,1.0,0.64386,0.35498,618.1,606.0,1.0,0.65325,0.35401,627.1,604.3,1.0,0.6603,0.3562,633.9,608.0,1.0,0.6327,0.36529,607.4,623.5,0.999,0.636,0.36628,610.6,625.2,0.998,0.63412,0.37401,608.8,638.4,1.0,0.712,0.38988,683.5,665.5,0.999,0.54882,0.36768,526.9,627.6,0.819,0.72198,0.43235,693.1,738.0,0.027,0.49319,0.33957,473.5,579.6,0.751,0.68841,0.47414,660.9,809.4,0.02,0.47209,0.33616,453.2,573.8,0.759,0.67923,0.48221,652.1,823.1,0.034,0.47909,0.3291,459.9,561.8,0.754,0.67088,0.48026,644.0,819.8,0.032,0.48777,0.3309,468.3,564.9,0.72,0.67009,0.47766,643.3,815.4,0.032,0.64116,0.48025,615.5,819.8,1.0,0.69288,0.48544,665.2,828.6,1.0,0.53289,0.52285,511.6,892.5,0.949,0.66122,0.54493,634.8,930.2,0.755,0.5265,0.59819,505.4,1021.1,0.974,0.71268,0.609,684.2,1039.6,0.868,0.53617,0.61185,514.7,1044.4,0.963,0.73208,0.61815,702.8,1055.2,0.889,0.47559,0.5941,456.6,1014.1,0.938,0.67714,0.61955,650.1,1057.6,0.811
474,13.091,960,1707,0.63551,0.36192,610.1,617.8,0.999,0.64176,0.35539,616.1,606.7,1.0,0.64267,0.35506,617.0,606.1,1.0,0.6433,0.35474,617.6,605.5,1.0,0.6439,0.35568,618.1,607.2,1.0,0.64621,0.35575,620.4,607.3,1.0,0.64827,0.35582,622.3,607.4,1.0,0.65583,0.35535,629.6,606.6,1.0,0.66441,0.35734,637.8,610.0,1.0,0.63836,0.36667,612.8,625.9,0.998,0.64173,0.36762,616.1,627.5,0.998,0.6365,0.37264,611.0,636.1,1.0,0.71804,0.39051,689.3,666.6,0.999,0.55303,0.36854,530.9,629.1,0.835,0.72733,0.44155,698.2,753.7,0.028,0.49344,0.34043,473.7,581.1,0.764,0.68659,0.47468,659.1,810.3,0.019,0.47286,0.3361,453.9,573.7,0.769,0.67754,0.48275,650.4,824.1,0.031,0.47997,0.32957,460.8,562.6,0.765,0.66732,0.47998,640.6,819.3,0.029,0.48884,0.33201,469.3,566.7,0.727,0.66855,0.47697,641.8,814.2,0.029,0.63949,0.48113,613.9,821.3,1.0,0.69348,0.48609,665.7,829.7,1.0,0.53222,0.52163,510.9,890.4,0.95,0.66123,0.545,634.8,930.3,0.756,0.52651,0.59636,505.4,1018.0,0.975,0.71233,0.60896,683.8,1039.5,0.875,0.53589,0.61107,514.5,1043.1,0.964,0.72965,0.61805,700.5,1055.0,0.897,0.47564,0.59258,456.6,1011.5,0.938,0.67677,0.61922,649.7,1057.0,0.813
475,13.118,960,1707,0.63917,0.36249,613.6,618.8,0.999,0.64333,0.35567,617.6,607.1,0.999,0.64394,0.35521,618.2,606.3,0.999,0.64435,0.35519,618.6,606.3,1.0,0.64582,0.35635,620.0,608.3,1.0,0.648,0.35628,622.1,608.2,1.0,0.64995,0.35612,624.0,607.9,1.0,0.65564,0.35621,629.4,608.0,1.0,0.66473,0.358,638.1,611.1,0.999,0.64221,0.36747,616.5,627.3,0.997,0.6458,0.36838,620.0,628.8,0.995,0.63624,0.37183,610.8,634.7,1.0,0.72596,0.39051,696.9,666.6,0.999,0.55734,0.36755,535.0,627.4,0.845,0.73506,0.43408,705.7,741.0,0.026,0.49392,0.3388,474.2,578.3,0.77,0.6999,0.43085,671.9,735.5,0.017,0.4732,0.33327,454.3,568.9,0.775,0.69564,0.42992,667.8,733.9,0.029,0.48071,0.32553,461.5,555.7,0.77,0.68076,0.42509,653.5,725.6,0.027,0.4895,0.32822,469.9,560.3,0.727,0.68062,0.42522,653.4,725.8,0.027,0.63829,0.48127,612.8,821.5,1.0,0.69483,0.48661,667.0,830.6,1.0,0.53088,0.52158,509.6,890.3,0.946,0.66106,0.54504,634.6,930.4,0.747,0.52649,0.59655,505.4,1018.3,0.974,0.71228,0.60893,683.8,1039.4,0.877,0.53586,0.61096,514.4,1042.9,0.963,0.72963,0.61809,700.4,1055.1,0.9,0.47566,0.59269,456.6,1011.7,0.933,0.67588,0.61925,648.8,1057.1,0.807
476,13.146,960,1707,0.6429,0.36273,617.2,619.2,0.999,0.64544,0.35655,619.6,608.6,0.999,0.64565,0.35584,619.8,607.4,0.999,0.64573,0.35545,619.9,606.8,1.0,0.64849,0.35746,622.5,610.2,0.999,0.65063,0.35732,624.6,609.9,0.999,0.65262,0.35704,626.5,609.5,1.0,0.65528,0.35673,629.1,608.9,1.0,0.66614,0.35832,639.5,611.6,0.999,0.6457,0.36789,619.9,628.0,0.997,0.64979,0.36884,623.8,629.6,0.995,0.63746,0.37133,612.0,633.9,1.0,0.72796,0.39075,698.8,667.0,0.999,0.55811,0.36603,535.8,624.8,0.859,0.74749,0.42525,717.6,725.9,0.029,0.49418,0.33903,474.4,578.7,0.783,0.70481,0.41386,676.6,706.5,0.016,0.47339,0.33444,454.5,570.9,0.787,0.70172,0.41627,673.6,710.6,0.026,0.48108,0.32816,461.8,560.2,0.782,0.68932,0.40652,661.7,693.9,0.025,0.48983,0.33048,470.2,564.1,0.737,0.68847,0.41096,660.9,701.5,0.025,0.63804,0.482,612.5,822.8,1.0,0.69445,0.48831,666.7,833.5,1.0,0.53022,0.52159,509.0,890.3,0.947,0.66087,0.54504,634.4,930.4,0.748,0.52766,0.59612,506.6,1017.6,0.974,0.7101,0.60883,681.7,1039.3,0.881,0.53751,0.60972,516.0,1040.8,0.965,0.72819,0.61809,699.1,1055.1,0.905,0.47635,0.59289,457.3,1012.1,0.933,0.67028,0.61953,643.5,1057.5,0.809
477,13.174,960,1707,0.64515,0.36441,619.3,622.0,0.998,0.64558,0.35923,619.8,613.2,0.998,0.64513,0.35848,619.3,611.9,0.999,0.6447,0.35788,618.9,610.9,0.999,0.65052,0.36001,624.5,614.5,0.999,0.65327,0.35978,627.1,614.1,0.999,0.65588,0.35943,629.6,613.5,0.999,0.65387,0.35793,627.7,611.0,0.999,0.66879,0.3593,642.0,613.3,0.998,0.6467,0.36794,620.8,628.1,0.993,0.65268,0.36907,626.6,630.0,0.99,0.63858,0.37122,613.0,633.7,1.0,0.72877,0.39089,699.6,667.3,0.998,0.56302,0.36712,540.5,626.7,0.871,0.74344,0.428,713.7,730.6,0.028,0.49576,0.33875,475.9,578.2,0.786,0.70284,0.42503,674.7,725.5,0.014,0.47354,0.3344,454.6,570.8,0.788,0.70028,0.42957,672.3,733.3,0.024,0.48136,0.32775,462.1,559.5,0.783,0.68814,0.42204,660.6,720.4,0.023,0.48995,0.33031,470.3,563.8,0.732,0.68799,0.42569,660.5,726.7,0.023,0.63868,0.48228,613.1,823.3,1.0,0.69472,0.48876,666.9,834.3,1.0,0.53,0.52102,508.8,889.4,0.947,0.6608,0.54505,634.4,930.4,0.753,0.52857,0.59647,507.4,1018.2,0.975,0.7103,0.6087,681.9,1039.1,0.887,0.53768,0.61013,516.2,1041.5,0.965,0.72834,0.6181,699.2,1055.1,0.91,0.48072,0.59198,461.5,1010.5,0.929,0.67103,0.61986,644.2,1058.1,0.809
478,13.201,960,1707,0.64522,0.36507,619.4,623.2,0.997,0.64562,0.36012,619.8,614.7,0.998,0.64483,0.35931,619.0,613.3,0.998,0.64415,0.35856,618.4,612.1,0.998,0.65122,0.36086,625.2,616.0,0.998,0.65411,0.36057,627.9,615.5,0.998,0.65683,0.36015,630.6,614.8,0.998,0.653,0.35817,626.9,611.4,0.999,0.66871,0.35933,642.0,613.4,0.998,0.64587,0.36824,620.0,628.6,0.992,0.65228,0.36929,626.2,630.4,0.988,0.63767,0.37193,612.2,634.9,1.0,0.73116,0.39058,701.9,666.7,0.998,0.56224,0.36604,539.8,624.8,0.882,0.74981,0.42157,719.8,719.6,0.031,0.49645,0.33874,476.6,578.2,0.788,0.71227,0.40667,683.8,694.2,0.013,0.47379,0.33545,454.8,572.6,0.789,0.70537,0.40236,677.2,686.8,0.022,0.48158,0.32972,462.3,562.8,0.785,0.69661,0.40453,668.7,690.5,0.021,0.49013,0.33213,470.5,566.9,0.729,0.69907,0.40257,671.1,687.2,0.021,0.63881,0.48339,613.3,825.1,1.0,0.69414,0.48985,666.4,836.2,1.0,0.52966,0.52057,508.5,888.6,0.949,0.66079,0.54506,634.4,930.4,0.762,0.52853,0.59617,507.4,1017.7,0.975,0.71031,0.60859,681.9,1038.9,0.893,0.53764,0.60975,516.1,1040.8,0.966,0.72848,0.6181,699.3,1055.1,0.915,0.48162,0.59164,462.4,1009.9,0.93,0.67549,0.62024,648.5,1058.7,0.812
479,13.229,960,1707,0.64814,0.36543,622.2,623.8,0.995,0.64861,0.36064,622.7,615.6,0.997,0.64753,0.35981,621.6,614.2,0.997,0.64651,0.35897,620.7,612.8,0.998,0.65481,0.36149,628.6,617.1,0.997,0.65779,0.36128,631.5,616.7,0.997,0.66051,0.36093,634.1,616.1,0.998,0.65456,0.35822,628.4,611.5,0.999,0.67218,0.35987,645.3,614.3,0.997,0.64818,0.36845,622.3,628.9,0.989,0.65529,0.36941,629.1,630.6,0.984,0.63794,0.37187,612.4,634.8,1.0,0.7338,0.39069,704.5,666.9,0.998,0.56338,0.36589,540.8,624.6,0.89,0.75265,0.42031,722.5,717.5,0.032,0.49754,0.33922,477.6,579.1,0.787,0.71368,0.40953,685.1,699.1,0.012,0.47398,0.33633,455.0,574.1,0.788,0.70774,0.40217,679.4,686.5,0.02,0.48176,0.33014,462.5,563.6,0.783,0.69721,0.4052,669.3,691.7,0.019,0.49045,0.33272,470.8,567.9,0.721,0.69794,0.40465,670.0,690.7,0.019,0.63922,0.48399,613.7,826.2,1.0,0.69414,0.49047,666.4,837.2,1.0,0.52901,0.52053,507.8,888.5,0.947,0.6607,0.54507,634.3,930.4,0.757,0.52853,0.59538,507.4,1016.3,0.975,0.71018,0.6086,681.8,1038.9,0.894,0.53764,0.60889,516.1,1039.4,0.966,0.7286,0.61845,699.5,1055.7,0.917,0.48156,0.59197,462.3,1010.5,0.928,0.67539,0.62126,648.4,1060.5,0.807
480,13.256,960,1707,0.65238,0.36531,626.3,623.6,0.994,0.65262,0.36051,626.5,615.4,0.996,0.65132,0.35968,625.3,614.0,0.996,0.65007,0.35884,624.1,612.5,0.997,0.65915,0.36144,632.8,617.0,0.996,0.66218,0.36126,635.7,616.7,0.996,0.66512,0.36094,638.5,616.1,0.997,0.65566,0.35833,629.4,611.7,0.998,0.67697,0.35997,649.9,614.5,0.996,0.65128,0.36803,625.2,628.2,0.986,0.65908,0.36936,632.7,630.5,0.98,0.6377,0.3706,612.2,632.6,1.0,0.73626,0.3907,706.8,666.9,0.998,0.56554,0.36589,542.9,624.6,0.899,0.7533,0.42016,723.2,717.2,0.033,0.49839,0.33963,478.5,579.8,0.784,0.71465,0.40601,686.1,693.1,0.011,0.47408,0.33628,455.1,574.0,0.786,0.70708,0.40089,678.8,684.3,0.019,0.48206,0.3303,462.8,563.8,0.781,0.6975,0.40228,669.6,686.7,0.017,0.49153,0.33298,471.9,568.4,0.712,0.70009,0.40431,672.1,690.2,0.018,0.63942,0.48405,613.8,826.3,1.0,0.69412,0.4905,666.4,837.3,1.0,0.52914,0.52035,508.0,888.2,0.943,0.66112,0.54509,634.7,930.5,0.749,0.52852,0.59547,507.4,1016.5,0.974,0.7102,0.60929,681.8,1040.1,0.893,0.53752,0.60904,516.0,1039.6,0.966,0.72865,0.62007,699.5,1058.5,0.919,0.48142,0.59209,462.2,1010.7,0.924,0.6749,0.62132,647.9,1060.6,0.798
481,13.284,960,1707,0.65198,0.36538,625.9,623.7,0.994,0.652,0.36061,625.9,615.6,0.996,0.65066,0.35977,624.6,614.1,0.996,0.64939,0.35892,623.4,612.7,0.997,0.65851,0.36158,632.2,617.2,0.996,0.66157,0.36144,635.1,617.0,0.997,0.66453,0.36116,638.0,616.5,0.997,0.65521,0.35842,629.0,611.8,0.998,0.67681,0.36008,649.7,614.7,0.996,0.65084,0.36819,624.8,628.5,0.986,0.65871,0.36944,632.4,630.6,0.98,0.63737,0.37024,611.9,632.0,1.0,0.73826,0.39022,708.7,666.1,0.998,0.56496,0.36461,542.4,622.4,0.908,0.75587,0.41946,725.6,716.0,0.038,0.49886,0.3388,478.9,578.3,0.794,0.72081,0.40251,692.0,687.1,0.01,0.47424,0.33604,455.3,573.6,0.794,0.71532,0.39451,686.7,673.4,0.018,0.48215,0.33032,462.9,563.9,0.789,0.70602,0.39579,677.8,675.6,0.017,0.49161,0.33269,471.9,567.9,0.719,0.7081,0.39883,679.8,680.8,0.017,0.63925,0.48372,613.7,825.7,1.0,0.69446,0.49034,666.7,837.0,1.0,0.52934,0.52067,508.2,888.8,0.946,0.66113,0.54503,634.7,930.4,0.763,0.52847,0.59535,507.3,1016.3,0.976,0.70983,0.60961,681.4,1040.6,0.899,0.53718,0.6092,515.7,1039.9,0.968,0.7286,0.62035,699.5,1058.9,0.924,0.48134,0.59223,462.1,1010.9,0.927,0.6732,0.62167,646.3,1061.2,0.806
482,13.312,960,1707,0.65362,0.36543,627.5,623.8,0.993,0.65334,0.36062,627.2,615.6,0.995,0.65187,0.35978,625.8,614.2,0.996,0.65049,0.35895,624.5,612.7,0.996,0.66035,0.36165,633.9,617.3,0.995,0.66352,0.36158,637.0,617.2,0.996,0.66658,0.3614,639.9,616.9,0.996,0.65569,0.35851,629.5,612.0,0.998,0.67851,0.36039,651.4,615.2,0.996,0.65193,0.36826,625.8,628.6,0.985,0.66035,0.36955,633.9,630.8,0.978,0.63727,0.3692,611.8,630.2,1.0,0.73868,0.39008,709.1,665.9,0.997,0.56558,0.36525,543.0,623.5,0.914,0.75515,0.42005,724.9,717.0,0.04,0.49945,0.33921,479.5,579.0,0.792,0.72061,0.40381,691.8,689.3,0.01,0.47433,0.33634,455.4,574.1,0.792,0.71347,0.39844,684.9,680.1,0.016,0.4822,0.33001,462.9,563.3,0.787,0.70535,0.39747,677.1,678.5,0.015,0.49181,0.33235,472.1,567.3,0.711,0.70767,0.40023,679.4,683.2,0.016,0.63848,0.4825,612.9,823.6,1.0,0.69468,0.49,666.9,836.4,1.0,0.52948,0.52109,508.3,889.5,0.941,0.6612,0.54426,634.8,929.1,0.747,0.52878,0.59541,507.6,1016.4,0.974,0.70905,0.60931,680.7,1040.1,0.893,0.53716,0.61002,515.7,1041.3,0.967,0.72795,0.62034,698.8,1058.9,0.922,0.48133,0.59303,462.1,1012.3,0.923,0.67168,0.62179,644.8,1061.4,0.79
483,13.339,960,1707,0.65597,0.36396,629.7,621.3,0.989,0.65509,0.35895,628.9,612.7,0.992,0.65359,0.35802,627.4,611.1,0.993,0.65223,0.35708,626.1,609.5,0.995,0.66223,0.36053,635.7,615.4,0.993,0.66544,0.36072,638.8,615.8,0.994,0.66865,0.36077,641.9,615.8,0.994,0.6562,0.35714,629.9,609.6,0.997,0.6812,0.36022,654.0,614.9,0.993,0.6538,0.36623,627.6,625.2,0.98,0.66298,0.36847,636.5,629.0,0.971,0.63713,0.36686,611.6,626.2,1.0,0.74178,0.3895,712.1,664.9,0.997,0.56851,0.36573,545.8,624.3,0.919,0.75384,0.42098,723.7,718.6,0.038,0.5003,0.33958,480.3,579.7,0.79,0.71978,0.40914,691.0,698.4,0.009,0.47438,0.33646,455.4,574.3,0.79,0.71159,0.40559,683.1,692.3,0.015,0.48238,0.32942,463.1,562.3,0.785,0.70346,0.40464,675.3,690.7,0.014,0.49223,0.33196,472.5,566.7,0.702,0.70198,0.40558,673.9,692.3,0.014,0.63843,0.47998,612.9,819.3,1.0,0.69477,0.48825,667.0,833.4,1.0,0.52956,0.52092,508.4,889.2,0.935,0.66062,0.54302,634.2,926.9,0.728,0.52881,0.59548,507.7,1016.5,0.973,0.70751,0.60871,679.2,1039.1,0.887,0.5368,0.61133,515.3,1043.5,0.965,0.72743,0.61975,698.3,1057.9,0.92,0.48126,0.59357,462.0,1013.2,0.918,0.67149,0.62178,644.6,1061.4,0.775
484,13.367,960,1707,0.65412,0.36323,628.0,620.0,0.988,0.65409,0.35819,627.9,611.4,0.991,0.65296,0.35725,626.8,609.8,0.993,0.65187,0.35626,625.8,608.1,0.994,0.66062,0.35976,634.2,614.1,0.992,0.66374,0.35989,637.2,614.3,0.993,0.66679,0.35986,640.1,614.3,0.994,0.65541,0.35604,629.2,607.8,0.997,0.67941,0.35864,652.2,612.2,0.992,0.65262,0.36502,626.5,623.1,0.978,0.6611,0.36733,634.7,627.0,0.967,0.63701,0.36532,611.5,623.6,1.0,0.74334,0.38604,713.6,659.0,0.997,0.56827,0.36584,545.5,624.5,0.925,0.75373,0.41841,723.6,714.2,0.039,0.5008,0.33954,480.8,579.6,0.792,0.71775,0.40525,689.0,691.8,0.008,0.4756,0.33611,456.6,573.7,0.791,0.71104,0.40157,682.6,685.5,0.014,0.48383,0.32914,464.5,561.8,0.785,0.70209,0.40162,674.0,685.6,0.013,0.49401,0.33183,474.2,566.4,0.698,0.70065,0.40355,672.6,688.9,0.013,0.6384,0.47821,612.9,816.3,1.0,0.69488,0.48619,667.1,829.9,1.0,0.5296,0.52083,508.4,889.1,0.932,0.6599,0.54132,633.5,924.0,0.711,0.5289,0.5962,507.7,1017.7,0.972,0.70578,0.6076,677.6,1037.2,0.88,0.53666,0.6131,515.2,1046.6,0.965,0.72534,0.61747,696.3,1054.0,0.918,0.48116,0.59425,461.9,1014.4,0.916,0.66972,0.62227,642.9,1062.2,0.761
485,13.394,960,1707,0.6545,0.36219,628.3,618.3,0.987,0.65395,0.35707,627.8,609.5,0.991,0.65265,0.35613,626.5,607.9,0.992,0.6515,0.35515,625.4,606.2,0.994,0.66095,0.35873,634.5,612.4,0.991,0.66426,0.35895,637.7,612.7,0.992,0.66757,0.35899,640.9,612.8,0.993,0.65549,0.35508,629.3,606.1,0.997,0.68077,0.35811,653.5,611.3,0.992,0.65276,0.36404,626.7,621.4,0.976,0.66165,0.36649,635.2,625.6,0.964,0.6374,0.36352,611.9,620.5,1.0,0.74391,0.3853,714.2,657.7,0.997,0.56786,0.36551,545.1,623.9,0.93,0.75505,0.41841,724.8,714.2,0.039,0.50119,0.33913,481.1,578.9,0.793,0.71655,0.40709,687.9,694.9,0.008,0.47588,0.33497,456.8,571.8,0.79,0.71013,0.40566,681.7,692.5,0.013,0.48446,0.32836,465.1,560.5,0.785,0.70087,0.40376,672.8,689.2,0.012,0.49453,0.33131,474.7,565.6,0.694,0.69982,0.40436,671.8,690.2,0.012,0.63825,0.47441,612.7,809.8,1.0,0.69502,0.48323,667.2,824.9,1.0,0.53028,0.52086,509.1,889.1,0.929,0.65874,0.54005,632.4,921.9,0.698,0.5289,0.5968,507.7,1018.7,0.972,0.7043,0.60611,676.1,1034.6,0.875,0.53649,0.61366,515.0,1047.5,0.964,0.72405,0.61589,695.1,1051.3,0.917,0.4797,0.59526,460.5,1016.1,0.913,0.66206,0.62232,635.6,1062.3,0.749
486,13.422,960,1707,0.65436,0.36195,628.2,617.9,0.984,0.65335,0.35667,627.2,608.8,0.988,0.65209,0.35575,626.0,607.3,0.99,0.65099,0.3548,625.0,605.6,0.992,0.66033,0.35827,633.9,611.6,0.989,0.66366,0.35845,637.1,611.9,0.99,0.66707,0.35847,640.4,611.9,0.991,0.65537,0.35455,629.2,605.2,0.996,0.68071,0.35765,653.5,610.5,0.99,0.65285,0.36375,626.7,620.9,0.971,0.6621,0.36618,635.6,625.1,0.956,0.63735,0.36219,611.9,618.3,1.0,0.74408,0.38409,714.3,655.6,0.997,0.56758,0.36467,544.9,622.5,0.933,0.75563,0.41796,725.4,713.5,0.039,0.50117,0.33928,481.1,579.2,0.784,0.71638,0.40635,687.7,693.6,0.007,0.4753,0.3352,456.3,572.2,0.781,0.70942,0.40118,681.0,684.8,0.012,0.48411,0.32843,464.7,560.6,0.776,0.69994,0.40106,671.9,684.6,0.011,0.49384,0.33109,474.1,565.2,0.68,0.701,0.40276,673.0,687.5,0.012,0.63665,0.47461,611.2,810.2,1.0,0.69445,0.48286,666.7,824.2,1.0,0.53183,0.52136,510.6,890.0,0.923,0.65623,0.53911,630.0,920.3,0.677,0.52876,0.59681,507.6,1018.8,0.969,0.7013,0.60383,673.3,1030.7,0.863,0.53557,0.61361,514.2,1047.4,0.962,0.72015,0.61306,691.3,1046.5,0.912,0.47922,0.595,460.1,1015.7,0.904,0.65829,0.62287,632.0,1063.2,0.725
487,13.45,960,1707,0.65512,0.36088,628.9,616.0,0.985,0.65389,0.3556,627.7,607.0,0.989,0.65259,0.3546,626.5,605.3,0.991,0.65151,0.35357,625.4,603.5,0.992,0.66092,0.35749,634.5,610.2,0.99,0.66427,0.35775,637.7,610.7,0.99,0.66775,0.35782,641.0,610.8,0.992,0.65563,0.3533,629.4,603.1,0.996,0.68136,0.35738,654.1,610.0,0.99,0.6535,0.36237,627.4,618.6,0.972,0.66274,0.3651,636.2,623.2,0.958,0.63761,0.3611,612.1,616.4,1.0,0.74344,0.3836,713.7,654.8,0.997,0.56724,0.36411,544.5,621.5,0.939,0.75762,0.41633,727.3,710.7,0.042,0.50117,0.33946,481.1,579.5,0.79,0.72121,0.40232,692.4,686.8,0.007,0.47533,0.33545,456.3,572.6,0.784,0.71177,0.39796,683.3,679.3,0.011,0.48383,0.32872,464.5,561.1,0.779,0.7041,0.39676,675.9,677.3,0.011,0.49367,0.33135,473.9,565.6,0.684,0.70655,0.39887,678.3,680.9,0.011,0.63742,0.47105,611.9,804.1,1.0,0.69476,0.47992,667.0,819.2,1.0,0.53365,0.52146,512.3,890.1,0.927,0.64496,0.53647,619.2,915.8,0.683,0.529,0.59754,507.8,1020.0,0.97,0.69701,0.60321,669.1,1029.7,0.865,0.53557,0.61468,514.1,1049.3,0.964,0.71482,0.6125,686.2,1045.5,0.914,0.47898,0.59578,459.8,1017.0,0.908,0.65111,0.62315,625.1,1063.7,0.727
488,13.477,960,1707,0.65344,0.35868,627.3,612.3,0.986,0.65204,0.35373,626.0,603.8,0.99,0.65097,0.35284,624.9,602.3,0.991,0.65013,0.35188,624.1,600.7,0.993,0.65815,0.35526,631.8,606.4,0.99,0.66121,0.35534,634.8,606.6,0.991,0.66486,0.3552,638.3,606.3,0.992,0.65407,0.35184,627.9,600.6,0.996,0.68124,0.35182,654.0,600.6,0.991,0.65263,0.36024,626.5,614.9,0.974,0.66141,0.36263,635.0,619.0,0.961,0.63766,0.35949,612.1,613.7,1.0,0.74283,0.38181,713.1,651.8,0.997,0.56526,0.3635,542.7,620.5,0.944,0.75826,0.41446,727.9,707.5,0.043,0.50087,0.33948,480.8,579.5,0.796,0.7202,0.40346,691.4,688.7,0.006,0.47536,0.33561,456.3,572.9,0.789,0.71106,0.39799,682.6,679.4,0.011,0.48383,0.32878,464.5,561.2,0.784,0.70292,0.39796,674.8,679.3,0.01,0.49352,0.33128,473.8,565.5,0.689,0.70575,0.39988,677.5,682.6,0.01,0.63813,0.46982,612.6,802.0,1.0,0.69484,0.47853,667.0,816.9,1.0,0.5355,0.52147,514.1,890.2,0.931,0.63532,0.53166,609.9,907.5,0.694,0.52904,0.59882,507.9,1022.2,0.972,0.68684,0.60246,659.4,1028.4,0.87,0.53557,0.6158,514.1,1051.2,0.966,0.70548,0.61144,677.3,1043.7,0.918,0.47946,0.59644,460.3,1018.1,0.913,0.63963,0.6241,614.0,1065.3,0.736
489,13.505,960,1707,0.65317,0.35691,627.0,609.2,0.986,0.65189,0.35195,625.8,600.8,0.99,0.65085,0.35115,624.8,599.4,0.992,0.65003,0.35024,624.0,597.9,0.993,0.65802,0.35326,631.7,603.0,0.991,0.66105,0.35333,634.6,603.1,0.992,0.66463,0.35317,638.0,602.9,0.993,0.65409,0.35051,627.9,598.3,0.996,0.68069,0.3515,653.5,600.0,0.992,0.65245,0.35877,626.4,612.4,0.975,0.66103,0.36093,634.6,616.1,0.963,0.6381,0.35852,612.6,612.0,1.0,0.74241,0.37903,712.7,647.0,0.997,0.56534,0.36355,542.7,620.6,0.948,0.75775,0.41509,727.4,708.6,0.042,0.50087,0.33977,480.8,580.0,0.802,0.7195,0.40482,690.7,691.0,0.006,0.47537,0.33633,456.4,574.1,0.792,0.71081,0.40204,682.4,686.3,0.01,0.48388,0.32891,464.5,561.5,0.788,0.70256,0.39931,674.5,681.6,0.009,0.4935,0.33135,473.8,565.6,0.692,0.7037,0.40147,675.5,685.3,0.01,0.639,0.46882,613.4,800.3,1.0,0.69515,0.47806,667.3,816.0,1.0,0.53667,0.52137,515.2,890.0,0.934,0.6264,0.53052,601.3,905.6,0.699,0.5292,0.59909,508.0,1022.6,0.973,0.67883,0.60109,651.7,1026.1,0.873,0.53563,0.616,514.2,1051.5,0.967,0.69971,0.61095,671.7,1042.9,0.921,0.48003,0.59641,460.8,1018.1,0.916,0.63185,0.62398,606.6,1065.1,0.74
490,13.533,960,1707,0.65297,0.35595,626.9,607.6,0.986,0.65187,0.35152,625.8,600.0,0.99,0.65079,0.35079,624.8,598.8,0.992,0.64996,0.34996,624.0,597.4,0.993,0.65767,0.35273,631.4,602.1,0.991,0.66062,0.35282,634.2,602.3,0.992,0.66405,0.3527,637.5,602.1,0.993,0.65393,0.35008,627.8,597.6,0.997,0.68024,0.34876,653.0,595.3,0.992,0.65235,0.35769,626.3,610.6,0.976,0.66074,0.35971,634.3,614.0,0.963,0.63901,0.35818,613.4,611.4,1.0,0.74222,0.37685,712.5,643.3,0.997,0.56583,0.36374,543.2,620.9,0.95,0.75675,0.41328,726.5,705.5,0.04,0.50102,0.33985,481.0,580.1,0.8,0.7158,0.40438,687.2,690.3,0.006,0.47588,0.33656,456.8,574.5,0.79,0.70932,0.40294,680.9,687.8,0.009,0.4849,0.329,465.5,561.6,0.785,0.69889,0.40018,670.9,683.1,0.009,0.49418,0.33144,474.4,565.8,0.687,0.69798,0.40091,670.1,684.4,0.009,0.63965,0.4692,614.1,800.9,1.0,0.69558,0.4774,667.8,814.9,1.0,0.5374,0.52183,515.9,890.8,0.935,0.61913,0.52827,594.4,901.8,0.69,0.5292,0.59989,508.0,1024.0,0.974,0.67031,0.59666,643.5,1018.5,0.872,0.53562,0.61717,514.2,1053.5,0.968,0.69288,0.60762,665.2,1037.2,0.921,0.48064,0.59718,461.4,1019.4,0.919,0.62705,0.6192,602.0,1057.0,0.737
491,13.56,960,1707,0.65488,0.35536,628.7,606.6,0.987,0.65394,0.35131,627.8,599.7,0.991,0.65329,0.3506,627.2,598.5,0.992,0.65284,0.34978,626.7,597.1,0.994,0.65924,0.35257,632.9,601.8,0.991,0.66209,0.35273,635.6,602.1,0.992,0.66553,0.3527,638.9,602.1,0.993,0.6561,0.34972,629.9,597.0,0.997,0.68265,0.34887,655.3,595.5,0.992,0.65635,0.35734,630.1,610.0,0.977,0.66395,0.35954,637.4,613.7,0.965,0.64106,0.3576,615.4,610.4,1.0,0.74195,0.37703,712.3,643.6,0.997,0.56661,0.3639,544.0,621.2,0.953,0.75646,0.41145,726.2,702.3,0.039,0.50107,0.33994,481.0,580.3,0.804,0.71669,0.40241,688.0,686.9,0.005,0.47655,0.33659,457.5,574.6,0.793,0.71173,0.40315,683.3,688.2,0.009,0.4857,0.32907,466.3,561.7,0.789,0.70074,0.39889,672.7,680.9,0.008,0.49495,0.3315,475.2,565.9,0.69,0.69949,0.39876,671.5,680.7,0.009,0.64074,0.46961,615.1,801.6,1.0,0.69678,0.47691,668.9,814.1,1.0,0.54051,0.52172,518.9,890.6,0.934,0.61286,0.52197,588.3,891.0,0.678,0.52936,0.59998,508.2,1024.2,0.975,0.66078,0.58422,634.3,997.3,0.866,0.53585,0.61758,514.4,1054.2,0.969,0.68277,0.59684,655.5,1018.8,0.919,0.48073,0.59769,461.5,1020.3,0.921,0.62423,0.61204,599.3,1044.7,0.731
492,13.588,960,1707,0.65453,0.35561,628.3,607.0,0.987,0.6534,0.35142,627.3,599.9,0.991,0.65276,0.35071,626.7,598.7,0.993,0.65226,0.34991,626.2,597.3,0.994,0.65837,0.35255,632.0,601.8,0.992,0.66093,0.35265,634.5,602.0,0.992,0.66434,0.35257,637.8,601.8,0.993,0.65534,0.34996,629.1,597.4,0.997,0.68239,0.34847,655.1,594.8,0.992,0.65618,0.35754,629.9,610.3,0.977,0.66339,0.35962,636.9,613.9,0.965,0.64092,0.35755,615.3,610.3,1.0,0.74182,0.37679,712.1,643.2,0.997,0.56658,0.36401,543.9,621.4,0.955,0.75626,0.41263,726.0,704.4,0.039,0.50107,0.33993,481.0,580.3,0.804,0.71772,0.40279,689.0,687.6,0.005,0.47655,0.33647,457.5,574.3,0.793,0.7133,0.40357,684.8,688.9,0.008,0.48595,0.32873,466.5,561.1,0.789,0.70174,0.39912,673.7,681.3,0.008,0.49511,0.33121,475.3,565.4,0.69,0.70101,0.39889,673.0,680.9,0.008,0.64145,0.47013,615.8,802.5,1.0,0.69708,0.4763,669.2,813.1,1.0,0.54191,0.52127,520.2,889.8,0.934,0.60779,0.51371,583.5,876.9,0.656,0.52962,0.60042,508.4,1024.9,0.976,0.65116,0.57484,625.1,981.2,0.856,0.53632,0.61852,514.9,1055.8,0.971,0.67278,0.58945,645.9,1006.2,0.916,0.48137,0.59795,462.1,1020.7,0.924,0.61058,0.60079,586.2,1025.5,0.718
493,13.615,960,1707,0.65429,0.3542,628.1,604.6,0.988,0.65335,0.35004,627.2,597.5,0.992,0.65262,0.34927,626.5,596.2,0.993,0.65203,0.34842,625.9,594.7,0.994,0.65801,0.35107,631.7,599.3,0.992,0.66064,0.35102,634.2,599.2,0.993,0.6639,0.35078,637.3,598.8,0.994,0.65528,0.34847,629.1,594.8,0.997,0.68202,0.34666,654.7,591.7,0.993,0.6559,0.35576,629.7,607.3,0.979,0.66307,0.35748,636.6,610.2,0.967,0.64103,0.35698,615.4,609.4,1.0,0.74166,0.37613,712.0,642.0,0.997,0.56648,0.36403,543.8,621.4,0.958,0.75607,0.41383,725.8,706.4,0.039,0.50105,0.33989,481.0,580.2,0.807,0.71757,0.40373,688.9,689.2,0.005,0.47643,0.33651,457.4,574.4,0.796,0.71291,0.40695,684.4,694.7,0.008,0.48595,0.32862,466.5,560.9,0.792,0.70157,0.40054,673.5,683.7,0.007,0.4951,0.33106,475.3,565.1,0.693,0.70085,0.39962,672.8,682.1,0.008,0.64148,0.47086,615.8,803.8,1.0,0.69716,0.47639,669.3,813.2,1.0,0.54223,0.52205,520.5,891.1,0.937,0.60437,0.50976,580.2,870.2,0.626,0.52962,0.60386,508.4,1030.8,0.977,0.64184,0.57326,616.2,978.6,0.836,0.5368,0.62188,515.3,1061.6,0.972,0.66613,0.58931,639.5,1006.0,0.909,0.47726,0.59907,458.2,1022.6,0.927,0.59186,0.59177,568.2,1010.2,0.693
494,13.643,960,1707,0.65365,0.35342,627.5,603.3,0.988,0.6531,0.34933,627.0,596.3,0.992,0.65246,0.34759,626.4,593.3,0.993,0.65198,0.34656,625.9,591.6,0.994,0.65684,0.35049,630.6,598.3,0.992,0.65994,0.35022,633.5,597.8,0.993,0.66287,0.34982,636.4,597.1,0.994,0.65546,0.34655,629.2,591.6,0.997,0.68183,0.34501,654.6,588.9,0.993,0.65586,0.35409,629.6,604.4,0.979,0.66195,0.3556,635.5,607.0,0.967,0.64129,0.35643,615.6,608.4,1.0,0.7415,0.37599,711.8,641.8,0.997,0.56611,0.36404,543.5,621.4,0.959,0.75494,0.41588,724.7,709.9,0.038,0.50025,0.33962,480.2,579.7,0.797,0.7157,0.40597,687.1,693.0,0.004,0.47636,0.33621,457.3,573.9,0.784,0.7118,0.41016,683.3,700.1,0.007,0.48595,0.32862,466.5,561.0,0.779,0.7002,0.40309,672.2,688.1,0.007,0.49502,0.33108,475.2,565.1,0.678,0.69961,0.40194,671.6,686.1,0.007,0.64135,0.47202,615.7,805.7,1.0,0.69433,0.47636,666.6,813.2,1.0,0.54239,0.52281,520.7,892.4,0.937,0.60199,0.50097,577.9,855.2,0.579,0.52971,0.60415,508.5,1031.3,0.977,0.63498,0.5629,609.6,960.9,0.787,0.53729,0.62195,515.8,1061.7,0.972,0.656,0.57997,629.8,990.0,0.883,0.47473,0.59971,455.7,1023.7,0.924,0.60352,0.57576,579.4,982.8,0.644
495,13.671,960,1707,0.64923,0.35384,623.3,604.0,0.989,0.64964,0.34967,623.7,596.9,0.992,0.64929,0.34799,623.3,594.0,0.993,0.64912,0.34699,623.2,592.3,0.995,0.65371,0.35083,627.6,598.9,0.993,0.656,0.3506,629.8,598.5,0.993,0.65822,0.35022,631.9,597.8,0.994,0.65412,0.34711,628.0,592.5,0.997,0.67008,0.34515,643.3,589.2,0.994,0.65241,0.35476,626.3,605.6,0.979,0.6585,0.35623,632.2,608.1,0.968,0.64088,0.35684,615.2,609.1,1.0,0.74098,0.37521,711.3,640.5,0.997,0.56587,0.36404,543.2,621.4,0.96,0.75507,0.41593,724.9,710.0,0.037,0.5004,0.33964,480.4,579.8,0.786,0.715,0.40679,686.4,694.4,0.004,0.47646,0.33621,457.4,573.9,0.773,0.71106,0.41105,682.6,701.7,0.007,0.48638,0.32863,466.9,561.0,0.768,0.6989,0.40365,670.9,689.0,0.007,0.49568,0.33112,475.9,565.2,0.666,0.69964,0.40306,671.7,688.0,0.007,0.64104,0.47212,615.4,805.9,1.0,0.69303,0.47531,665.3,811.4,1.0,0.54359,0.52377,521.8,894.1,0.939,0.60013,0.49111,576.1,838.3,0.543,0.53068,0.60446,509.5,1031.8,0.977,0.62246,0.55946,597.6,955.0,0.763,0.54021,0.62199,518.6,1061.7,0.973,0.64112,0.57333,615.5,978.7,0.873,0.47532,0.60054,456.3,1025.1,0.925,0.57364,0.57229,550.7,976.9,0.616
496,13.698,960,1707,0.64884,0.35413,622.9,604.5,0.99,0.64957,0.34988,623.6,597.2,0.993,0.64903,0.34813,623.1,594.3,0.994,0.64889,0.34709,622.9,592.5,0.995,0.65349,0.35106,627.3,599.3,0.993,0.65563,0.35086,629.4,598.9,0.994,0.65831,0.35051,632.0,598.3,0.994,0.65404,0.3472,627.9,592.7,0.997,0.67181,0.34588,644.9,590.4,0.994,0.65214,0.35519,626.1,606.3,0.98,0.65812,0.35671,631.8,608.9,0.97,0.64058,0.35709,615.0,609.6,1.0,0.74023,0.37507,710.6,640.2,0.997,0.56586,0.36374,543.2,620.9,0.962,0.7532,0.4162,723.1,710.5,0.036,0.50042,0.33961,480.4,579.7,0.792,0.71414,0.40728,685.6,695.2,0.004,0.4763,0.33647,457.2,574.4,0.778,0.71039,0.41176,682.0,702.9,0.007,0.48637,0.32863,466.9,561.0,0.774,0.69852,0.40443,670.6,690.4,0.006,0.49571,0.33114,475.9,565.3,0.673,0.69875,0.40376,670.8,689.2,0.007,0.64104,0.47218,615.4,806.0,1.0,0.69319,0.47347,665.5,808.2,0.999,0.54444,0.52387,522.7,894.3,0.939,0.60477,0.47765,580.6,815.4,0.502,0.53202,0.60522,510.7,1033.1,0.976,0.61875,0.55206,594.0,942.4,0.721,0.54261,0.6232,520.9,1063.8,0.973,0.63441,0.56466,609.0,963.9,0.854,0.47403,0.60174,455.1,1027.2,0.923,0.5739,0.55909,550.9,954.4,0.578
497,13.726,960,1707,0.64568,0.35433,619.9,604.8,0.99,0.64593,0.35001,620.1,597.5,0.993,0.64552,0.34825,619.7,594.5,0.994,0.64536,0.34722,619.5,592.7,0.995,0.64991,0.35123,623.9,599.5,0.994,0.65188,0.35104,625.8,599.2,0.994,0.65412,0.35069,628.0,598.6,0.995,0.65108,0.3475,625.0,593.2,0.997,0.66472,0.34597,638.1,590.6,0.994,0.6487,0.35549,622.8,606.8,0.981,0.65416,0.35692,628.0,609.3,0.971,0.63977,0.35725,614.2,609.8,1.0,0.73948,0.37458,709.9,639.4,0.997,0.56578,0.36382,543.1,621.0,0.962,0.75319,0.4168,723.1,711.5,0.035,0.50074,0.33976,480.7,580.0,0.785,0.71419,0.40729,685.6,695.2,0.004,0.47653,0.33704,457.5,575.3,0.772,0.71036,0.4115,681.9,702.4,0.007,0.48671,0.32887,467.2,561.4,0.767,0.6986,0.40443,670.7,690.4,0.006,0.49621,0.33138,476.4,565.7,0.665,0.69891,0.40379,671.0,689.3,0.007,0.64101,0.47179,615.4,805.3,1.0,0.69307,0.47235,665.4,806.3,0.999,0.54515,0.52386,523.3,894.2,0.942,0.59719,0.4788,573.3,817.3,0.475,0.53364,0.60497,512.3,1032.7,0.977,0.62003,0.54981,595.2,938.5,0.699,0.54307,0.62297,521.3,1063.4,0.974,0.63652,0.55984,611.1,955.7,0.847,0.4763,0.60168,457.2,1027.1,0.925,0.58242,0.55515,559.1,947.6,0.555
498,13.753,960,1707,0.64274,0.35477,617.0,605.6,0.991,0.64278,0.35047,617.1,598.2,0.993,0.64262,0.34871,616.9,595.3,0.994,0.64246,0.34767,616.8,593.5,0.995,0.64665,0.35158,620.8,600.1,0.994,0.64888,0.35131,622.9,599.7,0.995,0.65101,0.35091,625.0,599.0,0.995,0.64962,0.34767,623.6,593.5,0.998,0.66154,0.34683,635.1,592.0,0.995,0.64587,0.35558,620.0,607.0,0.981,0.65072,0.35699,624.7,609.4,0.972,0.63976,0.35734,614.2,610.0,1.0,0.73878,0.37446,709.2,639.2,0.997,0.56576,0.36356,543.1,620.6,0.961,0.7553,0.41695,725.1,711.7,0.034,0.50084,0.33976,480.8,580.0,0.77,0.71411,0.40734,685.5,695.3,0.004,0.47698,0.33724,457.9,575.7,0.756,0.7097,0.41139,681.3,702.2,0.006,0.48674,0.32916,467.3,561.9,0.751,0.69731,0.40445,669.4,690.4,0.006,0.49623,0.33163,476.4,566.1,0.648,0.69828,0.40411,670.3,689.8,0.006,0.63963,0.47137,614.0,804.6,1.0,0.69117,0.47213,663.5,805.9,0.999,0.54508,0.52666,523.3,899.0,0.941,0.59967,0.47722,575.7,814.6,0.446,0.5342,0.6049,512.8,1032.6,0.976,0.61602,0.54404,591.4,928.7,0.668,0.5433,0.62283,521.6,1063.2,0.973,0.62943,0.55473,604.2,946.9,0.83,0.4775,0.60061,458.4,1025.2,0.92,0.57971,0.54944,556.5,937.9,0.522
499,13.781,960,1707,0.64219,0.35468,616.5,605.4,0.991,0.64236,0.35051,616.7,598.3,0.994,0.64205,0.34897,616.4,595.7,0.995,0.64173,0.34795,616.1,594.0,0.995,0.64689,0.35147,621.0,600.0,0.994,0.64922,0.35125,623.3,599.6,0.995,0.65154,0.35089,625.5,599.0,0.995,0.6491,0.34788,623.1,593.8,0.998,0.66275,0.34695,636.2,592.2,0.995,0.64491,0.35569,619.1,607.2,0.982,0.65041,0.35699,624.4,609.4,0.973,0.63895,0.35717,613.4,609.7,1.0,0.73858,0.3742,709.0,638.8,0.997,0.56583,0.36312,543.2,619.8,0.961,0.7568,0.41719,726.5,712.1,0.034,0.50101,0.33955,481.0,579.6,0.761,0.71411,0.4074,685.5,695.4,0.004,0.47756,0.33694,458.5,575.2,0.747,0.70843,0.41218,680.1,703.6,0.006,0.48683,0.3291,467.4,561.8,0.741,0.69582,0.40564,668.0,692.4,0.006,0.49642,0.33163,476.6,566.1,0.638,0.69743,0.40504,669.5,691.4,0.006,0.63978,0.46918,614.2,800.9,1.0,0.69099,0.46973,663.3,801.8,0.999,0.5468,0.53005,524.9,904.8,0.94,0.57977,0.47645,556.6,813.3,0.422,0.53419,0.60558,512.8,1033.7,0.974,0.6197,0.53932,594.9,920.6,0.632,0.54317,0.62364,521.4,1064.6,0.972,0.63955,0.55889,614.0,954.0,0.811,0.47717,0.60055,458.1,1025.1,0.915,0.58379,0.54702,560.4,933.8,0.489
500,13.809,960,1707,0.63878,0.35532,613.2,606.5,0.991,0.63886,0.35104,613.3,599.2,0.994,0.63883,0.34965,613.3,596.9,0.995,0.63916,0.34832,613.6,594.6,0.995,0.64311,0.35182,617.4,600.6,0.994,0.64547,0.3515,619.6,600.0,0.995,0.6483,0.35104,622.4,599.2,0.995,0.64726,0.348,621.4,594.0,0.998,0.65972,0.34705,633.3,592.4,0.995,0.64267,0.35572,617.0,607.2,0.981,0.64758,0.35712,621.7,609.6,0.972,0.63897,0.35691,613.4,609.2,1.0,0.73872,0.37417,709.2,638.7,0.997,0.56601,0.3625,543.4,618.8,0.96,0.75828,0.41722,728.0,712.2,0.035,0.50097,0.33938,480.9,579.3,0.744,0.71332,0.41012,684.8,700.1,0.003,0.47675,0.33684,457.7,575.0,0.73,0.70431,0.41539,676.1,709.1,0.006,0.48654,0.32872,467.1,561.1,0.724,0.69177,0.40899,664.1,698.1,0.005,0.49637,0.33125,476.5,565.4,0.619,0.69489,0.40811,667.1,696.6,0.006,0.63979,0.4689,614.2,800.4,1.0,0.68678,0.4695,659.3,801.4,0.999,0.54852,0.53095,526.6,906.3,0.928,0.56316,0.47582,540.6,812.2,0.392,0.53446,0.60545,513.1,1033.5,0.967,0.61717,0.53989,592.5,921.6,0.585,0.54327,0.62278,521.5,1063.1,0.966,0.64356,0.56053,617.8,956.8,0.776,0.47685,0.60048,457.8,1025.0,0.896,0.58181,0.55211,558.5,942.5,0.45
501,13.836,960,1707,0.63455,0.35677,609.2,609.0,0.991,0.63522,0.35218,609.8,601.2,0.994,0.63545,0.35085,610.0,598.9,0.995,0.63569,0.34958,610.3,596.7,0.995,0.63913,0.35286,613.6,602.3,0.995,0.64148,0.35237,615.8,601.5,0.995,0.64382,0.35174,618.1,600.4,0.996,0.64476,0.34811,619.0,594.2,0.998,0.6547,0.34755,628.5,593.3,0.995,0.63943,0.35649,613.8,608.5,0.981,0.64394,0.35768,618.2,610.6,0.972,0.63888,0.35679,613.3,609.0,1.0,0.73843,0.3743,708.9,638.9,0.997,0.56598,0.36171,543.3,617.4,0.959,0.7591,0.41805,728.7,713.6,0.034,0.50096,0.33936,480.9,579.3,0.731,0.71319,0.41116,684.7,701.8,0.003,0.47683,0.33689,457.8,575.1,0.717,0.70283,0.41696,674.7,711.8,0.005,0.48653,0.32874,467.1,561.2,0.71,0.68991,0.41077,662.3,701.2,0.005,0.49634,0.33125,476.5,565.5,0.603,0.69356,0.40998,665.8,699.8,0.005,0.63905,0.4689,613.5,800.4,1.0,0.68509,0.46969,657.7,801.8,0.999,0.55127,0.53092,529.2,906.3,0.914,0.57387,0.47531,550.9,811.4,0.363,0.53409,0.60392,512.7,1030.9,0.959,0.61908,0.54013,594.3,922.0,0.54,0.54296,0.62116,521.2,1060.3,0.96,0.62774,0.54742,602.6,934.4,0.739,0.47506,0.60031,456.1,1024.7,0.876,0.58334,0.54888,560.0,936.9,0.413
502,13.864,960,1707,0.63512,0.35653,609.7,608.6,0.991,0.63597,0.35175,610.5,600.4,0.994,0.63609,0.35058,610.6,598.4,0.995,0.63621,0.34942,610.8,596.5,0.996,0.63977,0.35258,614.2,601.9,0.995,0.64211,0.35213,616.4,601.1,0.995,0.64457,0.35155,618.8,600.1,0.996,0.6445,0.34805,618.7,594.1,0.998,0.65521,0.34779,629.0,593.7,0.995,0.63952,0.35641,613.9,608.4,0.981,0.64412,0.35759,618.4,610.4,0.971,0.63908,0.35603,613.5,607.7,1.0,0.73824,0.37432,708.7,639.0,0.997,0.56586,0.36113,543.2,616.4,0.959,0.75897,0.41841,728.6,714.2,0.034,0.50085,0.33937,480.8,579.3,0.733,0.7108,0.41651,682.4,711.0,0.003,0.47685,0.3369,457.8,575.1,0.717,0.69919,0.41823,671.2,713.9,0.005,0.48643,0.32876,467.0,561.2,0.711,0.68631,0.41215,658.9,703.5,0.005,0.49628,0.33126,476.4,565.5,0.603,0.69001,0.41128,662.4,702.1,0.005,0.63908,0.46794,613.5,798.8,1.0,0.68238,0.46951,655.1,801.4,0.999,0.55419,0.53039,532.0,905.4,0.897,0.57071,0.47655,547.9,813.5,0.337,0.53319,0.60143,511.9,1026.6,0.951,0.62096,0.53147,596.1,907.2,0.498,0.54292,0.61727,521.2,1053.7,0.954,0.63409,0.54294,608.7,926.8,0.706,0.47394,0.59943,455.0,1023.2,0.857,0.59985,0.54967,575.9,938.3,0.38
503,13.892,960,1707,0.63548,0.35647,610.1,608.5,0.992,0.63623,0.35173,610.8,600.4,0.994,0.63627,0.35058,610.8,598.4,0.995,0.63629,0.34939,610.8,596.4,0.996,0.63988,0.35258,614.3,601.8,0.995,0.64281,0.35214,617.1,601.1,0.995,0.6453,0.35157,619.5,600.1,0.996,0.64532,0.34806,619.5,594.1,0.998,0.65584,0.34805,629.6,594.1,0.995,0.63958,0.35641,614.0,608.4,0.981,0.64457,0.35764,618.8,610.5,0.971,0.64111,0.35502,615.5,606.0,1.0,0.73825,0.37516,708.7,640.4,0.997,0.56692,0.36075,544.2,615.8,0.961,0.75884,0.41956,728.5,716.2,0.032,0.50086,0.33929,480.8,579.2,0.743,0.70575,0.42221,677.5,720.7,0.003,0.47678,0.33687,457.7,575.0,0.727,0.69374,0.42272,666.0,721.6,0.005,0.48614,0.32864,466.7,561.0,0.721,0.68095,0.41685,653.7,711.6,0.004,0.49623,0.33114,476.4,565.3,0.613,0.68448,0.4159,657.1,709.9,0.005,0.63919,0.46649,613.6,796.3,1.0,0.68231,0.46906,655.0,800.7,0.999,0.55635,0.53028,534.1,905.2,0.879,0.56001,0.47631,537.6,813.1,0.312,0.53223,0.60085,510.9,1025.6,0.941,0.61366,0.53262,589.1,909.2,0.457,0.54236,0.61667,520.7,1052.7,0.947,0.62617,0.54263,601.1,926.3,0.671,0.4716,0.59858,452.7,1021.8,0.839,0.5953,0.55229,571.5,942.8,0.349
504,13.919,960,1707,0.63571,0.35611,610.3,607.9,0.992,0.63711,0.35117,611.6,599.4,0.994,0.63734,0.35014,611.8,597.7,0.995,0.6374,0.34904,611.9,595.8,0.996,0.64038,0.35233,614.8,601.4,0.995,0.64291,0.35191,617.2,600.7,0.995,0.64559,0.3514,619.8,599.8,0.996,0.64673,0.34778,620.9,593.7,0.997,0.65598,0.34817,629.7,594.3,0.995,0.64023,0.35612,614.6,607.9,0.98,0.6449,0.35735,619.1,610.0,0.97,0.64219,0.35423,616.5,604.7,1.0,0.73836,0.37518,708.8,640.4,0.997,0.56784,0.36083,545.1,615.9,0.959,0.75834,0.41977,728.0,716.5,0.03,0.50106,0.33941,481.0,579.4,0.744,0.70324,0.42236,675.1,721.0,0.003,0.47717,0.33684,458.1,575.0,0.727,0.69175,0.4222,664.1,720.7,0.004,0.48628,0.32861,466.8,560.9,0.72,0.67845,0.41617,651.3,710.4,0.004,0.49622,0.33112,476.4,565.2,0.608,0.68143,0.4154,654.2,709.1,0.004,0.63919,0.46478,613.6,793.4,1.0,0.68215,0.46916,654.9,800.8,0.999,0.55881,0.52994,536.5,904.6,0.822,0.55782,0.47846,535.5,816.7,0.283,0.52885,0.59912,507.7,1022.7,0.896,0.58169,0.53758,558.4,917.6,0.414,0.53902,0.61424,517.5,1048.5,0.915,0.59143,0.54699,567.8,933.7,0.616,0.46653,0.59858,447.9,1021.8,0.785,0.5581,0.5535,535.8,944.8,0.316
505,13.947,960,1707,0.63182,0.35671,606.5,608.9,0.99,0.63186,0.35135,606.6,599.7,0.993,0.63206,0.35028,606.8,597.9,0.994,0.63201,0.34916,606.7,596.0,0.995,0.63521,0.35247,609.8,601.7,0.994,0.63764,0.35202,612.1,600.9,0.994,0.63992,0.35151,614.3,600.0,0.995,0.64088,0.3478,615.2,593.7,0.997,0.64975,0.34829,623.8,594.5,0.994,0.63682,0.3567,611.3,608.9,0.978,0.64157,0.35787,615.9,610.9,0.966,0.64217,0.3536,616.5,603.6,1.0,0.73802,0.375,708.5,640.1,0.997,0.56665,0.36082,544.0,615.9,0.958,0.75683,0.41995,726.6,716.9,0.028,0.50076,0.33941,480.7,579.4,0.738,0.70373,0.41988,675.6,716.7,0.003,0.47705,0.33616,458.0,573.8,0.72,0.69311,0.42153,665.4,719.6,0.004,0.48656,0.32829,467.1,560.4,0.713,0.68016,0.41561,653.0,709.5,0.004,0.49623,0.33097,476.4,565.0,0.598,0.68292,0.41494,655.6,708.3,0.004,0.63824,0.46484,612.7,793.5,1.0,0.67966,0.46929,652.5,801.1,0.999,0.55831,0.52977,536.0,904.3,0.783,0.56473,0.47747,542.1,815.0,0.257,0.52651,0.59822,505.5,1021.2,0.869,0.59573,0.53656,571.9,915.9,0.374,0.53555,0.61283,514.1,1046.1,0.9,0.60992,0.54699,585.5,933.7,0.565,0.46666,0.59594,448.0,1017.3,0.744,0.58529,0.54775,561.9,935.0,0.285
506,13.974,960,1707,0.63195,0.3566,606.7,608.7,0.991,0.63174,0.35111,606.5,599.4,0.994,0.63181,0.35007,606.5,597.6,0.994,0.63162,0.34899,606.4,595.7,0.995,0.63526,0.35218,609.8,601.2,0.994,0.6376,0.35178,612.1,600.5,0.995,0.63975,0.35131,614.2,599.7,0.995,0.63986,0.34747,614.3,593.1,0.997,0.6498,0.34822,623.8,594.4,0.994,0.63677,0.35663,611.3,608.8,0.979,0.64162,0.35778,616.0,610.7,0.966,0.64214,0.3527,616.5,602.1,1.0,0.73803,0.37533,708.5,640.7,0.997,0.56661,0.36086,543.9,616.0,0.958,0.75476,0.42127,724.6,719.1,0.028,0.50091,0.33941,480.9,579.4,0.747,0.70111,0.42025,673.1,717.4,0.002,0.47701,0.33616,457.9,573.8,0.728,0.69032,0.42203,662.7,720.4,0.004,0.48658,0.32829,467.1,560.4,0.721,0.67707,0.4158,650.0,709.8,0.004,0.49625,0.33095,476.4,564.9,0.605,0.68057,0.41524,653.3,708.8,0.004,0.63798,0.46482,612.5,793.4,1.0,0.67636,0.46942,649.3,801.3,0.999,0.55862,0.52967,536.3,904.2,0.751,0.54715,0.47397,525.3,809.1,0.234,0.52415,0.59773,503.2,1020.3,0.844,0.58293,0.53699,559.6,916.6,0.339,0.53396,0.61008,512.6,1041.4,0.885,0.59673,0.54858,572.9,936.4,0.523,0.46488,0.59597,446.3,1017.3,0.711,0.56024,0.54876,537.8,936.7,0.259
507,14.002,960,1707,0.62855,0.35664,603.4,608.8,0.991,0.62918,0.35105,604.0,599.2,0.994,0.6294,0.35001,604.2,597.5,0.994,0.62933,0.34893,604.2,595.6,0.995,0.63245,0.35212,607.2,601.1,0.994,0.63485,0.35174,609.5,600.4,0.995,0.63706,0.3513,611.6,599.7,0.995,0.63771,0.34708,612.2,592.5,0.997,0.64732,0.34828,621.4,594.5,0.994,0.63389,0.35675,608.5,609.0,0.979,0.63828,0.35791,612.7,611.0,0.967,0.64207,0.35192,616.4,600.7,1.0,0.73774,0.37528,708.2,640.6,0.997,0.56541,0.36048,542.8,615.3,0.958,0.7543,0.42137,724.1,719.3,0.027,0.50074,0.33956,480.7,579.6,0.747,0.69971,0.41946,671.7,716.0,0.002,0.47654,0.3364,457.5,574.2,0.727,0.69023,0.42132,662.6,719.2,0.004,0.48607,0.32897,466.6,561.5,0.72,0.67785,0.41514,650.7,708.6,0.003,0.49569,0.33142,475.9,565.7,0.602,0.68128,0.41461,654.0,707.7,0.004,0.63737,0.46429,611.9,792.5,1.0,0.67505,0.46865,648.1,800.0,0.999,0.56032,0.52955,537.9,903.9,0.714,0.54069,0.47493,519.1,810.7,0.213,0.52457,0.59722,503.6,1019.5,0.81,0.54407,0.53792,522.3,918.2,0.309,0.53428,0.60939,512.9,1040.2,0.861,0.54708,0.55079,525.2,940.2,0.487,0.46326,0.59611,444.7,1017.6,0.674,0.50744,0.55061,487.1,939.9,0.236
508,14.03,960,1707,0.62876,0.35649,603.6,608.5,0.992,0.62939,0.35051,604.2,598.3,0.994,0.62956,0.3494,604.4,596.4,0.994,0.62947,0.34826,604.3,594.5,0.996,0.63273,0.35164,607.4,600.2,0.995,0.63514,0.35129,609.7,599.6,0.995,0.63734,0.35088,611.9,598.9,0.996,0.63758,0.34633,612.1,591.2,0.997,0.64726,0.34814,621.4,594.3,0.994,0.63384,0.35669,608.5,608.9,0.98,0.63835,0.35787,612.8,610.9,0.968,0.64216,0.35137,616.5,599.8,1.0,0.73783,0.37529,708.3,640.6,0.997,0.56527,0.36051,542.7,615.4,0.957,0.75454,0.42186,724.4,720.1,0.027,0.50073,0.3397,480.7,579.9,0.75,0.70031,0.41549,672.3,709.2,0.002,0.4766,0.3364,457.5,574.2,0.73,0.69106,0.41874,663.4,714.8,0.003,0.48642,0.329,467.0,561.6,0.722,0.67865,0.41188,651.5,703.1,0.003,0.49586,0.33144,476.0,565.8,0.602,0.68194,0.41141,654.7,702.3,0.003,0.63545,0.46451,610.0,792.9,1.0,0.67488,0.46877,647.9,800.2,0.999,0.55991,0.53021,537.5,905.1,0.678,0.54555,0.47576,523.7,812.1,0.193,0.52487,0.59929,503.9,1023.0,0.78,0.54189,0.53903,520.2,920.1,0.281,0.53436,0.61279,513.0,1046.0,0.844,0.54568,0.55631,523.9,949.6,0.453,0.46363,0.59799,445.1,1020.8,0.64,0.50663,0.55091,486.4,940.4,0.215
509,14.057,960,1707,0.62954,0.35616,604.4,608.0,0.992,0.63012,0.35004,604.9,597.5,0.994,0.63021,0.34895,605.0,595.7,0.994,0.63003,0.34784,604.8,593.8,0.996,0.63357,0.35106,608.2,599.3,0.995,0.63601,0.3507,610.6,598.6,0.995,0.63827,0.3503,612.7,598.0,0.996,0.6376,0.34588,612.1,590.4,0.997,0.64837,0.34785,622.4,593.8,0.994,0.63433,0.3564,609.0,608.4,0.98,0.63904,0.3575,613.5,610.3,0.969,0.64203,0.35088,616.3,599.0,1.0,0.73786,0.37514,708.3,640.4,0.997,0.56526,0.36054,542.6,615.4,0.958,0.75452,0.42184,724.3,720.1,0.026,0.50075,0.33965,480.7,579.8,0.753,0.70062,0.41518,672.6,708.7,0.002,0.4767,0.33613,457.6,573.8,0.731,0.69137,0.4187,663.7,714.7,0.003,0.48735,0.3288,467.9,561.3,0.724,0.67901,0.41205,651.8,703.4,0.003,0.49684,0.3312,477.0,565.4,0.601,0.68235,0.41179,655.1,702.9,0.003,0.63272,0.46465,607.4,793.2,1.0,0.67357,0.46881,646.6,800.3,0.999,0.5595,0.53114,537.1,906.7,0.652,0.54629,0.47599,524.4,812.5,0.177,0.52572,0.59967,504.7,1023.6,0.755,0.53819,0.54097,516.7,923.4,0.257,0.53457,0.61314,513.2,1046.6,0.827,0.53837,0.55842,516.8,953.2,0.426,0.46572,0.59684,447.1,1018.8,0.609,0.5061,0.55171,485.9,941.8,0.197
510,14.085,960,1707,0.62958,0.35605,604.4,607.8,0.992,0.63015,0.34965,604.9,596.9,0.994,0.63019,0.34858,605.0,595.0,0.994,0.62994,0.3475,604.7,593.2,0.996,0.63378,0.35075,608.4,598.7,0.995,0.63631,0.35046,610.9,598.2,0.995,0.63862,0.35013,613.1,597.7,0.996,0.63753,0.3455,612.0,589.8,0.997,0.64876,0.34783,622.8,593.7,0.995,0.63438,0.35633,609.0,608.3,0.981,0.63931,0.35745,613.7,610.2,0.97,0.64197,0.35021,616.3,597.8,1.0,0.73784,0.37511,708.3,640.3,0.997,0.56514,0.36056,542.5,615.5,0.959,0.75431,0.42182,724.1,720.0,0.027,0.50071,0.33986,480.7,580.1,0.759,0.70086,0.41512,672.8,708.6,0.002,0.47678,0.33646,457.7,574.3,0.736,0.69079,0.41868,663.2,714.7,0.003,0.48734,0.32914,467.8,561.8,0.729,0.67897,0.41263,651.8,704.4,0.003,0.4968,0.33145,476.9,565.8,0.606,0.68271,0.41253,655.4,704.2,0.003,0.63085,0.46475,605.6,793.3,1.0,0.6705,0.4689,643.7,800.4,0.999,0.55917,0.53172,536.8,907.7,0.646,0.53676,0.47649,515.3,813.4,0.164,0.52582,0.59991,504.8,1024.1,0.747,0.52679,0.54481,505.7,930.0,0.24,0.5348,0.61383,513.4,1047.8,0.819,0.53103,0.56174,509.8,958.9,0.411,0.46593,0.59849,447.3,1021.6,0.596,0.47128,0.55209,452.4,942.4,0.184
511,14.113,960,1707,0.62988,0.35438,604.7,604.9,0.992,0.63034,0.34789,605.1,593.8,0.994,0.63029,0.34689,605.1,592.1,0.995,0.62993,0.34588,604.7,590.4,0.996,0.63412,0.34898,608.8,595.7,0.995,0.63668,0.34874,611.2,595.3,0.995,0.63901,0.34847,613.4,594.8,0.996,0.63719,0.34415,611.7,587.5,0.997,0.64918,0.34672,623.2,591.9,0.995,0.63447,0.35512,609.1,606.2,0.982,0.63954,0.35619,614.0,608.0,0.971,0.64171,0.34988,616.0,597.2,1.0,0.73731,0.37471,707.8,639.6,0.997,0.5649,0.36054,542.3,615.4,0.96,0.75433,0.42003,724.2,717.0,0.029,0.50137,0.3398,481.3,580.0,0.767,0.70062,0.41473,672.6,707.9,0.002,0.47847,0.33644,459.3,574.3,0.744,0.69001,0.41806,662.4,713.6,0.003,0.48878,0.32918,469.2,561.9,0.737,0.67872,0.41262,651.6,704.3,0.003,0.49784,0.33146,477.9,565.8,0.613,0.68287,0.41253,655.6,704.2,0.003,0.62948,0.46481,604.3,793.4,1.0,0.6659,0.46897,639.3,800.5,0.999,0.55905,0.53216,536.7,908.4,0.66,0.52623,0.47647,505.2,813.3,0.159,0.52626,0.60077,505.2,1025.5,0.756,0.51682,0.5497,496.1,938.3,0.237,0.53528,0.6154,513.9,1050.5,0.82,0.5222,0.56644,501.3,966.9,0.415,0.46609,0.59985,447.4,1024.0,0.604,0.45494,0.55236,436.7,942.9,0.181
512,14.14,960,1707,0.63012,0.35348,604.9,603.4,0.993,0.63048,0.34705,605.3,592.4,0.995,0.63035,0.34606,605.1,590.7,0.995,0.62991,0.34503,604.7,589.0,0.996,0.63438,0.34833,609.0,594.6,0.995,0.63695,0.34821,611.5,594.4,0.995,0.63928,0.34805,613.7,594.1,0.996,0.63718,0.34342,611.7,586.2,0.997,0.64953,0.34653,623.5,591.5,0.995,0.63457,0.35447,609.2,605.1,0.983,0.63975,0.35569,614.2,607.2,0.972,0.64168,0.3496,616.0,596.8,1.0,0.73583,0.37472,706.4,639.6,0.997,0.56486,0.36001,542.3,614.5,0.962,0.7543,0.41968,724.1,716.4,0.03,0.50161,0.33977,481.5,580.0,0.779,0.70025,0.41473,672.2,707.9,0.002,0.4785,0.33672,459.4,574.8,0.755,0.68911,0.41806,661.5,713.6,0.003,0.48875,0.32933,469.2,562.2,0.748,0.67833,0.41273,651.2,704.5,0.003,0.49782,0.33147,477.9,565.8,0.626,0.68281,0.41277,655.5,704.6,0.003,0.62946,0.46476,604.3,793.3,1.0,0.66434,0.46816,637.8,799.2,0.999,0.55999,0.53203,537.6,908.2,0.675,0.51963,0.4764,498.8,813.2,0.156,0.52725,0.60065,506.2,1025.3,0.768,0.51036,0.55044,489.9,939.6,0.239,0.53671,0.61512,515.2,1050.0,0.824,0.51723,0.56734,496.5,968.4,0.42,0.46615,0.60037,447.5,1024.8,0.62,0.44608,0.55301,428.2,944.0,0.183
513,14.168,960,1707,0.63005,0.35284,604.8,602.3,0.993,0.63026,0.34652,605.0,591.5,0.995,0.63001,0.34555,604.8,589.8,0.995,0.62945,0.34454,604.3,588.1,0.996,0.63437,0.34778,609.0,593.7,0.995,0.63696,0.3477,611.5,593.5,0.996,0.63931,0.34756,613.7,593.3,0.996,0.63676,0.34288,611.3,585.3,0.997,0.64966,0.34611,623.7,590.8,0.995,0.63424,0.35402,608.9,604.3,0.983,0.63959,0.35526,614.0,606.4,0.973,0.64115,0.34963,615.5,596.8,1.0,0.73311,0.37425,703.8,638.9,0.997,0.56488,0.35929,542.3,613.3,0.964,0.75537,0.41846,725.2,714.3,0.035,0.50167,0.33975,481.6,579.9,0.793,0.6994,0.41755,671.4,712.8,0.002,0.4794,0.337,460.2,575.3,0.769,0.68605,0.41907,658.6,715.3,0.003,0.48879,0.32978,469.2,562.9,0.762,0.67792,0.4153,650.8,708.9,0.003,0.49782,0.33165,477.9,566.1,0.643,0.68259,0.41519,655.3,708.7,0.003,0.62847,0.46479,603.3,793.4,1.0,0.66126,0.46785,634.8,798.6,0.999,0.56083,0.53193,538.4,908.0,0.699,0.51725,0.47652,496.6,813.4,0.157,0.52804,0.60085,506.9,1025.7,0.786,0.51093,0.55268,490.5,943.4,0.252,0.53682,0.6153,515.3,1050.3,0.835,0.51772,0.57003,497.0,973.0,0.441,0.46622,0.60032,447.6,1024.7,0.646,0.44925,0.55635,431.3,949.7,0.194
514,14.195,960,1707,0.63013,0.35148,604.9,600.0,0.993,0.63031,0.34562,605.1,590.0,0.995,0.63009,0.3447,604.9,588.4,0.995,0.62956,0.34371,604.4,586.7,0.996,0.63446,0.34685,609.1,592.1,0.996,0.63704,0.34681,611.6,592.0,0.996,0.63939,0.3467,613.8,591.8,0.996,0.63679,0.3423,611.3,584.3,0.998,0.64977,0.34547,623.8,589.7,0.995,0.63433,0.35298,609.0,602.5,0.984,0.6397,0.35422,614.1,604.7,0.974,0.64114,0.34961,615.5,596.8,1.0,0.7317,0.37421,702.4,638.8,0.997,0.56488,0.35859,542.3,612.1,0.966,0.75321,0.41842,723.1,714.2,0.038,0.5017,0.33973,481.6,579.9,0.799,0.69955,0.41535,671.6,709.0,0.002,0.47971,0.33729,460.5,575.8,0.774,0.68661,0.41795,659.1,713.4,0.003,0.48878,0.3301,469.2,563.5,0.767,0.67804,0.41432,650.9,707.2,0.003,0.49774,0.33192,477.8,566.6,0.647,0.68217,0.41225,654.9,703.7,0.003,0.62696,0.46469,601.9,793.2,1.0,0.65856,0.46762,632.2,798.2,0.999,0.56325,0.53097,540.7,906.4,0.722,0.51522,0.47811,494.6,816.1,0.162,0.52774,0.59949,506.6,1023.3,0.803,0.50607,0.55785,485.8,952.2,0.274,0.53571,0.6141,514.3,1048.3,0.847,0.51079,0.5744,490.4,980.5,0.466,0.46623,0.59859,447.6,1021.8,0.672,0.44886,0.56085,430.9,957.4,0.212
515,14.223,960,1707,0.62886,0.3513,603.7,599.7,0.993,0.62963,0.34523,604.4,589.3,0.995,0.62941,0.34427,604.2,587.7,0.995,0.62889,0.34328,603.7,586.0,0.996,0.63391,0.34643,608.6,591.4,0.995,0.63657,0.34636,611.1,591.2,0.995,0.639,0.3462,613.4,591.0,0.996,0.63645,0.34168,611.0,583.3,0.997,0.64958,0.34479,623.6,588.6,0.995,0.63282,0.35275,607.5,602.1,0.983,0.63829,0.35398,612.8,604.2,0.973,0.64034,0.34951,614.7,596.6,1.0,0.73051,0.37299,701.3,636.7,0.998,0.5641,0.35817,541.5,611.4,0.968,0.75305,0.41711,722.9,712.0,0.04,0.50188,0.3394,481.8,579.4,0.802,0.69967,0.41497,671.7,708.4,0.002,0.47996,0.33724,460.8,575.7,0.775,0.68721,0.41776,659.7,713.1,0.003,0.48899,0.33007,469.4,563.4,0.768,0.67828,0.4143,651.2,707.2,0.003,0.49786,0.33184,477.9,566.5,0.646,0.68258,0.41232,655.3,703.8,0.003,0.62553,0.46402,600.5,792.1,1.0,0.65682,0.46697,630.5,797.1,0.999,0.56513,0.5308,542.5,906.1,0.743,0.51849,0.48099,497.8,821.0,0.174,0.52726,0.59888,506.2,1022.3,0.819,0.50234,0.5585,482.2,953.4,0.307,0.53536,0.61399,513.9,1048.1,0.856,0.50551,0.57375,485.3,979.4,0.496,0.46729,0.59864,448.6,1021.9,0.694,0.448,0.56228,430.1,959.8,0.236
516,14.251,960,1707,0.62718,0.35145,602.1,599.9,0.993,0.62818,0.34537,603.1,589.6,0.995,0.62798,0.34441,602.9,587.9,0.995,0.62752,0.3434,602.4,586.2,0.996,0.6327,0.34658,607.4,591.6,0.995,0.63554,0.3465,610.1,591.5,0.996,0.63816,0.34634,612.6,591.2,0.996,0.63583,0.3416,610.4,583.1,0.997,0.64933,0.34486,623.4,588.7,0.995,0.63124,0.35283,606.0,602.3,0.984,0.63689,0.35407,611.4,604.4,0.974,0.63997,0.34944,614.4,596.5,1.0,0.72746,0.37244,698.4,635.8,0.998,0.56403,0.35815,541.5,611.4,0.969,0.75019,0.41702,720.2,711.9,0.039,0.50191,0.33902,481.8,578.7,0.807,0.6991,0.41493,671.1,708.3,0.002,0.47986,0.33712,460.7,575.5,0.78,0.6874,0.41776,659.9,713.1,0.003,0.48898,0.33005,469.4,563.4,0.772,0.67792,0.41429,650.8,707.2,0.003,0.49788,0.33166,478.0,566.1,0.65,0.68221,0.41283,654.9,704.7,0.003,0.62333,0.4639,598.4,791.9,1.0,0.65503,0.46696,628.8,797.1,0.999,0.56492,0.53088,542.3,906.2,0.76,0.51945,0.48298,498.7,824.5,0.178,0.52729,0.59977,506.2,1023.8,0.832,0.50033,0.55805,480.3,952.6,0.326,0.53547,0.61564,514.1,1050.9,0.864,0.50311,0.57322,483.0,978.5,0.514,0.46732,0.59862,448.6,1021.8,0.713,0.44842,0.56405,430.5,962.8,0.249
517,14.278,960,1707,0.62699,0.35088,601.9,599.0,0.994,0.62775,0.34489,602.6,588.7,0.995,0.62751,0.34395,602.4,587.1,0.995,0.62703,0.34296,601.9,585.4,0.996,0.63232,0.34611,607.0,590.8,0.996,0.63518,0.34607,609.8,590.7,0.996,0.63782,0.34594,612.3,590.5,0.996,0.63535,0.34107,609.9,582.2,0.998,0.64913,0.34439,623.2,587.9,0.995,0.63106,0.35233,605.8,601.4,0.985,0.6368,0.35351,611.3,603.4,0.975,0.63925,0.34921,613.7,596.1,1.0,0.72748,0.37198,698.4,635.0,0.998,0.56382,0.35785,541.3,610.8,0.97,0.75036,0.41711,720.3,712.0,0.04,0.50191,0.33896,481.8,578.6,0.817,0.69943,0.41539,671.5,709.1,0.002,0.47991,0.33726,460.7,575.7,0.789,0.68761,0.41781,660.1,713.2,0.003,0.48914,0.33029,469.6,563.8,0.782,0.67958,0.41439,652.4,707.4,0.003,0.49804,0.33174,478.1,566.3,0.661,0.68425,0.41327,656.9,705.5,0.003,0.6218,0.46341,596.9,791.0,1.0,0.65505,0.46676,628.8,796.8,0.999,0.5651,0.53109,542.5,906.6,0.776,0.51775,0.4831,497.0,824.6,0.185,0.52678,0.60009,505.7,1024.4,0.844,0.49565,0.55813,475.8,952.7,0.342,0.53524,0.61671,513.8,1052.7,0.87,0.49709,0.57391,477.2,979.7,0.528,0.46744,0.59975,448.7,1023.8,0.729,0.44133,0.56353,423.7,962.0,0.261
518,14.306,960,1707,0.62621,0.3498,601.2,597.1,0.994,0.62689,0.34388,601.8,587.0,0.995,0.62661,0.34294,601.5,585.4,0.995,0.62607,0.34194,601.0,583.7,0.996,0.6315,0.3451,606.2,589.1,0.996,0.6343,0.34506,608.9,589.0,0.996,0.63693,0.34491,611.4,588.8,0.996,0.63431,0.34004,608.9,580.4,0.998,0.64848,0.3433,622.5,586.0,0.995,0.63047,0.35133,605.2,599.7,0.985,0.63613,0.35241,610.7,601.6,0.977,0.63684,0.34905,611.4,595.8,1.0,0.72708,0.37133,698.0,633.9,0.998,0.56271,0.35739,540.2,610.1,0.972,0.74989,0.41718,719.9,712.1,0.043,0.50212,0.33888,482.0,578.5,0.82,0.69993,0.41572,671.9,709.6,0.002,0.48039,0.33736,461.2,575.9,0.79,0.68792,0.41789,660.4,713.3,0.003,0.48948,0.33098,469.9,565.0,0.783,0.67917,0.41437,652.0,707.3,0.003,0.49865,0.33207,478.7,566.8,0.659,0.68349,0.41318,656.1,705.3,0.003,0.61886,0.46265,594.1,789.7,1.0,0.65462,0.46656,628.4,796.4,0.999,0.56629,0.5311,543.6,906.6,0.794,0.51701,0.48391,496.3,826.0,0.202,0.5268,0.60042,505.7,1024.9,0.856,0.49333,0.55773,473.6,952.1,0.375,0.53527,0.61761,513.9,1054.3,0.878,0.49501,0.57361,475.2,979.1,0.554,0.46746,0.59996,448.8,1024.1,0.748,0.43695,0.56344,419.5,961.8,0.286
519,14.333,960,1707,0.62638,0.34774,601.3,593.6,0.994,0.62698,0.34211,601.9,584.0,0.995,0.62666,0.34122,601.6,582.5,0.995,0.62607,0.34028,601.0,580.9,0.996,0.63155,0.34331,606.3,586.0,0.996,0.63426,0.34329,608.9,586.0,0.996,0.63679,0.34314,611.3,585.7,0.996,0.63396,0.33866,608.6,578.1,0.998,0.64801,0.34187,622.1,583.6,0.995,0.6305,0.34935,605.3,596.3,0.986,0.63611,0.35044,610.7,598.2,0.977,0.63658,0.34831,611.1,594.6,1.0,0.72573,0.36942,696.7,630.6,0.998,0.56153,0.35688,539.1,609.2,0.973,0.74814,0.41599,718.2,710.1,0.044,0.50185,0.33829,481.8,577.5,0.829,0.69997,0.4149,672.0,708.2,0.002,0.47916,0.33712,460.0,575.5,0.799,0.6875,0.416,660.0,710.1,0.003,0.4889,0.33054,469.3,564.2,0.791,0.67918,0.41391,652.0,706.5,0.003,0.49805,0.33142,478.1,565.7,0.669,0.6835,0.41277,656.2,704.6,0.003,0.618,0.46048,593.3,786.0,1.0,0.65301,0.46468,626.9,793.2,1.0,0.56649,0.53068,543.8,905.9,0.809,0.51669,0.48388,496.0,826.0,0.212,0.52711,0.60146,506.0,1026.7,0.868,0.49395,0.55776,474.2,952.1,0.395,0.5353,0.61993,513.9,1058.2,0.885,0.4962,0.57388,476.4,979.6,0.572,0.4663,0.60139,447.6,1026.6,0.765,0.43458,0.56327,417.2,961.5,0.301
520,14.361,960,1707,0.62649,0.34494,601.4,588.8,0.994,0.627,0.33983,601.9,580.1,0.995,0.62666,0.33895,601.6,578.6,0.995,0.62607,0.33795,601.0,576.9,0.996,0.6316,0.34106,606.3,582.2,0.996,0.63433,0.34105,609.0,582.2,0.996,0.63687,0.34082,611.4,581.8,0.996,0.6337,0.33678,608.4,574.9,0.997,0.64807,0.33937,622.1,579.3,0.995,0.63056,0.34659,605.3,591.6,0.986,0.63618,0.34779,610.7,593.7,0.977,0.63659,0.34701,611.1,592.3,1.0,0.72405,0.36915,695.1,630.1,0.998,0.5613,0.35689,538.9,609.2,0.975,0.74506,0.41611,715.3,710.3,0.045,0.50264,0.33827,482.5,577.4,0.837,0.6928,0.41803,665.1,713.6,0.002,0.47966,0.33686,460.5,575.0,0.807,0.67905,0.41869,651.9,714.7,0.003,0.48997,0.33018,470.4,563.6,0.799,0.6728,0.41713,645.9,712.0,0.003,0.49946,0.33118,479.5,565.3,0.676,0.6776,0.41587,650.5,709.9,0.003,0.6153,0.45736,590.7,780.7,1.0,0.65114,0.46318,625.1,790.6,1.0,0.56778,0.52997,545.1,904.7,0.824,0.51796,0.4853,497.2,828.4,0.218,0.52799,0.60239,506.9,1028.3,0.878,0.49154,0.55844,471.9,953.3,0.417,0.53533,0.61982,513.9,1058.0,0.892,0.49346,0.5747,473.7,981.0,0.59,0.46735,0.60115,448.7,1026.2,0.78,0.43426,0.56283,416.9,960.8,0.318
521,14.389,960,1707,0.62674,0.34256,601.7,584.8,0.994,0.62773,0.33739,602.6,575.9,0.995,0.62749,0.33651,602.4,574.4,0.995,0.62701,0.3355,601.9,572.7,0.996,0.63219,0.3387,606.9,578.2,0.996,0.6349,0.33873,609.5,578.2,0.996,0.63746,0.3385,612.0,577.8,0.996,0.63439,0.33492,609.0,571.7,0.997,0.64844,0.33748,622.5,576.1,0.995,0.6306,0.34456,605.4,588.2,0.986,0.63624,0.34593,610.8,590.5,0.978,0.63662,0.34603,611.2,590.7,1.0,0.72203,0.36911,693.2,630.1,0.998,0.56125,0.35559,538.8,607.0,0.976,0.73976,0.41558,710.2,709.4,0.045,0.50242,0.33749,482.3,576.1,0.847,0.6792,0.41867,652.0,714.7,0.002,0.47925,0.33639,460.1,574.2,0.818,0.66203,0.41983,635.5,716.6,0.003,0.48923,0.32992,469.7,563.2,0.81,0.65686,0.41769,630.6,713.0,0.003,0.49881,0.33085,478.9,564.8,0.691,0.66163,0.41675,635.2,711.4,0.003,0.6139,0.45712,589.3,780.3,1.0,0.64818,0.46215,622.3,788.9,1.0,0.56774,0.5291,545.0,903.2,0.836,0.51825,0.48541,497.5,828.6,0.219,0.52891,0.60366,507.8,1030.4,0.887,0.49227,0.55861,472.6,953.5,0.426,0.53664,0.6212,515.2,1060.4,0.898,0.49459,0.57565,474.8,982.6,0.603,0.4672,0.60175,448.5,1027.2,0.794,0.43709,0.56279,419.6,960.7,0.326
522,14.416,960,1707,0.6277,0.33987,602.6,580.2,0.993,0.62873,0.33461,603.6,571.2,0.994,0.6284,0.33374,603.3,569.7,0.994,0.62781,0.33276,602.7,568.0,0.996,0.63341,0.336,608.1,573.5,0.995,0.63618,0.33605,610.7,573.6,0.995,0.63884,0.33584,613.3,573.3,0.996,0.63481,0.3323,609.4,567.2,0.997,0.64998,0.33502,624.0,571.9,0.993,0.63081,0.3422,605.6,584.1,0.985,0.63635,0.34374,610.9,586.8,0.975,0.63629,0.34496,610.8,588.8,1.0,0.72139,0.3687,692.5,629.4,0.998,0.56135,0.3551,538.9,606.2,0.977,0.74001,0.41519,710.4,708.7,0.044,0.5023,0.33611,482.2,573.7,0.854,0.67894,0.41965,651.8,716.3,0.002,0.47901,0.33588,459.8,573.4,0.825,0.66321,0.42005,636.7,717.0,0.003,0.48846,0.32863,468.9,561.0,0.818,0.65729,0.41757,631.0,712.8,0.003,0.498,0.32938,478.1,562.3,0.698,0.66163,0.41692,635.2,711.7,0.003,0.61234,0.45655,587.8,779.3,1.0,0.64428,0.46058,618.5,786.2,1.0,0.56739,0.5276,544.7,900.6,0.841,0.51824,0.48544,497.5,828.6,0.21,0.5305,0.60362,509.3,1030.4,0.892,0.4928,0.55865,473.1,953.6,0.424,0.5387,0.62088,517.2,1059.8,0.9,0.49541,0.57609,475.6,983.4,0.605,0.46726,0.60178,448.6,1027.2,0.801,0.43774,0.56267,420.2,960.5,0.323
523,14.444,960,1707,0.62776,0.3383,602.7,577.5,0.992,0.62897,0.3332,603.8,568.8,0.993,0.62866,0.3323,603.5,567.2,0.993,0.6281,0.33131,603.0,565.6,0.995,0.63356,0.33461,608.2,571.2,0.994,0.6363,0.33467,610.8,571.3,0.994,0.63892,0.33446,613.4,570.9,0.995,0.63531,0.3306,609.9,564.3,0.996,0.65003,0.3336,624.0,569.5,0.992,0.63085,0.3405,605.6,581.2,0.983,0.63623,0.34211,610.8,584.0,0.973,0.6363,0.34365,610.8,586.6,1.0,0.72165,0.36839,692.8,628.8,0.998,0.56173,0.35467,539.3,605.4,0.978,0.73748,0.41498,708.0,708.4,0.042,0.50216,0.33554,482.1,572.8,0.861,0.67573,0.41943,648.7,716.0,0.002,0.47871,0.33588,459.6,573.4,0.832,0.66028,0.41998,633.9,716.9,0.003,0.48691,0.32793,467.4,559.8,0.825,0.655,0.41736,628.8,712.4,0.003,0.49661,0.32847,476.7,560.7,0.704,0.65915,0.41671,632.8,711.3,0.003,0.60731,0.45491,583.0,776.5,1.0,0.64274,0.46069,617.0,786.4,1.0,0.56003,0.52483,537.6,895.9,0.811,0.51978,0.48793,499.0,832.9,0.192,0.53675,0.60272,515.3,1028.9,0.872,0.49445,0.55848,474.7,953.3,0.392,0.54604,0.62065,524.2,1059.4,0.882,0.49679,0.57511,476.9,981.7,0.575,0.46958,0.60181,450.8,1027.3,0.773,0.44016,0.56052,422.6,956.8,0.299
524,14.472,960,1707,0.62864,0.33753,603.5,576.2,0.992,0.63019,0.33217,605.0,567.0,0.993,0.63008,0.33114,604.9,565.3,0.993,0.62974,0.33005,604.6,563.4,0.995,0.63433,0.33381,609.0,569.8,0.994,0.637,0.33388,611.5,569.9,0.994,0.63961,0.33368,614.0,569.6,0.995,0.63754,0.32918,612.0,561.9,0.996,0.65124,0.33253,625.2,567.6,0.992,0.63163,0.33952,606.4,579.6,0.983,0.63657,0.34131,611.1,582.6,0.973,0.63671,0.34225,611.2,584.2,1.0,0.72125,0.36811,692.4,628.4,0.998,0.56147,0.35471,539.0,605.5,0.978,0.73393,0.41457,704.6,707.7,0.041,0.50201,0.33555,481.9,572.8,0.861,0.67334,0.41879,646.4,714.9,0.002,0.47819,0.33584,459.1,573.3,0.832,0.65889,0.41836,632.5,714.1,0.003,0.48597,0.32776,466.5,559.5,0.825,0.65363,0.41665,627.5,711.2,0.003,0.49561,0.3283,475.8,560.4,0.701,0.65771,0.41623,631.4,710.5,0.003,0.60549,0.45317,581.3,773.6,1.0,0.63963,0.45971,614.0,784.7,1.0,0.55015,0.52345,528.1,893.5,0.803,0.51532,0.48756,494.7,832.3,0.181,0.54634,0.6009,524.5,1025.7,0.861,0.4884,0.55854,468.9,953.4,0.375,0.56395,0.61883,541.4,1056.3,0.868,0.49343,0.57497,473.7,981.5,0.564,0.47911,0.60235,459.9,1028.2,0.757,0.42765,0.55796,410.5,952.4,0.287
525,14.499,960,1707,0.63019,0.33563,605.0,572.9,0.993,0.6323,0.33013,607.0,563.5,0.993,0.63241,0.32912,607.1,561.8,0.993,0.63224,0.32806,607.0,560.0,0.995,0.63599,0.33187,610.5,566.5,0.994,0.63868,0.33199,613.1,566.7,0.994,0.64137,0.33186,615.7,566.5,0.995,0.64053,0.32749,614.9,559.0,0.996,0.65364,0.33096,627.5,564.9,0.992,0.63307,0.33773,607.7,576.5,0.984,0.63751,0.33962,612.0,579.7,0.975,0.6374,0.3408,611.9,581.8,1.0,0.72054,0.36719,691.7,626.8,0.998,0.56101,0.35398,538.6,604.2,0.979,0.72447,0.41246,695.5,704.1,0.04,0.50188,0.33608,481.8,573.7,0.865,0.66721,0.41682,640.5,711.5,0.002,0.47757,0.33582,458.5,573.2,0.836,0.65336,0.41641,627.2,710.8,0.003,0.48527,0.32777,465.9,559.5,0.829,0.6488,0.41503,622.8,708.5,0.003,0.49489,0.32833,475.1,560.5,0.705,0.65213,0.41464,626.0,707.8,0.003,0.60185,0.45106,577.8,770.0,1.0,0.6386,0.45863,613.1,782.9,1.0,0.53911,0.51983,517.5,887.3,0.812,0.51568,0.4875,495.1,832.2,0.177,0.56121,0.59687,538.8,1018.9,0.865,0.4895,0.55846,469.9,953.3,0.372,0.5806,0.61136,557.4,1043.6,0.871,0.49209,0.57496,472.4,981.5,0.571,0.49338,0.60351,473.6,1030.2,0.763,0.431,0.55751,413.8,951.7,0.285
526,14.527,960,1707,0.63128,0.33273,606.0,568.0,0.993,0.63426,0.32703,608.9,558.2,0.994,0.63448,0.32607,609.1,556.6,0.994,0.63447,0.32511,609.1,555.0,0.995,0.63772,0.32866,612.2,561.0,0.994,0.64052,0.32867,614.9,561.0,0.994,0.64341,0.32844,617.7,560.6,0.995,0.64314,0.32485,617.4,554.5,0.996,0.65635,0.32754,630.1,559.1,0.993,0.63395,0.33509,608.6,572.0,0.985,0.63804,0.33687,612.5,575.0,0.976,0.63843,0.33935,612.9,579.3,1.0,0.71957,0.36496,690.8,623.0,0.998,0.56165,0.35399,539.2,604.3,0.978,0.7174,0.41074,688.7,701.1,0.04,0.50222,0.33636,482.1,574.2,0.851,0.66103,0.41587,634.6,709.9,0.002,0.47793,0.33586,458.8,573.3,0.821,0.64825,0.41571,622.3,709.6,0.003,0.48644,0.32786,467.0,559.7,0.813,0.64452,0.41335,618.7,705.6,0.002,0.49614,0.32838,476.3,560.5,0.682,0.64724,0.41334,621.3,705.6,0.003,0.60081,0.4478,576.8,764.4,1.0,0.63812,0.45568,612.6,777.9,1.0,0.52772,0.51588,506.6,880.6,0.798,0.51623,0.48329,495.6,825.0,0.162,0.57027,0.59049,547.5,1008.0,0.845,0.48977,0.55433,470.2,946.2,0.343,0.59691,0.60315,573.0,1029.6,0.859,0.49078,0.57143,471.1,975.4,0.543,0.50521,0.60366,485.0,1030.5,0.742,0.43307,0.55491,415.7,947.2,0.264
527,14.554,960,1707,0.63227,0.32975,607.0,562.9,0.994,0.63557,0.3243,610.1,553.6,0.994,0.63568,0.32342,610.3,552.1,0.994,0.63559,0.32252,610.2,550.5,0.996,0.63923,0.32568,613.7,555.9,0.995,0.64204,0.32562,616.4,555.8,0.995,0.64496,0.32533,619.2,555.3,0.996,0.64468,0.32254,618.9,550.6,0.996,0.65827,0.3247,631.9,554.3,0.993,0.63457,0.33238,609.2,567.4,0.986,0.63864,0.33394,613.1,570.0,0.978,0.63897,0.33717,613.4,575.6,1.0,0.71758,0.36297,688.9,619.6,0.998,0.56161,0.35372,539.1,603.8,0.978,0.71361,0.40873,685.1,697.7,0.042,0.50218,0.33661,482.1,574.6,0.85,0.65883,0.41317,632.5,705.3,0.002,0.4779,0.33601,458.8,573.6,0.819,0.64811,0.4119,622.2,703.1,0.003,0.48646,0.32788,467.0,559.7,0.81,0.64307,0.41031,617.3,700.4,0.002,0.49612,0.32844,476.3,560.6,0.676,0.64635,0.40931,620.5,698.7,0.003,0.6004,0.44381,576.4,757.6,1.0,0.63728,0.45262,611.8,772.6,1.0,0.52283,0.51224,501.9,874.4,0.805,0.51612,0.48008,495.5,819.5,0.154,0.56373,0.5878,541.2,1003.4,0.843,0.49036,0.55404,470.7,945.7,0.329,0.58621,0.59863,562.8,1021.9,0.858,0.49193,0.57104,472.3,974.8,0.541,0.49827,0.60376,478.3,1030.6,0.741,0.43309,0.55419,415.8,946.0,0.255
528,14.582,960,1707,0.63268,0.32755,607.4,559.1,0.994,0.63625,0.32222,610.8,550.0,0.995,0.63634,0.32146,610.9,548.7,0.995,0.63626,0.32068,610.8,547.4,0.996,0.63992,0.32321,614.3,551.7,0.995,0.64273,0.32303,617.0,551.4,0.995,0.64563,0.32264,619.8,550.7,0.996,0.6458,0.32081,620.0,547.6,0.997,0.65907,0.32216,632.7,549.9,0.994,0.6348,0.33037,609.4,563.9,0.987,0.6388,0.33167,613.3,566.2,0.979,0.63907,0.33554,613.5,572.8,1.0,0.71719,0.36149,688.5,617.1,0.998,0.56167,0.35341,539.2,603.3,0.978,0.71608,0.40651,687.4,693.9,0.044,0.50229,0.33663,482.2,574.6,0.843,0.66119,0.4097,634.7,699.4,0.002,0.4777,0.33601,458.6,573.6,0.812,0.64994,0.40897,623.9,698.1,0.003,0.48638,0.32788,466.9,559.7,0.803,0.64532,0.40501,619.5,691.4,0.002,0.49609,0.32851,476.2,560.8,0.665,0.64865,0.40504,622.7,691.4,0.003,0.60125,0.44135,577.2,753.4,1.0,0.63665,0.44931,611.2,767.0,1.0,0.51644,0.5067,495.8,864.9,0.802,0.51709,0.48017,496.4,819.6,0.148,0.55099,0.58174,529.0,993.0,0.832,0.48981,0.552,470.2,942.3,0.319,0.57969,0.59314,556.5,1012.5,0.849,0.49271,0.56786,473.0,969.3,0.538,0.49455,0.60292,474.8,1029.2,0.728,0.43354,0.55441,416.2,946.4,0.248
529,14.61,960,1707,0.63235,0.32619,607.1,556.8,0.995,0.63615,0.32107,610.7,548.1,0.995,0.63617,0.32036,610.7,546.9,0.995,0.63603,0.31964,610.6,545.6,0.996,0.63964,0.32207,614.1,549.8,0.996,0.64243,0.32193,616.7,549.5,0.996,0.64529,0.32162,619.5,549.0,0.996,0.64596,0.31938,620.1,545.2,0.997,0.65875,0.32066,632.4,547.4,0.994,0.63464,0.32889,609.3,561.4,0.988,0.63849,0.33012,612.9,563.5,0.981,0.63915,0.33399,613.6,570.1,1.0,0.71738,0.3598,688.7,614.2,0.999,0.56167,0.35253,539.2,601.8,0.98,0.71801,0.40417,689.3,689.9,0.049,0.50194,0.33667,481.9,574.7,0.855,0.66214,0.40702,635.7,694.8,0.002,0.47668,0.33601,457.6,573.6,0.825,0.65065,0.40652,624.6,693.9,0.003,0.48603,0.3281,466.6,560.1,0.817,0.64577,0.40299,619.9,687.9,0.002,0.49574,0.32897,475.9,561.5,0.685,0.64952,0.4023,623.5,686.7,0.003,0.60099,0.43445,577.0,741.6,1.0,0.63747,0.44448,612.0,758.7,1.0,0.51447,0.49955,493.9,852.7,0.815,0.52327,0.46396,502.3,792.0,0.138,0.52868,0.57864,507.5,987.7,0.843,0.51234,0.53117,491.9,906.7,0.299,0.55291,0.59228,530.8,1011.0,0.859,0.5228,0.54342,501.9,927.6,0.528,0.47184,0.59858,453.0,1021.8,0.745,0.46103,0.53722,442.6,917.0,0.234
530,14.637,960,1707,0.63236,0.32486,607.1,554.5,0.995,0.636,0.31975,610.6,545.8,0.995,0.63602,0.31903,610.6,544.6,0.995,0.63587,0.31831,610.4,543.3,0.997,0.63953,0.32068,614.0,547.4,0.996,0.64232,0.32054,616.6,547.2,0.996,0.64514,0.32024,619.3,546.7,0.997,0.64586,0.31773,620.0,542.4,0.997,0.65857,0.31934,632.2,545.1,0.994,0.63474,0.32757,609.3,559.2,0.989,0.63859,0.32864,613.0,561.0,0.982,0.63903,0.33225,613.5,567.1,1.0,0.71791,0.35965,689.2,613.9,0.999,0.56345,0.35193,540.9,600.7,0.98,0.72011,0.40438,691.3,690.3,0.048,0.50169,0.33657,481.6,574.5,0.844,0.66423,0.40651,637.7,693.9,0.002,0.47618,0.33594,457.1,573.4,0.811,0.65478,0.40579,628.6,692.7,0.003,0.48562,0.32811,466.2,560.1,0.804,0.65017,0.4024,624.2,686.9,0.002,0.49531,0.32899,475.5,561.6,0.669,0.65334,0.4021,627.2,686.4,0.003,0.59625,0.43334,572.4,739.7,1.0,0.63768,0.44371,612.2,757.4,1.0,0.512,0.49907,491.5,851.9,0.807,0.57204,0.45716,549.2,780.4,0.125,0.50673,0.57745,486.5,985.7,0.835,0.54532,0.51486,523.5,878.9,0.272,0.51984,0.59261,499.0,1011.6,0.859,0.53545,0.5407,514.0,923.0,0.494,0.44925,0.58806,431.3,1003.8,0.727,0.49336,0.52321,473.6,893.1,0.213
531,14.665,960,1707,0.63247,0.32326,607.2,551.8,0.996,0.63602,0.31789,610.6,542.6,0.996,0.63605,0.31714,610.6,541.4,0.996,0.63588,0.31642,610.4,540.1,0.997,0.63961,0.31878,614.0,544.2,0.996,0.64242,0.3186,616.7,543.9,0.996,0.64524,0.3183,619.4,543.3,0.997,0.64637,0.31572,620.5,538.9,0.997,0.65913,0.31733,632.8,541.7,0.995,0.63499,0.32611,609.6,556.7,0.989,0.63884,0.32714,613.3,558.4,0.983,0.63903,0.33088,613.5,564.8,1.0,0.71875,0.35902,690.0,612.9,0.999,0.56391,0.35174,541.4,600.4,0.98,0.72114,0.40469,692.3,690.8,0.051,0.50168,0.33683,481.6,575.0,0.84,0.66528,0.40733,638.7,695.3,0.002,0.47632,0.33621,457.3,573.9,0.805,0.65523,0.40687,629.0,694.5,0.003,0.48584,0.32896,466.4,561.5,0.797,0.65043,0.40358,624.4,688.9,0.002,0.49546,0.32995,475.6,563.2,0.66,0.65361,0.4032,627.5,688.3,0.003,0.59329,0.43297,569.6,739.1,1.0,0.63557,0.44231,610.2,755.0,1.0,0.50712,0.49728,486.8,848.9,0.8,0.56092,0.46296,538.5,790.3,0.114,0.48552,0.5734,466.1,978.8,0.83,0.54687,0.51227,525.0,874.4,0.249,0.49456,0.58873,474.8,1005.0,0.859,0.53281,0.54248,511.5,926.0,0.469,0.42737,0.58467,410.3,998.0,0.711,0.48832,0.52526,468.8,896.6,0.195
532,14.692,960,1707,0.63321,0.32156,607.9,548.9,0.996,0.63674,0.31614,611.3,539.6,0.996,0.63676,0.31539,611.3,538.4,0.996,0.63654,0.3147,611.1,537.2,0.997,0.64049,0.31701,614.9,541.1,0.996,0.64339,0.31684,617.7,540.8,0.996,0.64624,0.31657,620.4,540.4,0.997,0.64724,0.31393,621.3,535.9,0.997,0.66069,0.31557,634.3,538.7,0.995,0.6357,0.32437,610.3,553.7,0.989,0.63966,0.32541,614.1,555.5,0.983,0.63934,0.32892,613.8,561.5,1.0,0.71936,0.35795,690.6,611.0,0.999,0.56528,0.35122,542.7,599.5,0.981,0.72166,0.40399,692.8,689.6,0.054,0.50164,0.33681,481.6,574.9,0.848,0.66547,0.40774,638.8,696.0,0.002,0.47625,0.33622,457.2,573.9,0.812,0.65495,0.4074,628.7,695.4,0.003,0.48563,0.32903,466.2,561.7,0.805,0.65016,0.40383,624.2,689.3,0.002,0.49508,0.33,475.3,563.3,0.671,0.65349,0.40351,627.4,688.8,0.003,0.59232,0.42988,568.6,733.8,1.0,0.63587,0.44143,610.4,753.5,1.0,0.5058,0.4928,485.6,841.2,0.795,0.55252,0.47313,530.4,807.6,0.106,0.46177,0.56681,443.3,967.5,0.831,0.51097,0.54429,490.5,929.1,0.234,0.47469,0.58472,455.7,998.1,0.864,0.52119,0.55013,500.3,939.1,0.465,0.39391,0.57995,378.2,990.0,0.706,0.45521,0.54386,437.0,928.4,0.182
533,14.72,960,1707,0.63378,0.31971,608.4,545.8,0.996,0.63721,0.31425,611.7,536.4,0.996,0.6371,0.3136,611.6,535.3,0.996,0.63675,0.31298,611.3,534.3,0.997,0.64125,0.31503,615.6,537.8,0.996,0.64414,0.31489,618.4,537.5,0.996,0.64697,0.31467,621.1,537.1,0.997,0.64718,0.31224,621.3,533.0,0.997,0.66146,0.314,635.0,536.0,0.995,0.63593,0.32275,610.5,550.9,0.989,0.64003,0.32364,614.4,552.5,0.983,0.63851,0.32801,613.0,559.9,1.0,0.72052,0.35735,691.7,610.0,0.999,0.56409,0.35085,541.5,598.9,0.983,0.72529,0.40292,696.3,687.8,0.057,0.50137,0.33661,481.3,574.6,0.851,0.66992,0.40774,643.1,696.0,0.002,0.47625,0.33595,457.2,573.5,0.813,0.65885,0.40717,632.5,695.0,0.003,0.48521,0.32901,465.8,561.6,0.807,0.65453,0.40335,628.4,688.5,0.002,0.49434,0.32998,474.6,563.3,0.673,0.65854,0.40299,632.2,687.9,0.003,0.58818,0.43085,564.7,735.5,1.0,0.63542,0.44232,610.0,755.0,0.999,0.50133,0.49094,481.3,838.0,0.796,0.55473,0.46617,532.5,795.8,0.098,0.44496,0.56101,427.2,957.6,0.835,0.50941,0.53747,489.0,917.5,0.217,0.45633,0.57882,438.1,988.0,0.871,0.51333,0.55075,492.8,940.1,0.452,0.37174,0.57236,356.9,977.0,0.704,0.4574,0.5358,439.1,914.6,0.168
534,14.748,960,1707,0.63454,0.31751,609.2,542.0,0.996,0.63791,0.31216,612.4,532.9,0.996,0.6376,0.31158,612.1,531.9,0.996,0.63708,0.31107,611.6,531.0,0.997,0.64249,0.31288,616.8,534.1,0.997,0.64553,0.31278,619.7,533.9,0.997,0.64848,0.31263,622.5,533.7,0.997,0.64707,0.31057,621.2,530.2,0.998,0.66287,0.31243,636.4,533.3,0.995,0.63628,0.32065,610.8,547.3,0.99,0.64065,0.32145,615.0,548.7,0.983,0.63744,0.3273,611.9,558.7,1.0,0.72081,0.35633,692.0,608.3,0.999,0.5634,0.35093,540.9,599.0,0.984,0.73007,0.40216,700.9,686.5,0.065,0.49954,0.33601,479.6,573.6,0.856,0.67423,0.40785,647.3,696.2,0.002,0.47478,0.33562,455.8,572.9,0.817,0.66257,0.40815,636.1,696.7,0.003,0.48371,0.32884,464.4,561.3,0.811,0.65842,0.4034,632.1,688.6,0.003,0.49244,0.32969,472.7,562.8,0.678,0.66176,0.40337,635.3,688.6,0.003,0.58519,0.42953,561.8,733.2,1.0,0.63412,0.44173,608.8,754.0,0.999,0.49317,0.48683,473.4,831.0,0.805,0.55854,0.47302,536.2,807.4,0.091,0.42977,0.55761,412.6,951.8,0.844,0.50256,0.53948,482.5,920.9,0.206,0.4377,0.57498,420.2,981.5,0.88,0.50139,0.5553,481.3,947.9,0.456,0.35949,0.56591,345.1,966.0,0.711,0.45141,0.53725,433.4,917.1,0.158
535,14.775,960,1707,0.63452,0.31589,609.1,539.2,0.997,0.63794,0.3105,612.4,530.0,0.997,0.63762,0.30994,612.1,529.1,0.997,0.63708,0.30947,611.6,528.3,0.997,0.64252,0.31115,616.8,531.1,0.997,0.64554,0.31103,619.7,530.9,0.997,0.64848,0.31086,622.5,530.6,0.997,0.64699,0.30913,621.1,527.7,0.998,0.66292,0.31089,636.4,530.7,0.995,0.63627,0.31913,610.8,544.8,0.991,0.64065,0.31994,615.0,546.1,0.985,0.63637,0.32612,610.9,556.7,1.0,0.72104,0.35543,692.2,606.7,0.999,0.56332,0.35084,540.8,598.9,0.985,0.72648,0.4015,697.4,685.4,0.072,0.49934,0.33603,479.4,573.6,0.862,0.67153,0.40726,644.7,695.2,0.003,0.4746,0.33572,455.6,573.1,0.823,0.65883,0.40805,632.5,696.5,0.003,0.48349,0.32895,464.2,561.5,0.817,0.65508,0.40285,628.9,687.7,0.003,0.49243,0.32975,472.7,562.9,0.688,0.65823,0.40248,631.9,687.0,0.003,0.58132,0.42866,558.1,731.7,1.0,0.63176,0.4413,606.5,753.3,0.999,0.48384,0.48495,464.5,827.8,0.82,0.55489,0.48032,532.7,819.9,0.101,0.41881,0.55403,402.1,945.7,0.857,0.49817,0.54703,478.2,933.8,0.229,0.42586,0.57161,408.8,975.7,0.889,0.50092,0.56076,480.9,957.2,0.49,0.35504,0.5602,340.8,956.3,0.728,0.45171,0.54857,433.6,936.4,0.167
536,14.803,960,1707,0.63519,0.31477,609.8,537.3,0.997,0.63865,0.3094,613.1,528.1,0.997,0.63823,0.30887,612.7,527.2,0.997,0.63761,0.30842,612.1,526.5,0.998,0.64338,0.31014,617.6,529.4,0.997,0.64643,0.3101,620.6,529.3,0.997,0.64946,0.30999,623.5,529.2,0.998,0.64697,0.30834,621.1,526.3,0.998,0.6637,0.31017,637.2,529.5,0.996,0.63652,0.31815,611.1,543.1,0.992,0.64104,0.31903,615.4,544.6,0.986,0.63639,0.32536,610.9,555.4,1.0,0.72154,0.35485,692.7,605.7,0.999,0.56431,0.35066,541.7,598.6,0.986,0.73808,0.40032,708.6,683.3,0.089,0.49892,0.33605,479.0,573.6,0.872,0.67535,0.40678,648.3,694.4,0.003,0.47401,0.33593,455.1,573.4,0.834,0.66354,0.40805,637.0,696.5,0.003,0.4819,0.32874,462.6,561.2,0.829,0.65989,0.40306,633.5,688.0,0.003,0.49093,0.32941,471.3,562.3,0.707,0.66279,0.4024,636.3,686.9,0.003,0.57888,0.42667,555.7,728.3,1.0,0.62899,0.44097,603.8,752.7,0.999,0.47753,0.48175,458.4,822.4,0.831,0.53266,0.47944,511.4,818.4,0.116,0.40707,0.5505,390.8,939.7,0.866,0.48912,0.5492,469.6,937.5,0.244,0.4129,0.56728,396.4,968.3,0.897,0.49237,0.56254,472.7,960.3,0.516,0.3515,0.5558,337.4,948.8,0.739,0.44203,0.55205,424.3,942.3,0.173
537,14.831,960,1707,0.63549,0.31388,610.1,535.8,0.997,0.63897,0.30838,613.4,526.4,0.997,0.63845,0.30785,612.9,525.5,0.997,0.63776,0.3074,612.2,524.7,0.998,0.6439,0.30913,618.1,527.7,0.997,0.64697,0.30911,621.1,527.7,0.997,0.65005,0.30905,624.0,527.5,0.998,0.64685,0.30735,621.0,524.7,0.998,0.66389,0.30962,637.3,528.5,0.996,0.63656,0.31742,611.1,541.8,0.992,0.64113,0.31827,615.5,543.3,0.987,0.63601,0.32439,610.6,553.7,1.0,0.72226,0.35526,693.4,606.4,0.999,0.5639,0.35046,541.3,598.2,0.987,0.72841,0.40079,699.3,684.1,0.098,0.49859,0.33605,478.7,573.6,0.88,0.67229,0.40698,645.4,694.7,0.003,0.47367,0.33594,454.7,573.4,0.844,0.66036,0.40814,633.9,696.7,0.004,0.48157,0.3282,462.3,560.2,0.839,0.65656,0.4033,630.3,688.4,0.003,0.49066,0.32872,471.0,561.1,0.722,0.66057,0.40257,634.2,687.2,0.004,0.57441,0.4267,551.4,728.4,1.0,0.62637,0.44116,601.3,753.1,0.999,0.47121,0.48181,452.4,822.5,0.842,0.52654,0.48251,505.5,823.6,0.141,0.39535,0.54736,379.5,934.3,0.875,0.49057,0.55283,470.9,943.7,0.271,0.39933,0.56374,383.4,962.3,0.904,0.49496,0.56737,475.2,968.5,0.546,0.34629,0.55432,332.4,946.2,0.75,0.44352,0.55665,425.8,950.2,0.187
538,14.858,960,1707,0.63574,0.31381,610.3,535.7,0.997,0.63924,0.30815,613.7,526.0,0.997,0.6387,0.30761,613.2,525.1,0.997,0.63797,0.30715,612.5,524.3,0.998,0.64425,0.30889,618.5,527.3,0.998,0.64734,0.30886,621.4,527.2,0.998,0.65047,0.30879,624.5,527.1,0.998,0.64681,0.30705,620.9,524.1,0.998,0.66414,0.3093,637.6,528.0,0.996,0.6367,0.3173,611.2,541.6,0.993,0.64137,0.31812,615.7,543.0,0.988,0.63573,0.32353,610.3,552.3,1.0,0.72249,0.35519,693.6,606.3,0.999,0.56292,0.35034,540.4,598.0,0.988,0.72839,0.40038,699.3,683.4,0.11,0.49858,0.33617,478.6,573.8,0.885,0.67061,0.4071,643.8,694.9,0.003,0.47385,0.33597,454.9,573.5,0.849,0.65964,0.40829,633.3,696.9,0.004,0.48218,0.32831,462.9,560.4,0.844,0.65578,0.40334,629.5,688.5,0.003,0.49111,0.32883,471.5,561.3,0.731,0.65887,0.40262,632.5,687.3,0.004,0.56984,0.42591,547.0,727.0,1.0,0.62223,0.44093,597.3,752.7,1.0,0.46719,0.48165,448.5,822.2,0.854,0.52773,0.48291,506.6,824.3,0.161,0.3967,0.54798,380.8,935.4,0.883,0.49159,0.55426,471.9,946.1,0.293,0.40152,0.56443,385.5,963.5,0.911,0.49607,0.56909,476.2,971.4,0.571,0.34311,0.55515,329.4,947.6,0.761,0.44464,0.55603,426.9,949.1,0.196
539,14.886,960,1707,0.63601,0.31323,610.6,534.7,0.998,0.6396,0.30748,614.0,524.9,0.998,0.63905,0.3069,613.5,523.9,0.998,0.63832,0.30642,612.8,523.1,0.998,0.64455,0.30832,618.8,526.3,0.998,0.64762,0.30833,621.7,526.3,0.998,0.65075,0.3083,624.7,526.3,0.998,0.64684,0.30647,621.0,523.1,0.998,0.6644,0.30888,637.8,527.3,0.997,0.63683,0.31683,611.4,540.8,0.993,0.64148,0.31772,615.8,542.3,0.989,0.63549,0.32299,610.1,551.4,1.0,0.72267,0.35533,693.8,606.5,0.999,0.56289,0.35019,540.4,597.8,0.989,0.72838,0.40285,699.2,687.7,0.119,0.49851,0.33643,478.6,574.3,0.888,0.67127,0.40696,644.4,694.7,0.003,0.474,0.33618,455.0,573.9,0.852,0.66027,0.40808,633.9,696.6,0.004,0.48251,0.32838,463.2,560.5,0.848,0.65479,0.40216,628.6,686.5,0.003,0.49146,0.32909,471.8,561.8,0.736,0.65775,0.4012,631.4,684.8,0.004,0.56766,0.42416,545.0,724.0,1.0,0.61868,0.44038,593.9,751.7,1.0,0.46856,0.47908,449.8,817.8,0.865,0.52179,0.48561,500.9,828.9,0.186,0.3928,0.54253,377.1,926.1,0.892,0.4929,0.55618,473.2,949.4,0.324,0.39703,0.55853,381.2,953.4,0.918,0.49714,0.57051,477.3,973.9,0.602,0.33624,0.55376,322.8,945.3,0.775,0.44512,0.5591,427.3,954.4,0.212
540,14.913,960,1707,0.63634,0.31155,610.9,531.8,0.998,0.64006,0.30588,614.5,522.1,0.998,0.63952,0.30535,613.9,521.2,0.998,0.63881,0.30487,613.3,520.4,0.998,0.64498,0.30678,619.2,523.7,0.998,0.64807,0.30684,622.1,523.8,0.998,0.65129,0.30683,625.2,523.8,0.998,0.64696,0.30519,621.1,521.0,0.999,0.66507,0.30779,638.5,525.4,0.997,0.63697,0.3154,611.5,538.4,0.994,0.64163,0.31633,616.0,540.0,0.989,0.63556,0.32167,610.1,549.1,1.0,0.72262,0.35415,693.7,604.5,0.999,0.56198,0.35021,539.5,597.8,0.989,0.73167,0.40047,702.4,683.6,0.145,0.49855,0.33635,478.6,574.1,0.884,0.67815,0.4063,651.0,693.6,0.004,0.47427,0.33596,455.3,573.5,0.848,0.66912,0.40709,642.4,694.9,0.004,0.48327,0.32803,463.9,559.9,0.843,0.66287,0.40227,636.4,686.7,0.003,0.49195,0.32877,472.3,561.2,0.729,0.66462,0.40132,638.0,685.1,0.004,0.566,0.42277,543.4,721.7,1.0,0.6172,0.43935,592.5,750.0,1.0,0.46681,0.47855,448.1,816.9,0.875,0.52091,0.48573,500.1,829.1,0.226,0.39494,0.54377,379.1,928.2,0.901,0.49334,0.55537,473.6,948.0,0.365,0.39992,0.55868,383.9,953.7,0.924,0.49769,0.56918,477.8,971.6,0.632,0.33896,0.55515,325.4,947.6,0.788,0.44655,0.55939,428.7,954.9,0.235
541,14.941,960,1707,0.63724,0.30963,611.7,528.5,0.998,0.64085,0.30384,615.2,518.7,0.998,0.64017,0.30336,614.6,517.8,0.998,0.63937,0.30296,613.8,517.2,0.998,0.64598,0.3048,620.1,520.3,0.998,0.64901,0.30492,623.0,520.5,0.998,0.65218,0.305,626.1,520.6,0.998,0.64694,0.30365,621.1,518.3,0.999,0.66579,0.30646,639.2,523.1,0.997,0.63735,0.31371,611.9,535.5,0.994,0.64204,0.3147,616.4,537.2,0.99,0.63559,0.32111,610.2,548.1,1.0,0.72209,0.3521,693.2,601.0,0.999,0.5603,0.35028,537.9,597.9,0.99,0.72531,0.39853,696.3,680.3,0.157,0.49842,0.33646,478.5,574.3,0.884,0.67673,0.40162,649.7,685.6,0.004,0.4742,0.33597,455.2,573.5,0.848,0.66842,0.40164,641.7,685.6,0.004,0.48329,0.32812,464.0,560.1,0.843,0.65913,0.39465,632.8,673.7,0.003,0.49199,0.32894,472.3,561.5,0.729,0.66047,0.39381,634.0,672.2,0.004,0.56396,0.42206,541.4,720.5,1.0,0.61548,0.43911,590.9,749.6,1.0,0.46791,0.47836,449.2,816.6,0.884,0.52267,0.48747,501.8,832.1,0.268,0.39742,0.54197,381.5,925.1,0.908,0.49355,0.55584,473.8,948.8,0.403,0.40026,0.55706,384.3,950.9,0.929,0.49715,0.5697,477.3,972.5,0.659,0.34609,0.55492,332.2,947.3,0.796,0.45024,0.56059,432.2,956.9,0.258
542,14.969,960,1707,0.63877,0.30738,613.2,524.7,0.998,0.64192,0.30171,616.2,515.0,0.998,0.64095,0.30123,615.3,514.2,0.998,0.63994,0.30082,614.3,513.5,0.999,0.64757,0.30281,621.7,516.9,0.998,0.65061,0.30302,624.6,517.3,0.998,0.65377,0.30321,627.6,517.6,0.998,0.64679,0.30174,620.9,515.1,0.999,0.6668,0.30502,640.1,520.7,0.997,0.63779,0.31173,612.3,532.1,0.994,0.64282,0.31278,617.1,533.9,0.99,0.6351,0.32102,609.7,548.0,1.0,0.71992,0.35023,691.1,597.8,0.999,0.55964,0.35034,537.3,598.0,0.99,0.72537,0.39499,696.4,674.2,0.192,0.49809,0.33644,478.2,574.3,0.89,0.67692,0.40241,649.8,686.9,0.004,0.47406,0.33593,455.1,573.4,0.855,0.67077,0.40402,643.9,689.7,0.004,0.48321,0.32788,463.9,559.7,0.851,0.66297,0.39731,636.5,678.2,0.004,0.4919,0.32881,472.2,561.3,0.74,0.663,0.3946,636.5,673.6,0.004,0.56256,0.4208,540.1,718.3,1.0,0.61501,0.438,590.4,747.7,1.0,0.4677,0.47854,449.0,816.9,0.893,0.5238,0.48689,502.9,831.1,0.319,0.3989,0.54174,382.9,924.8,0.916,0.49333,0.55533,473.6,948.0,0.448,0.4034,0.55665,387.3,950.2,0.935,0.49646,0.56914,476.6,971.5,0.687,0.34671,0.55556,332.8,948.3,0.809,0.45329,0.56035,435.2,956.5,0.294
543,14.996,960,1707,0.64059,0.3042,615.0,519.3,0.998,0.64333,0.2986,617.6,509.7,0.998,0.64211,0.29815,616.4,508.9,0.998,0.64089,0.2978,615.3,508.3,0.999,0.64955,0.29975,623.6,511.7,0.998,0.65278,0.29997,626.7,512.1,0.998,0.65613,0.3002,629.9,512.4,0.999,0.64669,0.29904,620.8,510.5,0.999,0.66858,0.30237,641.8,516.1,0.997,0.63848,0.30882,612.9,527.2,0.995,0.64402,0.30983,618.3,528.9,0.991,0.63398,0.32048,608.6,547.1,1.0,0.71789,0.34818,689.2,594.3,0.999,0.55836,0.35089,536.0,599.0,0.991,0.71466,0.39577,686.1,675.6,0.223,0.49792,0.33652,478.0,574.4,0.898,0.67227,0.40396,645.4,689.6,0.004,0.474,0.33597,455.0,573.5,0.864,0.66347,0.41581,636.9,709.8,0.004,0.48322,0.32789,463.9,559.7,0.86,0.65511,0.40831,628.9,697.0,0.004,0.49192,0.32882,472.2,561.3,0.755,0.65953,0.40027,633.2,683.3,0.004,0.56098,0.41981,538.5,716.6,1.0,0.61349,0.43692,588.9,745.8,1.0,0.46559,0.47848,447.0,816.8,0.903,0.5241,0.48707,503.1,831.4,0.365,0.40017,0.54108,384.2,923.6,0.923,0.49246,0.55625,472.8,949.5,0.491,0.40515,0.5567,388.9,950.3,0.94,0.49513,0.57081,475.3,974.4,0.713,0.34552,0.5544,331.7,946.4,0.824,0.45324,0.56024,435.1,956.3,0.333
544,15.024,960,1707,0.64102,0.30181,615.4,515.2,0.998,0.64375,0.29624,618.0,505.7,0.998,0.64253,0.29586,616.8,505.0,0.998,0.64123,0.29556,615.6,504.5,0.999,0.64998,0.29748,624.0,507.8,0.998,0.65327,0.29784,627.1,508.4,0.998,0.65671,0.29823,630.4,509.1,0.999,0.64654,0.29711,620.7,507.2,0.999,0.66908,0.30095,642.3,513.7,0.998,0.63862,0.3069,613.1,523.9,0.995,0.64421,0.30782,618.4,525.4,0.992,0.6322,0.3201,606.9,546.4,1.0,0.71695,0.34683,688.3,592.0,0.999,0.5582,0.35118,535.9,599.5,0.992,0.71279,0.39585,684.3,675.7,0.245,0.4973,0.33654,477.4,574.5,0.902,0.67244,0.40319,645.5,688.3,0.004,0.47359,0.33587,454.7,573.3,0.868,0.66345,0.41481,636.9,708.1,0.004,0.48323,0.32789,463.9,559.7,0.864,0.65648,0.40434,630.2,690.2,0.004,0.49194,0.32886,472.3,561.4,0.762,0.65968,0.39965,633.3,682.2,0.004,0.56087,0.41812,538.4,713.7,1.0,0.61379,0.43555,589.2,743.5,1.0,0.46527,0.47793,446.7,815.8,0.911,0.52314,0.48683,502.2,831.0,0.411,0.39874,0.54004,382.8,921.8,0.93,0.49212,0.55634,472.4,949.7,0.53,0.40345,0.555,387.3,947.4,0.945,0.49503,0.57101,475.2,974.7,0.737,0.3425,0.55522,328.8,947.8,0.836,0.44767,0.56068,429.8,957.1,0.37
545,15.052,960,1707,0.64256,0.29943,616.9,511.1,0.998,0.6453,0.29393,619.5,501.7,0.998,0.64389,0.29362,618.1,501.2,0.998,0.64241,0.29337,616.7,500.8,0.999,0.65258,0.29508,626.5,503.7,0.999,0.65649,0.29547,630.2,504.4,0.999,0.66042,0.29589,634.0,505.1,0.999,0.64649,0.29503,620.6,503.6,0.999,0.67191,0.29916,645.0,510.7,0.998,0.6396,0.30457,614.0,519.9,0.996,0.64604,0.30536,620.2,521.2,0.992,0.63145,0.31975,606.2,545.8,1.0,0.71479,0.34439,686.2,587.9,0.999,0.55826,0.35137,535.9,599.8,0.992,0.71123,0.39197,682.8,669.1,0.251,0.49731,0.33686,477.4,575.0,0.906,0.67157,0.40289,644.7,687.7,0.004,0.4734,0.33596,454.5,573.5,0.873,0.66239,0.40994,635.9,699.8,0.004,0.48309,0.3278,463.8,559.6,0.869,0.65427,0.40108,628.1,684.6,0.004,0.49186,0.32884,472.2,561.3,0.769,0.65827,0.39617,631.9,676.3,0.004,0.56051,0.41726,538.1,712.3,1.0,0.61344,0.43452,588.9,741.7,1.0,0.46523,0.47731,446.6,814.8,0.916,0.52144,0.48655,500.6,830.5,0.427,0.39684,0.53977,381.0,921.4,0.934,0.49232,0.55645,472.6,949.9,0.546,0.40026,0.55491,384.3,947.2,0.948,0.49527,0.57206,475.5,976.5,0.75,0.33979,0.55517,326.2,947.7,0.839,0.4464,0.56008,428.5,956.1,0.375
546,15.079,960,1707,0.64296,0.29694,617.2,506.9,0.998,0.64577,0.29156,619.9,497.7,0.999,0.64432,0.2913,618.5,497.2,0.999,0.64279,0.29104,617.1,496.8,0.999,0.65321,0.29261,627.1,499.5,0.999,0.65723,0.29305,630.9,500.2,0.999,0.66131,0.29352,634.9,501.0,0.999,0.64608,0.29294,620.2,500.1,0.999,0.67272,0.29711,645.8,507.2,0.998,0.64009,0.30203,614.5,515.6,0.996,0.64662,0.30243,620.8,516.2,0.993,0.63158,0.31908,606.3,544.7,1.0,0.71285,0.34327,684.3,586.0,0.999,0.55838,0.35188,536.0,600.7,0.993,0.712,0.39185,683.5,668.9,0.273,0.49712,0.33701,477.2,575.3,0.911,0.67159,0.40405,644.7,689.7,0.005,0.47328,0.33596,454.3,573.5,0.879,0.66218,0.41036,635.7,700.5,0.005,0.48309,0.32785,463.8,559.6,0.876,0.6544,0.4041,628.2,689.8,0.004,0.49186,0.32888,472.2,561.4,0.779,0.65826,0.40031,631.9,683.3,0.004,0.56034,0.41685,537.9,711.6,1.0,0.61306,0.4338,588.5,740.5,1.0,0.46373,0.47716,445.2,814.5,0.922,0.51954,0.48633,498.8,830.2,0.451,0.397,0.53933,381.1,920.6,0.938,0.49246,0.55678,472.8,950.4,0.565,0.40054,0.55409,384.5,945.8,0.951,0.49525,0.57249,475.4,977.2,0.765,0.3388,0.55465,325.3,946.8,0.846,0.44659,0.55971,428.7,955.4,0.387
547,15.107,960,1707,0.64229,0.29492,616.6,503.4,0.999,0.64523,0.28956,619.4,494.3,0.999,0.64367,0.28924,617.9,493.7,0.999,0.64202,0.28895,616.3,493.2,0.999,0.65295,0.29055,626.8,496.0,0.999,0.65699,0.29087,630.7,496.5,0.999,0.66114,0.29123,634.7,497.1,0.999,0.64455,0.2912,618.8,497.1,0.999,0.67247,0.29506,645.6,503.7,0.998,0.63935,0.30009,613.8,512.3,0.996,0.64579,0.30031,620.0,512.6,0.994,0.63086,0.31861,605.6,543.9,1.0,0.70973,0.34191,681.3,583.6,0.999,0.55804,0.35304,535.7,602.6,0.994,0.71046,0.3909,682.0,667.3,0.326,0.49673,0.33702,476.9,575.3,0.917,0.67107,0.41414,644.2,706.9,0.009,0.4728,0.33597,453.9,573.5,0.887,0.6628,0.42279,636.3,721.7,0.007,0.48309,0.32786,463.8,559.7,0.884,0.65463,0.41803,628.4,713.6,0.006,0.49179,0.32887,472.1,561.4,0.791,0.65778,0.41354,631.5,705.9,0.006,0.55841,0.41622,536.1,710.5,1.0,0.60998,0.43312,585.6,739.3,1.0,0.46353,0.47608,445.0,812.7,0.929,0.51931,0.48619,498.5,829.9,0.484,0.39671,0.53888,380.8,919.9,0.943,0.49229,0.55695,472.6,950.7,0.594,0.4003,0.55362,384.3,945.0,0.954,0.49505,0.57216,475.3,976.7,0.782,0.34081,0.55502,327.2,947.4,0.855,0.4437,0.56143,425.9,958.4,0.413
548,15.134,960,1707,0.64031,0.29407,614.7,502.0,0.999,0.64335,0.28831,617.6,492.1,0.999,0.64173,0.28798,616.1,491.6,0.999,0.64005,0.28774,614.4,491.2,0.999,0.65133,0.28931,625.3,493.9,0.999,0.65543,0.28962,629.2,494.4,0.999,0.65971,0.29001,633.3,495.0,0.999,0.6416,0.29017,615.9,495.3,0.999,0.67106,0.2944,644.2,502.5,0.998,0.63699,0.29932,611.5,510.9,0.996,0.64345,0.29982,617.7,511.8,0.994,0.62996,0.3182,604.8,543.2,1.0,0.70646,0.34009,678.2,580.5,0.999,0.55789,0.35394,535.6,604.2,0.994,0.71089,0.38915,682.5,664.3,0.36,0.49585,0.33711,476.0,575.4,0.921,0.66838,0.41455,641.6,707.6,0.009,0.47104,0.33636,452.2,574.2,0.892,0.6612,0.42333,634.8,722.6,0.008,0.48246,0.3278,463.2,559.6,0.889,0.65343,0.4189,627.3,715.1,0.007,0.49115,0.32859,471.5,560.9,0.798,0.65511,0.41454,628.9,707.6,0.007,0.55631,0.41634,534.1,710.7,1.0,0.6064,0.43285,582.1,738.9,1.0,0.46399,0.47555,445.4,811.8,0.934,0.51885,0.48617,498.1,829.9,0.508,0.39697,0.53733,381.1,917.2,0.947,0.49223,0.55682,472.5,950.5,0.618,0.4008,0.55195,384.8,942.2,0.958,0.49492,0.5719,475.1,976.2,0.797,0.34079,0.55533,327.2,948.0,0.865,0.44206,0.56133,424.4,958.2,0.436
549,15.162,960,1707,0.63939,0.29191,613.8,498.3,0.999,0.64222,0.28603,616.5,488.2,0.999,0.64035,0.28556,614.7,487.5,0.999,0.63847,0.28519,612.9,486.8,0.999,0.65073,0.28729,624.7,490.4,0.999,0.6548,0.28765,628.6,491.0,0.999,0.65896,0.28802,632.6,491.6,0.999,0.63919,0.28808,613.6,491.8,0.999,0.66977,0.29223,643.0,498.8,0.998,0.63566,0.29682,610.2,506.7,0.997,0.64235,0.2978,616.7,508.4,0.995,0.62726,0.31742,602.2,541.8,1.0,0.70339,0.33869,675.3,578.1,0.999,0.55633,0.35447,534.1,605.1,0.994,0.71024,0.386,681.8,658.9,0.356,0.49569,0.33698,475.9,575.2,0.922,0.66233,0.40126,635.8,685.0,0.009,0.47103,0.33631,452.2,574.1,0.893,0.6522,0.40435,626.1,690.2,0.007,0.48242,0.32758,463.1,559.2,0.889,0.64442,0.39846,618.6,680.2,0.006,0.49111,0.32819,471.5,560.2,0.8,0.64663,0.39646,620.8,676.8,0.007,0.556,0.4154,533.8,709.1,1.0,0.60561,0.4314,581.4,736.4,1.0,0.46404,0.47538,445.5,811.5,0.937,0.51725,0.48592,496.6,829.5,0.514,0.39653,0.53735,380.7,917.3,0.95,0.49215,0.5568,472.5,950.5,0.628,0.39999,0.55184,384.0,942.0,0.959,0.49476,0.57187,475.0,976.2,0.803,0.34189,0.55549,328.2,948.2,0.869,0.44239,0.56234,424.7,959.9,0.443
550,15.19,960,1707,0.63743,0.28977,611.9,494.6,0.999,0.63967,0.28382,614.1,484.5,0.999,0.63751,0.28335,612.0,483.7,0.999,0.63546,0.28299,610.0,483.1,0.999,0.64872,0.28507,622.8,486.6,0.999,0.65271,0.28541,626.6,487.2,0.999,0.65658,0.28569,630.3,487.7,0.999,0.63549,0.28611,610.1,488.4,0.999,0.66631,0.29,639.7,495.0,0.998,0.63314,0.29469,607.8,503.0,0.997,0.64028,0.29593,614.7,505.1,0.995,0.62297,0.31687,598.1,540.9,1.0,0.69921,0.33702,671.2,575.3,0.999,0.55591,0.35439,533.7,604.9,0.995,0.7074,0.38109,679.1,650.5,0.342,0.4955,0.33699,475.7,575.2,0.922,0.66072,0.39105,634.3,667.5,0.008,0.47105,0.33631,452.2,574.1,0.892,0.64538,0.39411,619.6,672.7,0.007,0.4824,0.32758,463.1,559.2,0.889,0.63767,0.38842,612.2,663.0,0.006,0.49102,0.3282,471.4,560.2,0.799,0.63982,0.38711,614.2,660.8,0.006,0.55568,0.41505,533.5,708.5,1.0,0.60534,0.43032,581.1,734.5,1.0,0.46406,0.47525,445.5,811.2,0.937,0.51734,0.48481,496.6,827.6,0.503,0.39687,0.53693,381.0,916.5,0.951,0.49219,0.5566,472.5,950.1,0.624,0.40033,0.55196,384.3,942.2,0.959,0.49387,0.57183,474.1,976.1,0.802,0.34259,0.55561,328.9,948.4,0.87,0.45126,0.56206,433.2,959.4,0.437
551,15.217,960,1707,0.63565,0.28897,610.2,493.3,0.999,0.63811,0.28321,612.6,483.4,0.999,0.63595,0.28277,610.5,482.7,0.999,0.63387,0.28244,608.5,482.1,0.999,0.64717,0.28452,621.3,485.7,0.999,0.65102,0.28493,625.0,486.4,0.999,0.65486,0.2853,628.7,487.0,0.999,0.63329,0.28553,608.0,487.4,0.999,0.66451,0.28975,637.9,494.6,0.999,0.63139,0.29385,606.1,501.6,0.997,0.63823,0.29528,612.7,504.0,0.995,0.62022,0.3162,595.4,539.8,1.0,0.69671,0.33705,668.8,575.4,0.999,0.55599,0.35437,533.7,604.9,0.995,0.70077,0.3811,672.7,650.5,0.318,0.49548,0.3366,475.7,574.6,0.915,0.65733,0.38006,631.0,648.8,0.008,0.47108,0.33632,452.2,574.1,0.884,0.64285,0.37783,617.1,645.0,0.006,0.48211,0.32748,462.8,559.0,0.88,0.63423,0.37253,608.9,635.9,0.006,0.49048,0.32787,470.9,559.7,0.785,0.64001,0.37496,614.4,640.1,0.006,0.55406,0.4147,531.9,707.9,1.0,0.60421,0.42999,580.0,734.0,1.0,0.46211,0.47513,443.6,811.1,0.92,0.51726,0.48458,496.6,827.2,0.474,0.39585,0.53733,380.0,917.2,0.943,0.49191,0.5566,472.2,950.1,0.598,0.39948,0.55233,383.5,942.8,0.952,0.49277,0.57194,473.1,976.3,0.786,0.34061,0.55557,327.0,948.4,0.85,0.44986,0.56302,431.9,961.1,0.415
552,15.245,960,1707,0.63438,0.28814,609.0,491.9,0.999,0.63667,0.28245,611.2,482.1,0.999,0.63445,0.28201,609.1,481.4,0.999,0.6323,0.28166,607.0,480.8,0.999,0.64553,0.28375,619.7,484.4,0.999,0.64914,0.28416,623.2,485.1,0.999,0.65277,0.28454,626.7,485.7,0.999,0.6312,0.28466,605.9,485.9,0.999,0.66208,0.28925,635.6,493.7,0.999,0.62999,0.29305,604.8,500.2,0.997,0.63665,0.29446,611.2,502.6,0.996,0.61848,0.31509,593.7,537.9,1.0,0.69383,0.33629,666.1,574.0,0.999,0.55601,0.35384,533.8,604.0,0.994,0.68589,0.37897,658.5,646.9,0.294,0.4951,0.33634,475.3,574.1,0.9,0.64316,0.37045,617.4,632.4,0.007,0.47098,0.33636,452.1,574.2,0.866,0.62923,0.36862,604.1,629.2,0.006,0.48149,0.32734,462.2,558.8,0.861,0.62674,0.36106,601.7,616.3,0.005,0.48978,0.32762,470.2,559.3,0.758,0.62413,0.36169,599.2,617.4,0.006,0.5527,0.41391,530.6,706.5,1.0,0.60416,0.4286,580.0,731.6,1.0,0.4608,0.47491,442.4,810.7,0.904,0.51715,0.48452,496.5,827.1,0.441,0.3948,0.5373,379.0,917.2,0.937,0.49163,0.55673,472.0,950.3,0.572,0.39834,0.55245,382.4,943.0,0.948,0.49259,0.57217,472.9,976.7,0.769,0.33952,0.55529,325.9,947.9,0.835,0.44975,0.56299,431.8,961.0,0.393
553,15.272,960,1707,0.63266,0.28753,607.4,490.8,0.999,0.63465,0.28161,609.3,480.7,0.999,0.6324,0.28117,607.1,480.0,0.999,0.63016,0.28079,605.0,479.3,0.999,0.64333,0.28284,617.6,482.8,0.999,0.64684,0.28321,621.0,483.4,0.999,0.65044,0.28356,624.4,484.0,0.999,0.6286,0.2837,603.5,484.3,0.999,0.66041,0.28817,634.0,491.9,0.999,0.62858,0.2925,603.4,499.3,0.998,0.63503,0.29371,609.6,501.4,0.996,0.61727,0.31395,592.6,535.9,1.0,0.68864,0.33436,661.1,570.8,0.999,0.55558,0.35354,533.4,603.5,0.993,0.66987,0.37761,643.1,644.6,0.271,0.49499,0.33636,475.2,574.2,0.882,0.62442,0.36379,599.4,621.0,0.007,0.47113,0.33645,452.3,574.3,0.847,0.61447,0.35449,589.9,605.1,0.006,0.4815,0.32747,462.2,559.0,0.841,0.60974,0.35184,585.4,600.6,0.005,0.48973,0.32784,470.1,559.6,0.732,0.60999,0.35383,585.6,604.0,0.005,0.55078,0.41331,528.8,705.5,1.0,0.60146,0.42801,577.4,730.6,1.0,0.45985,0.47476,441.5,810.4,0.897,0.51647,0.48435,495.8,826.8,0.42,0.39273,0.53756,377.0,917.6,0.936,0.49154,0.55685,471.9,950.5,0.56,0.39641,0.55273,380.6,943.5,0.945,0.49246,0.57244,472.8,977.2,0.76,0.3401,0.55536,326.5,948.0,0.83,0.4502,0.56297,432.2,961.0,0.383
554,15.3,960,1707,0.63278,0.28743,607.5,490.6,0.999,0.63484,0.28144,609.4,480.4,0.999,0.63265,0.28103,607.3,479.7,0.999,0.6304,0.28064,605.2,479.0,0.999,0.64316,0.28253,617.4,482.3,0.999,0.64667,0.28287,620.8,482.9,0.999,0.65033,0.28325,624.3,483.5,0.999,0.62829,0.28327,603.2,483.5,0.999,0.66037,0.28817,634.0,491.9,0.999,0.62877,0.29231,603.6,499.0,0.998,0.63505,0.29345,609.6,500.9,0.996,0.61554,0.3131,590.9,534.5,1.0,0.68451,0.33262,657.1,567.8,0.999,0.55348,0.35252,531.3,601.8,0.993,0.66876,0.37343,642.0,637.4,0.249,0.49438,0.33631,474.6,574.1,0.862,0.62419,0.36066,599.2,615.6,0.006,0.47132,0.33635,452.5,574.2,0.824,0.61327,0.35974,588.7,614.1,0.006,0.48147,0.32746,462.2,559.0,0.817,0.61008,0.35298,585.7,602.5,0.005,0.48921,0.32786,469.6,559.7,0.703,0.6117,0.355,587.2,606.0,0.005,0.54937,0.41301,527.4,705.0,1.0,0.60044,0.42737,576.4,729.5,1.0,0.45906,0.47481,440.7,810.5,0.884,0.51627,0.4843,495.6,826.7,0.393,0.39302,0.53759,377.3,917.7,0.93,0.49096,0.55683,471.3,950.5,0.536,0.39679,0.55305,380.9,944.1,0.94,0.49151,0.57232,471.8,976.9,0.742,0.34041,0.55504,326.8,947.5,0.815,0.45012,0.56312,432.1,961.2,0.363
555,15.328,960,1707,0.6328,0.28595,607.5,488.1,0.999,0.63471,0.27988,609.3,477.8,0.999,0.63256,0.2795,607.3,477.1,0.999,0.63029,0.27913,605.1,476.5,0.999,0.64293,0.28101,617.2,479.7,0.999,0.64654,0.28144,620.7,480.4,0.999,0.65029,0.28196,624.3,481.3,0.999,0.62756,0.28191,602.5,481.2,0.999,0.6599,0.28747,633.5,490.7,0.999,0.62886,0.29076,603.7,496.3,0.998,0.63509,0.29217,609.7,498.7,0.996,0.61225,0.31212,587.8,532.8,1.0,0.67777,0.33059,650.7,564.3,0.999,0.55248,0.35214,530.4,601.1,0.992,0.67245,0.36947,645.6,630.7,0.229,0.49432,0.33646,474.5,574.3,0.851,0.62208,0.35435,597.2,604.9,0.006,0.47263,0.33668,453.7,574.7,0.81,0.61028,0.3506,585.9,598.5,0.005,0.48155,0.32894,462.3,561.5,0.803,0.60842,0.34731,584.1,592.9,0.005,0.48921,0.32963,469.6,562.7,0.683,0.60967,0.34929,585.3,596.2,0.005,0.54716,0.41217,525.3,703.6,1.0,0.59876,0.42581,574.8,726.9,1.0,0.45833,0.47469,440.0,810.3,0.865,0.51375,0.48428,493.2,826.7,0.369,0.39318,0.53777,377.4,918.0,0.923,0.49068,0.5569,471.0,950.6,0.513,0.39723,0.55318,381.3,944.3,0.933,0.49158,0.57237,471.9,977.0,0.726,0.33977,0.55514,326.2,947.6,0.8,0.4483,0.56339,430.4,961.7,0.345
556,15.355,960,1707,0.63375,0.28607,608.4,488.3,0.999,0.63476,0.28003,609.4,478.0,0.999,0.63276,0.27961,607.5,477.3,0.999,0.63055,0.27916,605.3,476.5,0.999,0.64354,0.28131,617.8,480.2,0.999,0.64755,0.28183,621.7,481.1,0.999,0.65175,0.28242,625.7,482.1,0.999,0.62729,0.28188,602.2,481.2,0.999,0.66009,0.28782,633.7,491.3,0.998,0.62899,0.29099,603.8,496.7,0.998,0.63601,0.29246,610.6,499.2,0.996,0.61317,0.312,588.6,532.6,1.0,0.67419,0.32783,647.2,559.6,0.999,0.55163,0.35167,529.6,600.3,0.992,0.63852,0.36934,613.0,630.5,0.212,0.49386,0.33652,474.1,574.4,0.845,0.58844,0.36309,564.9,619.8,0.006,0.47264,0.33698,453.7,575.2,0.802,0.57673,0.36137,553.7,616.9,0.005,0.48138,0.32927,462.1,562.1,0.794,0.57235,0.35604,549.5,607.8,0.005,0.48872,0.32997,469.2,563.3,0.67,0.57394,0.35625,551.0,608.1,0.005,0.54561,0.41183,523.8,703.0,1.0,0.59619,0.42504,572.3,725.6,1.0,0.45782,0.47409,439.5,809.3,0.862,0.51321,0.48422,492.7,826.6,0.361,0.39263,0.53777,376.9,918.0,0.923,0.48985,0.55687,470.3,950.6,0.516,0.39641,0.55314,380.6,944.2,0.931,0.4914,0.57237,471.7,977.0,0.728,0.33982,0.55479,326.2,947.0,0.799,0.44214,0.56329,424.5,961.5,0.346
557,15.383,960,1707,0.63447,0.28436,609.1,485.4,0.999,0.63489,0.27872,609.5,475.8,0.999,0.63292,0.27825,607.6,475.0,0.999,0.63068,0.27774,605.4,474.1,0.999,0.64392,0.28,618.2,478.0,0.999,0.64812,0.28051,622.2,478.8,0.999,0.65246,0.28107,626.4,479.8,0.999,0.62722,0.28039,602.1,478.6,0.999,0.65993,0.28616,633.5,488.5,0.998,0.62902,0.28942,603.9,494.0,0.998,0.6366,0.29089,611.1,496.6,0.996,0.61398,0.31205,589.4,532.7,1.0,0.66774,0.32469,641.0,554.2,0.999,0.5504,0.35145,528.4,599.9,0.991,0.62056,0.36594,595.7,624.7,0.198,0.49386,0.3363,474.1,574.1,0.837,0.56493,0.36241,542.3,618.6,0.006,0.47339,0.33698,454.5,575.2,0.792,0.55067,0.36078,528.6,615.8,0.005,0.48148,0.32923,462.2,562.0,0.784,0.54635,0.35545,524.5,606.7,0.005,0.48864,0.32996,469.1,563.2,0.655,0.54921,0.35552,527.2,606.9,0.005,0.54313,0.41196,521.4,703.2,1.0,0.59188,0.42467,568.2,724.9,1.0,0.45661,0.47364,438.3,808.5,0.854,0.51263,0.48425,492.1,826.6,0.344,0.39277,0.53711,377.1,916.8,0.92,0.48986,0.55689,470.3,950.6,0.509,0.39662,0.55188,380.8,942.1,0.925,0.49144,0.5724,471.8,977.1,0.721,0.33996,0.55436,326.4,946.3,0.792,0.44253,0.56322,424.8,961.4,0.341
558,15.411,960,1707,0.63434,0.28369,609.0,484.3,0.999,0.63476,0.27811,609.4,474.7,0.999,0.63271,0.27766,607.4,474.0,0.999,0.63039,0.2772,605.2,473.2,0.999,0.64369,0.27935,617.9,476.8,0.999,0.64785,0.27982,621.9,477.7,0.999,0.65214,0.28033,626.1,478.5,0.999,0.62708,0.27976,602.0,477.5,0.999,0.65835,0.28507,632.0,486.6,0.998,0.62903,0.28871,603.9,492.8,0.998,0.63646,0.29009,611.0,495.2,0.997,0.61452,0.31141,589.9,531.6,1.0,0.6658,0.32385,639.2,552.8,0.999,0.54847,0.35142,526.5,599.9,0.99,0.61659,0.36575,591.9,624.3,0.185,0.49368,0.33608,473.9,573.7,0.819,0.56097,0.35446,538.5,605.1,0.006,0.47342,0.33654,454.5,574.5,0.772,0.54331,0.35192,521.6,600.7,0.006,0.4812,0.32915,462.0,561.9,0.764,0.54041,0.34571,518.8,590.1,0.006,0.48794,0.3299,468.4,563.1,0.633,0.54089,0.34586,519.3,590.4,0.006,0.53996,0.41202,518.4,703.3,1.0,0.58812,0.42466,564.6,724.9,1.0,0.45466,0.47346,436.5,808.2,0.853,0.51153,0.48413,491.1,826.4,0.336,0.39282,0.53722,377.1,917.0,0.92,0.4898,0.55701,470.2,950.8,0.513,0.39675,0.55196,380.9,942.2,0.922,0.49146,0.57263,471.8,977.5,0.721,0.34012,0.55452,326.5,946.6,0.792,0.44163,0.56269,424.0,960.5,0.346
559,15.438,960,1707,0.63436,0.283,609.0,483.1,0.999,0.63478,0.27739,609.4,473.5,0.999,0.63266,0.27695,607.4,472.8,0.999,0.63027,0.27651,605.1,472.0,0.999,0.64369,0.27873,617.9,475.8,0.999,0.64782,0.27925,621.9,476.7,0.999,0.65206,0.27983,626.0,477.7,0.999,0.62681,0.2789,601.7,476.1,0.999,0.6574,0.2845,631.1,485.6,0.998,0.62907,0.2879,603.9,491.5,0.998,0.6365,0.28932,611.0,493.9,0.996,0.61469,0.31128,590.1,531.4,1.0,0.66461,0.3225,638.0,550.5,0.999,0.54699,0.35137,525.1,599.8,0.981,0.6194,0.36478,594.6,622.7,0.166,0.49359,0.33587,473.8,573.3,0.798,0.5656,0.36021,543.0,614.9,0.006,0.47335,0.3365,454.4,574.4,0.753,0.5561,0.35855,533.9,612.0,0.007,0.48054,0.32913,461.3,561.8,0.744,0.55061,0.35203,528.6,600.9,0.006,0.48735,0.32986,467.9,563.1,0.61,0.54624,0.35284,524.4,602.3,0.006,0.53979,0.41158,518.2,702.6,1.0,0.58752,0.42403,564.0,723.8,1.0,0.45417,0.47347,436.0,808.2,0.826,0.51044,0.48412,490.0,826.4,0.309,0.39214,0.53723,376.5,917.0,0.903,0.48968,0.55706,470.1,950.9,0.481,0.39592,0.55208,380.1,942.4,0.897,0.49148,0.57266,471.8,977.5,0.687,0.33838,0.55456,324.8,946.6,0.764,0.442,0.56245,424.3,960.1,0.325
560,15.466,960,1707,0.63422,0.28144,608.8,480.4,0.999,0.63451,0.27589,609.1,470.9,0.998,0.63231,0.27546,607.0,470.2,0.998,0.62984,0.27504,604.6,469.5,0.999,0.64341,0.27716,617.7,473.1,0.999,0.64745,0.2776,621.5,473.9,0.998,0.65161,0.27806,625.5,474.7,0.999,0.62629,0.27743,601.2,473.6,0.999,0.65619,0.28252,629.9,482.3,0.998,0.62891,0.28636,603.8,488.8,0.998,0.63629,0.28783,610.8,491.3,0.996,0.61502,0.311,590.4,530.9,1.0,0.66356,0.32194,637.0,549.5,0.999,0.54411,0.35138,522.3,599.8,0.976,0.6234,0.36551,598.5,623.9,0.15,0.49358,0.33579,473.8,573.2,0.787,0.56824,0.3671,545.5,626.6,0.006,0.4733,0.33641,454.4,574.3,0.741,0.55981,0.36836,537.4,628.8,0.007,0.48035,0.32907,461.1,561.7,0.733,0.55017,0.36272,528.2,619.2,0.007,0.48725,0.32983,467.8,563.0,0.594,0.54886,0.36184,526.9,617.7,0.007,0.53982,0.41105,518.2,701.7,1.0,0.58753,0.42306,564.0,722.2,1.0,0.45395,0.47348,435.8,808.2,0.802,0.51036,0.48413,489.9,826.4,0.284,0.39124,0.5373,375.6,917.2,0.885,0.48962,0.55753,470.0,951.7,0.448,0.39507,0.5521,379.3,942.4,0.873,0.49147,0.57337,471.8,978.7,0.651,0.33548,0.55457,322.1,946.7,0.734,0.44208,0.56204,424.4,959.4,0.303
561,15.493,960,1707,0.63312,0.28039,607.8,478.6,0.999,0.63319,0.27471,607.9,468.9,0.999,0.63078,0.27427,605.6,468.2,0.998,0.62815,0.27386,603.0,467.5,0.999,0.64248,0.27595,616.8,471.0,0.999,0.64663,0.27635,620.8,471.7,0.999,0.65087,0.27674,624.8,472.4,0.999,0.62466,0.27633,599.7,471.7,0.999,0.65482,0.28124,628.6,480.1,0.998,0.62762,0.28549,602.5,487.3,0.998,0.63518,0.28699,609.8,489.9,0.996,0.61434,0.31074,589.8,530.4,1.0,0.66195,0.32115,635.5,548.2,0.999,0.54164,0.35138,520.0,599.8,0.972,0.61296,0.36323,588.4,620.0,0.135,0.49332,0.33548,473.6,572.7,0.782,0.56039,0.36602,538.0,624.8,0.007,0.47262,0.33628,453.7,574.0,0.736,0.55167,0.36685,529.6,626.2,0.009,0.47913,0.32892,460.0,561.5,0.728,0.54236,0.36184,520.7,617.7,0.008,0.48616,0.3296,466.7,562.6,0.588,0.54192,0.36113,520.2,616.4,0.008,0.53918,0.411,517.6,701.6,1.0,0.58612,0.42283,562.7,721.8,1.0,0.45363,0.4735,435.5,808.3,0.798,0.5102,0.48411,489.8,826.4,0.266,0.39062,0.53827,375.0,918.8,0.881,0.48961,0.55778,470.0,952.1,0.428,0.39466,0.55386,378.9,945.4,0.861,0.49148,0.57362,471.8,979.2,0.628,0.33572,0.55461,322.3,946.7,0.726,0.44232,0.56138,424.6,958.3,0.29
562,15.521,960,1707,0.63275,0.28009,607.4,478.1,0.999,0.63249,0.2743,607.2,468.2,0.999,0.62994,0.27382,604.7,467.4,0.998,0.62726,0.27339,602.2,466.7,0.999,0.64192,0.27571,616.2,470.6,0.999,0.64604,0.27616,620.2,471.4,0.998,0.6502,0.27658,624.2,472.1,0.999,0.62375,0.27597,598.8,471.1,0.999,0.65393,0.28112,627.8,479.9,0.998,0.62701,0.2852,601.9,486.8,0.998,0.63454,0.28676,609.2,489.5,0.996,0.61334,0.3106,588.8,530.2,1.0,0.66043,0.32099,634.0,547.9,0.999,0.54074,0.35114,519.1,599.4,0.969,0.61519,0.36326,590.6,620.1,0.122,0.49241,0.33459,472.7,571.1,0.778,0.56096,0.36642,538.5,625.5,0.007,0.4714,0.33584,452.5,573.3,0.733,0.55268,0.36699,530.6,626.5,0.009,0.47733,0.32839,458.2,560.6,0.725,0.54285,0.36187,521.1,617.7,0.009,0.48437,0.32883,465.0,561.3,0.582,0.54221,0.36131,520.5,616.8,0.009,0.53836,0.41075,516.8,701.1,1.0,0.58542,0.42256,562.0,721.3,1.0,0.45312,0.47354,435.0,808.3,0.783,0.50987,0.48381,489.5,825.9,0.245,0.39043,0.53887,374.8,919.8,0.871,0.48965,0.55779,470.1,952.2,0.4,0.3946,0.55494,378.8,947.3,0.844,0.49165,0.57359,472.0,979.1,0.596,0.33609,0.55407,322.7,945.8,0.708,0.4428,0.56096,425.1,957.6,0.271
563,15.549,960,1707,0.63115,0.27939,605.9,476.9,0.999,0.63102,0.27374,605.8,467.3,0.999,0.62844,0.27331,603.3,466.5,0.999,0.6258,0.2729,600.8,465.8,0.999,0.64052,0.27499,614.9,469.4,0.999,0.64461,0.27538,618.8,470.1,0.999,0.6486,0.27571,622.7,470.6,0.999,0.6229,0.27556,598.0,470.4,0.999,0.65225,0.28008,626.2,478.1,0.998,0.62571,0.28466,600.7,485.9,0.998,0.63286,0.28599,607.5,488.2,0.997,0.61247,0.31045,588.0,529.9,1.0,0.65827,0.31965,631.9,545.6,1.0,0.53786,0.35111,516.3,599.4,0.967,0.60639,0.36058,582.1,615.5,0.111,0.49171,0.33438,472.0,570.8,0.768,0.54749,0.35219,525.6,601.2,0.009,0.47067,0.33573,451.8,573.1,0.722,0.53739,0.35009,515.9,597.6,0.012,0.47665,0.32822,457.6,560.3,0.713,0.52722,0.34529,506.1,589.4,0.011,0.48387,0.32857,464.5,560.9,0.569,0.52953,0.34554,508.4,589.8,0.012,0.53695,0.41024,515.5,700.3,1.0,0.58362,0.42186,560.3,720.1,1.0,0.45278,0.47355,434.7,808.3,0.783,0.5082,0.48322,487.9,824.9,0.233,0.39052,0.53907,374.9,920.2,0.869,0.48943,0.5577,469.9,952.0,0.388,0.39467,0.55535,378.9,948.0,0.837,0.49161,0.57356,471.9,979.1,0.583,0.33633,0.55404,322.9,945.7,0.705,0.44053,0.56052,422.9,956.8,0.265
564,15.576,960,1707,0.63097,0.27846,605.7,475.3,0.999,0.63085,0.27283,605.6,465.7,0.999,0.62815,0.27228,603.0,464.8,0.999,0.62543,0.27177,600.4,463.9,0.999,0.64042,0.27435,614.8,468.3,0.999,0.64447,0.27479,618.7,469.1,0.999,0.64847,0.27516,622.5,469.7,0.999,0.62241,0.27453,597.5,468.6,0.999,0.65229,0.27933,626.2,476.8,0.998,0.62513,0.28363,600.1,484.2,0.998,0.63242,0.28511,607.1,486.7,0.997,0.61205,0.30984,587.6,528.9,1.0,0.65755,0.31885,631.3,544.3,1.0,0.53576,0.35084,514.3,598.9,0.965,0.60275,0.35874,578.6,612.4,0.1,0.49164,0.33437,472.0,570.8,0.762,0.54991,0.3563,527.9,608.2,0.009,0.47013,0.3357,451.3,573.0,0.715,0.53983,0.35515,518.2,606.2,0.014,0.47646,0.32809,457.4,560.1,0.706,0.53125,0.349,510.0,595.7,0.013,0.4839,0.32846,464.5,560.7,0.561,0.53331,0.34932,512.0,596.3,0.013,0.536,0.40985,514.6,699.6,1.0,0.58287,0.42127,559.6,719.1,1.0,0.45258,0.4736,434.5,808.4,0.782,0.50773,0.48321,487.4,824.8,0.22,0.38997,0.53967,374.4,921.2,0.869,0.48944,0.55816,469.9,952.8,0.377,0.39418,0.55559,378.4,948.4,0.831,0.4919,0.57413,472.2,980.0,0.569,0.33649,0.5545,323.0,946.5,0.703,0.4408,0.56045,423.2,956.7,0.259
565,15.604,960,1707,0.63017,0.27784,605.0,474.3,0.999,0.62999,0.27219,604.8,464.6,0.999,0.62718,0.27165,602.1,463.7,0.999,0.62444,0.27115,599.5,462.9,0.999,0.63983,0.27368,614.2,467.2,0.999,0.64392,0.27411,618.2,467.9,0.999,0.6479,0.27448,622.0,468.5,0.999,0.62135,0.2739,596.5,467.5,0.999,0.65145,0.27869,625.4,475.7,0.998,0.62413,0.28303,599.2,483.1,0.998,0.63151,0.28451,606.3,485.7,0.997,0.61124,0.30916,586.8,527.7,1.0,0.65676,0.31833,630.5,543.4,1.0,0.53563,0.3509,514.2,599.0,0.964,0.6061,0.36032,581.9,615.1,0.09,0.49139,0.33439,471.7,570.8,0.766,0.54999,0.35806,528.0,611.2,0.01,0.46957,0.33555,450.8,572.8,0.719,0.53984,0.35723,518.2,609.8,0.015,0.47654,0.32804,457.5,560.0,0.71,0.53052,0.35141,509.3,599.9,0.014,0.48398,0.3284,464.6,560.6,0.563,0.53332,0.35159,512.0,600.2,0.014,0.53606,0.40925,514.6,698.6,1.0,0.583,0.42063,559.7,718.0,1.0,0.45166,0.47362,433.6,808.5,0.779,0.50758,0.48319,487.3,824.8,0.208,0.39122,0.53981,375.6,921.5,0.867,0.48936,0.55848,469.8,953.3,0.364,0.39699,0.55563,381.1,948.5,0.824,0.49175,0.57431,472.1,980.3,0.555,0.33687,0.55489,323.4,947.2,0.7,0.44081,0.56046,423.2,956.7,0.252
566,15.631,960,1707,0.6285,0.27784,603.4,474.3,0.999,0.62813,0.27217,603.0,464.6,0.999,0.62531,0.27161,600.3,463.6,0.999,0.62257,0.2711,597.7,462.8,0.999,0.63806,0.27367,612.5,467.2,0.999,0.64214,0.27411,616.5,467.9,0.999,0.64614,0.27447,620.3,468.5,0.999,0.61986,0.27397,595.1,467.7,0.999,0.65012,0.27852,624.1,475.4,0.998,0.62275,0.28305,597.8,483.2,0.998,0.63024,0.28447,605.0,485.6,0.997,0.61096,0.30869,586.5,526.9,1.0,0.65555,0.31798,629.3,542.8,1.0,0.53618,0.3509,514.7,599.0,0.963,0.60526,0.36107,581.1,616.3,0.082,0.4914,0.33438,471.7,570.8,0.769,0.54961,0.3562,527.6,608.0,0.01,0.46929,0.33532,450.5,572.4,0.722,0.53874,0.35831,517.2,611.6,0.016,0.47659,0.32786,457.5,559.7,0.713,0.53053,0.35073,509.3,598.7,0.015,0.48431,0.32836,464.9,560.5,0.564,0.53352,0.35121,512.2,599.5,0.015,0.53625,0.40881,514.8,697.8,1.0,0.58299,0.41997,559.7,716.9,1.0,0.45084,0.47356,432.8,808.4,0.765,0.5072,0.48289,486.9,824.3,0.194,0.39188,0.5399,376.2,921.6,0.859,0.4892,0.55847,469.6,953.3,0.344,0.39787,0.55565,382.0,948.5,0.812,0.49142,0.57428,471.8,980.3,0.532,0.33997,0.555,326.4,947.4,0.689,0.44072,0.56045,423.1,956.7,0.24
567,15.659,960,1707,0.62716,0.27752,602.1,473.7,0.999,0.62675,0.27194,601.7,464.2,0.999,0.62382,0.27138,598.9,463.2,0.999,0.621,0.27088,596.2,462.4,0.999,0.6368,0.27342,611.3,466.7,0.999,0.6408,0.27386,615.2,467.5,0.999,0.64467,0.27423,618.9,468.1,0.999,0.61812,0.27387,593.4,467.5,0.999,0.64882,0.27828,622.9,475.0,0.998,0.62133,0.28279,596.5,482.7,0.999,0.62888,0.28423,603.7,485.2,0.997,0.61023,0.30791,585.8,525.6,1.0,0.65429,0.31776,628.1,542.4,1.0,0.53536,0.35024,513.9,597.9,0.961,0.60433,0.36136,580.2,616.8,0.074,0.49141,0.33433,471.8,570.7,0.772,0.54655,0.3563,524.7,608.2,0.011,0.4693,0.33519,450.5,572.2,0.725,0.53645,0.35865,515.0,612.2,0.018,0.47661,0.32768,457.5,559.4,0.716,0.5273,0.35185,506.2,600.6,0.017,0.48456,0.32821,465.2,560.3,0.566,0.53094,0.35226,509.7,601.3,0.017,0.53627,0.40817,514.8,696.7,1.0,0.58264,0.41924,559.3,715.6,1.0,0.45005,0.47316,432.0,807.7,0.744,0.50635,0.48235,486.1,823.4,0.179,0.39189,0.53984,376.2,921.5,0.844,0.48917,0.55838,469.6,953.2,0.321,0.39824,0.55564,382.3,948.5,0.796,0.49122,0.57425,471.6,980.2,0.506,0.33975,0.55497,326.2,947.3,0.669,0.44085,0.56023,423.2,956.3,0.225
568,15.687,960,1707,0.62481,0.27684,599.8,472.6,0.999,0.62442,0.27148,599.4,463.4,0.999,0.62167,0.27095,596.8,462.5,0.999,0.61893,0.27045,594.2,461.7,0.999,0.63404,0.27295,608.7,465.9,0.999,0.63793,0.2734,612.4,466.7,0.999,0.6416,0.27375,615.9,467.3,0.999,0.61596,0.27367,591.3,467.1,0.999,0.64552,0.27779,619.7,474.2,0.998,0.61916,0.28221,594.4,481.7,0.999,0.62655,0.28362,601.5,484.1,0.998,0.60902,0.30783,584.7,525.5,1.0,0.65145,0.31749,625.4,542.0,1.0,0.53538,0.34985,514.0,597.2,0.957,0.597,0.35759,573.1,610.4,0.067,0.49144,0.33433,471.8,570.7,0.776,0.52901,0.34662,507.8,591.7,0.014,0.46932,0.33504,450.5,571.9,0.73,0.52127,0.34499,500.4,588.9,0.022,0.47695,0.32752,457.9,559.1,0.721,0.51015,0.33989,489.7,580.2,0.021,0.48513,0.32814,465.7,560.1,0.57,0.51729,0.34159,496.6,583.1,0.02,0.53607,0.40757,514.6,695.7,1.0,0.58144,0.41849,558.2,714.4,1.0,0.44944,0.47286,431.5,807.2,0.725,0.50598,0.48202,485.7,822.8,0.166,0.39218,0.5398,376.5,921.4,0.832,0.48912,0.5577,469.6,952.0,0.301,0.40015,0.55563,384.1,948.5,0.783,0.49078,0.57362,471.1,979.2,0.485,0.3405,0.55494,326.9,947.3,0.656,0.44116,0.56016,423.5,956.2,0.214
569,15.714,960,1707,0.62421,0.27704,599.2,472.9,0.999,0.62375,0.27162,598.8,463.7,0.999,0.62082,0.27109,596.0,462.7,0.999,0.61796,0.27058,593.2,461.9,0.999,0.63354,0.27303,608.2,466.1,0.999,0.63739,0.27347,611.9,466.8,0.999,0.64117,0.27384,615.5,467.4,0.999,0.61501,0.27382,590.4,467.4,0.999,0.64538,0.27785,619.6,474.3,0.998,0.61846,0.28236,593.7,482.0,0.999,0.626,0.28377,601.0,484.4,0.998,0.60844,0.30713,584.1,524.3,1.0,0.64988,0.3172,623.9,541.5,1.0,0.53542,0.34935,514.0,596.3,0.957,0.5988,0.35852,574.8,612.0,0.061,0.49181,0.33494,472.1,571.7,0.787,0.53322,0.34823,511.9,594.4,0.017,0.46979,0.33527,451.0,572.3,0.743,0.52278,0.3455,501.9,589.8,0.028,0.4783,0.32774,459.2,559.5,0.735,0.51236,0.34405,491.9,587.3,0.026,0.48631,0.32843,466.9,560.6,0.586,0.51868,0.34468,497.9,588.4,0.025,0.53535,0.40746,513.9,695.5,1.0,0.58014,0.4185,556.9,714.4,1.0,0.44891,0.47278,431.0,807.0,0.726,0.50557,0.48181,485.3,822.5,0.157,0.39218,0.53979,376.5,921.4,0.832,0.48902,0.55749,469.5,951.6,0.292,0.40056,0.55562,384.5,948.4,0.782,0.49042,0.57332,470.8,978.7,0.479,0.33979,0.55495,326.2,947.3,0.656,0.44122,0.55951,423.6,955.1,0.209
570,15.742,960,1707,0.62209,0.2763,597.2,471.6,0.999,0.62156,0.271,596.7,462.6,0.999,0.61864,0.27053,593.9,461.8,0.999,0.61577,0.27008,591.1,461.0,0.999,0.6314,0.2723,606.1,464.8,0.999,0.63534,0.27275,609.9,465.6,0.999,0.63921,0.27316,613.6,466.3,0.999,0.61214,0.27323,587.6,466.4,0.999,0.64303,0.27752,617.3,473.7,0.998,0.61645,0.28161,591.8,480.7,0.999,0.62367,0.28301,598.7,483.1,0.998,0.60696,0.30699,582.7,524.0,1.0,0.64806,0.31661,622.1,540.5,1.0,0.53574,0.34924,514.3,596.2,0.952,0.5966,0.35834,572.7,611.7,0.055,0.492,0.3352,472.3,572.2,0.781,0.53128,0.35006,510.0,597.6,0.019,0.47045,0.33529,451.6,572.3,0.737,0.52012,0.34785,499.3,593.8,0.032,0.47907,0.32807,459.9,560.0,0.729,0.51062,0.34461,490.2,588.3,0.03,0.48684,0.32898,467.4,561.6,0.578,0.51761,0.34582,496.9,590.3,0.028,0.53425,0.40745,512.9,695.5,1.0,0.57925,0.41835,556.1,714.1,1.0,0.44833,0.47279,430.4,807.0,0.711,0.50475,0.48182,484.6,822.5,0.147,0.39209,0.53943,376.4,920.8,0.823,0.48902,0.55737,469.5,951.4,0.279,0.40047,0.55526,384.5,947.8,0.772,0.49041,0.57315,470.8,978.4,0.466,0.33914,0.5547,325.6,946.9,0.642,0.44163,0.55933,424.0,954.8,0.2
571,15.77,960,1707,0.62196,0.27626,597.1,471.6,0.999,0.62145,0.27102,596.6,462.6,0.999,0.61837,0.27053,593.6,461.8,0.999,0.61537,0.27005,590.8,461.0,0.999,0.63137,0.2723,606.1,464.8,0.999,0.63527,0.27274,609.9,465.6,0.999,0.63922,0.27314,613.6,466.2,0.999,0.6115,0.27331,587.0,466.5,0.999,0.64334,0.27753,617.6,473.7,0.998,0.61586,0.28156,591.2,480.6,0.999,0.62332,0.28291,598.4,482.9,0.998,0.60454,0.30692,580.4,523.9,1.0,0.64755,0.31649,621.7,540.2,1.0,0.53595,0.34919,514.5,596.1,0.95,0.59703,0.35874,573.1,612.4,0.05,0.49239,0.3352,472.7,572.2,0.783,0.5315,0.351,510.2,599.2,0.021,0.47115,0.33517,452.3,572.1,0.741,0.5201,0.34976,499.3,597.0,0.036,0.48058,0.32806,461.4,560.0,0.732,0.51072,0.34614,490.3,590.9,0.034,0.48831,0.32902,468.8,561.6,0.58,0.51835,0.34674,497.6,591.9,0.031,0.53252,0.40746,511.2,695.5,1.0,0.57794,0.41828,554.8,714.0,1.0,0.44777,0.47295,429.9,807.3,0.707,0.50462,0.4818,484.4,822.4,0.139,0.39207,0.53932,376.4,920.6,0.82,0.48907,0.55733,469.5,951.4,0.269,0.40042,0.55515,384.4,947.6,0.77,0.49043,0.57305,470.8,978.2,0.458,0.33896,0.55449,325.4,946.5,0.634,0.44274,0.55886,425.0,954.0,0.193
572,15.797,960,1707,0.62067,0.27635,595.8,471.7,0.999,0.62014,0.27114,595.3,462.8,0.999,0.61713,0.27065,592.4,462.0,0.999,0.61422,0.27016,589.7,461.2,0.999,0.62994,0.27238,604.7,465.0,0.999,0.63378,0.27281,608.4,465.7,0.999,0.63777,0.27321,612.3,466.4,0.999,0.61079,0.27342,586.4,466.7,0.999,0.64272,0.2775,617.0,473.7,0.998,0.61491,0.28162,590.3,480.7,0.999,0.62207,0.28295,597.2,483.0,0.998,0.60449,0.30679,580.3,523.7,1.0,0.64621,0.31613,620.4,539.6,1.0,0.53671,0.34915,515.2,596.0,0.947,0.59692,0.35876,573.0,612.4,0.046,0.49266,0.3353,473.0,572.4,0.777,0.53316,0.35095,511.8,599.1,0.021,0.47169,0.3352,452.8,572.2,0.735,0.52202,0.34907,501.1,595.9,0.036,0.4813,0.32825,462.1,560.3,0.727,0.51283,0.34209,492.3,584.0,0.034,0.48904,0.32913,469.5,561.8,0.573,0.52015,0.34559,499.3,589.9,0.032,0.53269,0.40715,511.4,695.0,1.0,0.57684,0.41752,553.8,712.7,1.0,0.44706,0.47252,429.2,806.6,0.696,0.50434,0.48135,484.2,821.7,0.131,0.39207,0.5391,376.4,920.2,0.811,0.48907,0.55705,469.5,950.9,0.257,0.40117,0.55497,385.1,947.3,0.759,0.49076,0.57283,471.1,977.8,0.445,0.33926,0.55457,325.7,946.6,0.624,0.44284,0.55887,425.1,954.0,0.185
573,15.825,960,1707,0.61912,0.27618,594.4,471.4,0.999,0.61838,0.27107,593.6,462.7,0.999,0.61542,0.27058,590.8,461.9,0.999,0.61255,0.27008,588.0,461.0,0.999,0.62822,0.27228,603.1,464.8,0.999,0.63202,0.2727,606.7,465.5,0.999,0.63587,0.27307,610.4,466.1,0.999,0.60916,0.27336,584.8,466.6,0.999,0.6409,0.27719,615.3,473.2,0.998,0.61365,0.28144,589.1,480.4,0.999,0.62063,0.28273,595.8,482.6,0.998,0.60381,0.30671,579.7,523.6,1.0,0.64578,0.31569,620.0,538.9,1.0,0.53819,0.34905,516.7,595.8,0.944,0.59744,0.35967,573.5,614.0,0.041,0.49275,0.33562,473.0,572.9,0.774,0.53548,0.35682,514.1,609.1,0.021,0.47184,0.33545,453.0,572.6,0.732,0.52453,0.35537,503.5,606.6,0.036,0.48144,0.32876,462.2,561.2,0.724,0.51511,0.3467,494.5,591.8,0.034,0.48905,0.32978,469.5,562.9,0.57,0.52165,0.34857,500.8,595.0,0.031,0.53194,0.40687,510.7,694.5,1.0,0.57535,0.41717,552.3,712.1,1.0,0.44695,0.47235,429.1,806.3,0.687,0.50366,0.48117,483.5,821.4,0.124,0.39209,0.53895,376.4,920.0,0.805,0.48905,0.55685,469.5,950.5,0.247,0.40137,0.55458,385.3,946.7,0.753,0.49088,0.57248,471.2,977.2,0.435,0.33946,0.55483,325.9,947.1,0.613,0.44469,0.55889,426.9,954.0,0.178
574,15.852,960,1707,0.61741,0.27595,592.7,471.0,0.999,0.61677,0.27092,592.1,462.5,0.999,0.61384,0.27041,589.3,461.6,0.999,0.61092,0.26987,586.5,460.7,0.999,0.6263,0.27213,601.2,464.5,0.999,0.63001,0.27255,604.8,465.2,0.999,0.63373,0.27293,608.4,465.9,0.999,0.60719,0.27311,582.9,466.2,0.999,0.63848,0.27702,612.9,472.9,0.998,0.61213,0.28111,587.6,479.9,0.999,0.61885,0.28243,594.1,482.1,0.998,0.6026,0.30658,578.5,523.3,1.0,0.6441,0.31531,618.3,538.2,1.0,0.5399,0.34905,518.3,595.8,0.948,0.59643,0.35983,572.6,614.2,0.042,0.49294,0.33562,473.2,572.9,0.784,0.53648,0.35953,515.0,613.7,0.02,0.47278,0.33553,453.9,572.7,0.743,0.52548,0.35869,504.5,612.3,0.034,0.48193,0.32923,462.7,562.0,0.735,0.5165,0.34846,495.8,594.8,0.033,0.48937,0.33001,469.8,563.3,0.583,0.52257,0.34977,501.7,597.1,0.03,0.53152,0.40688,510.3,694.6,1.0,0.5748,0.41717,551.8,712.1,1.0,0.44641,0.4728,428.6,807.1,0.703,0.50371,0.48152,483.6,821.9,0.124,0.39191,0.53911,376.2,920.3,0.817,0.48946,0.55706,469.9,950.9,0.252,0.40132,0.55483,385.3,947.1,0.769,0.49213,0.57251,472.4,977.3,0.452,0.33832,0.5553,324.8,947.9,0.633,0.44877,0.55896,430.8,954.1,0.182
575,15.88,960,1707,0.61596,0.276,591.3,471.1,0.999,0.61552,0.27096,590.9,462.5,0.999,0.61268,0.27046,588.2,461.7,0.999,0.60989,0.26993,585.5,460.8,0.999,0.62497,0.27211,600.0,464.5,0.999,0.62876,0.27251,603.6,465.2,0.999,0.6325,0.2729,607.2,465.8,0.999,0.60638,0.27315,582.1,466.3,0.999,0.6372,0.27703,611.7,472.9,0.998,0.61079,0.28118,586.4,480.0,0.999,0.61745,0.28246,592.8,482.2,0.998,0.60214,0.30656,578.1,523.3,1.0,0.64356,0.31537,617.8,538.3,1.0,0.54093,0.3489,519.3,595.6,0.951,0.59588,0.36067,572.0,615.7,0.041,0.49299,0.33561,473.3,572.9,0.79,0.53745,0.36072,516.0,615.7,0.02,0.47319,0.33548,454.3,572.7,0.748,0.52488,0.36002,503.9,614.6,0.033,0.48203,0.32928,462.7,562.1,0.741,0.51679,0.34991,496.1,597.3,0.031,0.48938,0.33007,469.8,563.4,0.59,0.52273,0.35102,501.8,599.2,0.029,0.53164,0.40693,510.4,694.6,1.0,0.57452,0.41699,551.5,711.8,1.0,0.446,0.47264,428.2,806.8,0.714,0.50342,0.48152,483.3,822.0,0.123,0.39251,0.53911,376.8,920.3,0.827,0.4895,0.55708,469.9,950.9,0.257,0.40314,0.55483,387.0,947.1,0.782,0.49309,0.57242,473.4,977.1,0.464,0.3388,0.55577,325.2,948.7,0.65,0.44864,0.55899,430.7,954.2,0.186
576,15.908,960,1707,0.61406,0.27605,589.5,471.2,0.999,0.61401,0.271,589.5,462.6,0.999,0.61136,0.2705,586.9,461.8,0.999,0.60876,0.26997,584.4,460.8,0.999,0.62329,0.27208,598.4,464.4,0.999,0.62717,0.27247,602.1,465.1,0.999,0.63095,0.27286,605.7,465.8,0.999,0.60557,0.27318,581.4,466.3,0.999,0.63601,0.27706,610.6,472.9,0.998,0.60934,0.28124,585.0,480.1,0.999,0.61612,0.2825,591.5,482.2,0.998,0.60178,0.30654,577.7,523.3,1.0,0.6424,0.31505,616.7,537.8,1.0,0.54224,0.34885,520.6,595.5,0.949,0.59603,0.36244,572.2,618.7,0.038,0.49297,0.33555,473.3,572.8,0.794,0.53737,0.36312,515.9,619.8,0.02,0.47314,0.3355,454.2,572.7,0.754,0.52541,0.36294,504.4,619.5,0.033,0.48164,0.32921,462.4,562.0,0.747,0.516,0.35642,495.4,608.4,0.031,0.48896,0.33001,469.4,563.3,0.597,0.51871,0.35649,498.0,608.5,0.029,0.53172,0.40696,510.4,694.7,1.0,0.57445,0.41687,551.5,711.6,1.0,0.44587,0.47247,428.0,806.5,0.713,0.50275,0.48153,482.6,822.0,0.119,0.39233,0.5391,376.6,920.2,0.826,0.48951,0.55732,469.9,951.4,0.252,0.40304,0.5548,386.9,947.0,0.782,0.49351,0.57242,473.8,977.1,0.463,0.33881,0.55586,325.3,948.9,0.648,0.44651,0.56021,428.6,956.3,0.184
577,15.935,960,1707,0.61432,0.27599,589.7,471.1,0.999,0.61408,0.27099,589.5,462.6,0.999,0.61127,0.2705,586.8,461.7,0.999,0.6085,0.26997,584.2,460.8,0.999,0.62337,0.27204,598.4,464.4,0.999,0.6272,0.27242,602.1,465.0,0.999,0.63098,0.27281,605.7,465.7,0.999,0.60502,0.27314,580.8,466.3,0.999,0.63596,0.27696,610.5,472.8,0.998,0.60929,0.28114,584.9,479.9,0.999,0.61643,0.28243,591.8,482.1,0.998,0.60164,0.30612,577.6,522.5,1.0,0.64169,0.31449,616.0,536.8,1.0,0.54352,0.34871,521.8,595.2,0.952,0.5979,0.36257,574.0,618.9,0.035,0.49304,0.33528,473.3,572.3,0.805,0.53765,0.3629,516.1,619.5,0.02,0.47313,0.33545,454.2,572.6,0.766,0.52554,0.36282,504.5,619.3,0.033,0.48162,0.32865,462.4,561.0,0.759,0.51866,0.35592,497.9,607.6,0.031,0.48899,0.32946,469.4,562.4,0.613,0.52056,0.356,499.7,607.7,0.029,0.53118,0.40695,509.9,694.7,1.0,0.57415,0.41677,551.2,711.4,1.0,0.44579,0.47255,428.0,806.6,0.723,0.50265,0.48171,482.5,822.3,0.118,0.39239,0.53938,376.7,920.7,0.833,0.48943,0.55759,469.8,951.8,0.253,0.40297,0.55546,386.9,948.2,0.791,0.4933,0.57286,473.6,977.9,0.469,0.33773,0.5559,324.2,948.9,0.659,0.44431,0.5604,426.5,956.6,0.186
578,15.963,960,1707,0.61369,0.27587,589.1,470.9,0.999,0.61337,0.27093,588.8,462.5,0.999,0.61061,0.27041,586.2,461.6,0.999,0.60787,0.26984,583.6,460.6,0.999,0.62222,0.27196,597.3,464.2,0.999,0.62589,0.27233,600.9,464.9,0.999,0.62946,0.2727,604.3,465.5,0.999,0.60421,0.27298,580.0,466.0,0.999,0.63422,0.27672,608.9,472.4,0.998,0.6088,0.28103,584.4,479.7,0.999,0.61572,0.28231,591.1,481.9,0.998,0.60105,0.30614,577.0,522.6,1.0,0.64082,0.3137,615.2,535.5,1.0,0.54399,0.34871,522.2,595.3,0.95,0.59706,0.36183,573.2,617.7,0.032,0.49311,0.3351,473.4,572.0,0.802,0.53718,0.3578,515.7,610.8,0.019,0.47299,0.33547,454.1,572.6,0.764,0.52584,0.35629,504.8,608.2,0.033,0.48161,0.32843,462.3,560.6,0.757,0.51869,0.35044,497.9,598.2,0.031,0.48906,0.32898,469.5,561.6,0.609,0.52112,0.35065,500.3,598.6,0.029,0.53098,0.40699,509.7,694.7,1.0,0.57369,0.41676,550.7,711.4,1.0,0.44583,0.47258,428.0,806.7,0.719,0.50259,0.48213,482.5,823.0,0.113,0.39264,0.53972,376.9,921.3,0.833,0.48941,0.55793,469.8,952.4,0.247,0.40304,0.55583,386.9,948.8,0.789,0.49323,0.57299,473.5,978.1,0.462,0.3383,0.55672,324.8,950.3,0.659,0.44379,0.5609,426.0,957.5,0.182
579,15.99,960,1707,0.61243,0.27589,587.9,470.9,0.999,0.61214,0.27094,587.7,462.5,0.999,0.6094,0.27043,585.0,461.6,0.999,0.6067,0.26986,582.4,460.6,0.999,0.62097,0.27195,596.1,464.2,0.999,0.6246,0.27231,599.6,464.8,0.999,0.62814,0.27266,603.0,465.4,0.999,0.60341,0.273,579.3,466.0,0.999,0.63287,0.27667,607.6,472.3,0.998,0.60775,0.28106,583.4,479.8,0.999,0.61449,0.28232,589.9,481.9,0.998,0.60079,0.30615,576.8,522.6,1.0,0.63978,0.3132,614.2,534.6,1.0,0.54436,0.34875,522.6,595.3,0.949,0.59699,0.36217,573.1,618.2,0.029,0.49303,0.33496,473.3,571.8,0.808,0.53605,0.36159,514.6,617.2,0.02,0.47218,0.33555,453.3,572.8,0.771,0.52503,0.36137,504.0,616.9,0.034,0.4807,0.32832,461.5,560.4,0.764,0.51606,0.35671,495.4,608.9,0.032,0.48848,0.32861,468.9,560.9,0.618,0.52034,0.35405,499.5,604.4,0.03,0.53101,0.40701,509.8,694.8,1.0,0.57277,0.41664,549.9,711.2,1.0,0.44586,0.47258,428.0,806.7,0.725,0.5026,0.48213,482.5,823.0,0.11,0.39279,0.54007,377.1,921.9,0.837,0.4894,0.55793,469.8,952.4,0.244,0.40318,0.55626,387.0,949.5,0.793,0.49322,0.57285,473.5,977.8,0.461,0.33831,0.55726,324.8,951.2,0.665,0.44466,0.56138,426.9,958.3,0.181
580,16.018,960,1707,0.61127,0.2759,586.8,471.0,0.999,0.61109,0.27095,586.6,462.5,0.999,0.6084,0.27043,584.1,461.6,0.999,0.60574,0.26986,581.5,460.7,0.999,0.61987,0.27196,595.1,464.2,0.999,0.62351,0.27231,598.6,464.8,0.999,0.62699,0.27265,601.9,465.4,0.999,0.60282,0.27301,578.7,466.0,0.999,0.63195,0.27664,606.7,472.2,0.998,0.60675,0.28108,582.5,479.8,0.999,0.61359,0.28231,589.0,481.9,0.998,0.60017,0.30616,576.2,522.6,1.0,0.63987,0.31324,614.3,534.7,1.0,0.54472,0.34883,522.9,595.5,0.949,0.59181,0.36215,568.1,618.2,0.027,0.49304,0.33493,473.3,571.7,0.812,0.53542,0.36149,514.0,617.1,0.02,0.47195,0.33557,453.1,572.8,0.776,0.5192,0.36015,498.4,614.8,0.035,0.48065,0.32816,461.4,560.2,0.77,0.51563,0.35627,495.0,608.2,0.033,0.48848,0.32841,468.9,560.6,0.625,0.52034,0.35395,499.5,604.2,0.031,0.53095,0.40696,509.7,694.7,1.0,0.57249,0.41654,549.6,711.0,1.0,0.44588,0.47258,428.0,806.7,0.728,0.50272,0.48213,482.6,823.0,0.107,0.39291,0.54026,377.2,922.2,0.841,0.48938,0.55791,469.8,952.4,0.24,0.40339,0.55646,387.3,949.9,0.795,0.49321,0.5727,473.5,977.6,0.456,0.33829,0.55749,324.8,951.6,0.672,0.44501,0.56159,427.2,958.6,0.18
581,16.046,960,1707,0.61116,0.27591,586.7,471.0,0.999,0.611,0.27099,586.6,462.6,0.999,0.60823,0.27047,583.9,461.7,0.999,0.60545,0.26991,581.2,460.7,0.999,0.61994,0.27197,595.1,464.3,0.999,0.62358,0.27232,598.6,464.8,0.999,0.62711,0.27266,602.0,465.4,0.999,0.60253,0.27302,578.4,466.0,0.999,0.63209,0.27665,606.8,472.2,0.998,0.60641,0.28109,582.1,479.8,0.999,0.61344,0.28231,588.9,481.9,0.998,0.59988,0.3061,575.9,522.5,1.0,0.63999,0.31304,614.4,534.4,1.0,0.54493,0.34872,523.1,595.3,0.948,0.58955,0.36201,566.0,618.0,0.024,0.49304,0.33486,473.3,571.6,0.818,0.53511,0.36192,513.7,617.8,0.021,0.47176,0.33558,452.9,572.8,0.783,0.52021,0.36112,499.4,616.4,0.036,0.48044,0.32782,461.2,559.6,0.777,0.51465,0.35692,494.1,609.3,0.034,0.48841,0.32807,468.9,560.0,0.634,0.52041,0.35388,499.6,604.1,0.032,0.53084,0.40699,509.6,694.7,1.0,0.57253,0.41653,549.6,711.0,1.0,0.44587,0.47261,428.0,806.7,0.729,0.50344,0.48234,483.3,823.3,0.104,0.39268,0.54027,377.0,922.2,0.843,0.48942,0.55791,469.8,952.3,0.235,0.40335,0.55644,387.2,949.8,0.797,0.49321,0.57265,473.5,977.5,0.452,0.33561,0.55747,322.2,951.6,0.675,0.44619,0.56157,428.3,958.6,0.178
582,16.073,960,1707,0.61127,0.27591,586.8,471.0,0.999,0.6111,0.271,586.7,462.6,0.999,0.60827,0.27049,583.9,461.7,0.999,0.6054,0.26992,581.2,460.8,0.999,0.62007,0.27195,595.3,464.2,0.999,0.62371,0.27229,598.8,464.8,0.999,0.62727,0.27263,602.2,465.4,0.999,0.60249,0.27301,578.4,466.0,0.999,0.63215,0.27661,606.9,472.2,0.998,0.60638,0.28109,582.1,479.8,0.999,0.61337,0.28226,588.8,481.8,0.998,0.59984,0.30599,575.8,522.3,1.0,0.63996,0.31286,614.4,534.1,1.0,0.54612,0.34824,524.3,594.4,0.953,0.59036,0.36192,566.7,617.8,0.028,0.49314,0.33487,473.4,571.6,0.832,0.53546,0.36327,514.0,620.1,0.02,0.47177,0.33565,452.9,572.9,0.799,0.52096,0.36322,500.1,620.0,0.035,0.48042,0.32777,461.2,559.5,0.793,0.5149,0.35855,494.3,612.0,0.033,0.4884,0.32805,468.9,560.0,0.657,0.52039,0.35713,499.6,609.6,0.031,0.53071,0.407,509.5,694.8,1.0,0.57261,0.41634,549.7,710.7,1.0,0.4458,0.47261,428.0,806.7,0.746,0.50433,0.48237,484.2,823.4,0.107,0.39274,0.54054,377.0,922.7,0.854,0.48938,0.55784,469.8,952.2,0.246,0.40345,0.5566,387.3,950.1,0.812,0.4931,0.57257,473.4,977.4,0.47,0.33472,0.55745,321.3,951.6,0.698,0.44764,0.56154,429.7,958.5,0.188
583,16.101,960,1707,0.61147,0.27595,587.0,471.0,0.999,0.61129,0.27109,586.8,462.7,0.999,0.60845,0.2706,584.1,461.9,0.999,0.60554,0.27005,581.3,461.0,0.999,0.62026,0.27197,595.5,464.3,0.999,0.62391,0.2723,599.0,464.8,0.999,0.62748,0.27263,602.4,465.4,0.999,0.60266,0.27312,578.6,466.2,0.999,0.63234,0.27662,607.1,472.2,0.998,0.60653,0.28112,582.3,479.9,0.999,0.61354,0.28227,589.0,481.8,0.998,0.59959,0.30593,575.6,522.2,1.0,0.64013,0.31292,614.5,534.2,1.0,0.54643,0.348,524.6,594.0,0.957,0.59595,0.36188,572.1,617.7,0.034,0.49319,0.3349,473.5,571.7,0.846,0.54151,0.36314,519.8,619.9,0.019,0.47177,0.33572,452.9,573.1,0.814,0.52561,0.36299,504.6,619.6,0.033,0.48035,0.32778,461.1,559.5,0.809,0.52219,0.35798,501.3,611.1,0.031,0.48833,0.32812,468.8,560.1,0.681,0.52646,0.35673,505.4,608.9,0.029,0.53035,0.40694,509.1,694.6,1.0,0.57257,0.4162,549.7,710.4,1.0,0.44563,0.47261,427.8,806.7,0.764,0.50441,0.48234,484.2,823.4,0.117,0.39279,0.5407,377.1,923.0,0.866,0.48931,0.55779,469.7,952.1,0.266,0.40355,0.55664,387.4,950.2,0.827,0.49301,0.57251,473.3,977.3,0.496,0.33425,0.55744,320.9,951.5,0.72,0.44757,0.56141,429.7,958.3,0.205
584,16.129,960,1707,0.61156,0.27601,587.1,471.2,0.999,0.6114,0.27115,586.9,462.9,0.999,0.60855,0.27069,584.2,462.1,0.999,0.60561,0.27015,581.4,461.1,0.999,0.62038,0.27199,595.6,464.3,0.999,0.62404,0.2723,599.1,464.8,0.999,0.62764,0.27264,602.5,465.4,0.999,0.6028,0.27323,578.7,466.4,1.0,0.63252,0.27662,607.2,472.2,0.998,0.60659,0.28118,582.3,480.0,0.999,0.61362,0.28229,589.1,481.9,0.998,0.59945,0.30586,575.5,522.1,1.0,0.64023,0.31305,614.6,534.4,1.0,0.54707,0.34764,525.2,593.4,0.961,0.59795,0.36197,574.0,617.9,0.039,0.49319,0.3349,473.5,571.7,0.858,0.54317,0.36304,521.4,619.7,0.019,0.47173,0.33572,452.9,573.1,0.828,0.5271,0.36287,506.0,619.4,0.031,0.48027,0.3278,461.1,559.6,0.823,0.52495,0.35792,504.0,611.0,0.03,0.48829,0.32814,468.8,560.1,0.702,0.5285,0.35647,507.4,608.5,0.028,0.52984,0.40696,508.6,694.7,1.0,0.57227,0.41619,549.4,710.4,1.0,0.4455,0.47271,427.7,806.9,0.78,0.5046,0.48231,484.4,823.3,0.126,0.39273,0.54075,377.0,923.1,0.876,0.48928,0.55761,469.7,951.8,0.283,0.40345,0.55671,387.3,950.3,0.841,0.49298,0.57219,473.3,976.7,0.519,0.33395,0.55737,320.6,951.4,0.74,0.44738,0.56125,429.5,958.0,0.221
585,16.156,960,1707,0.61154,0.27607,587.1,471.2,0.999,0.61143,0.2712,587.0,462.9,0.999,0.60856,0.27075,584.2,462.2,0.999,0.6056,0.27024,581.4,461.3,0.999,0.6204,0.27199,595.6,464.3,0.999,0.62405,0.27231,599.1,464.8,0.999,0.62766,0.27264,602.6,465.4,0.999,0.6029,0.27331,578.8,466.5,1.0,0.63257,0.27663,607.3,472.2,0.998,0.60655,0.28127,582.3,480.1,0.999,0.6136,0.28234,589.1,482.0,0.998,0.59921,0.30586,575.2,522.1,1.0,0.64026,0.31308,614.7,534.4,1.0,0.54741,0.34764,525.5,593.4,0.961,0.59781,0.36197,573.9,617.9,0.035,0.49321,0.33491,473.5,571.7,0.865,0.54333,0.36295,521.6,619.5,0.019,0.47171,0.33574,452.8,573.1,0.836,0.5307,0.36272,509.5,619.2,0.032,0.48025,0.32799,461.0,559.9,0.832,0.52552,0.35786,504.5,610.9,0.03,0.4883,0.32828,468.8,560.4,0.713,0.52909,0.35629,507.9,608.2,0.028,0.52971,0.40696,508.5,694.7,1.0,0.57211,0.4162,549.2,710.5,1.0,0.44527,0.47286,427.5,807.2,0.783,0.50519,0.48242,485.0,823.5,0.123,0.39277,0.54078,377.1,923.1,0.876,0.48859,0.55751,469.1,951.7,0.279,0.40339,0.55672,387.3,950.3,0.841,0.49178,0.57199,472.1,976.4,0.515,0.3347,0.55735,321.3,951.4,0.739,0.44669,0.56113,428.8,957.9,0.218
586,16.184,960,1707,0.61153,0.27607,587.1,471.3,0.999,0.61143,0.27121,587.0,463.0,0.999,0.60855,0.27076,584.2,462.2,0.999,0.60555,0.27025,581.3,461.3,0.999,0.6204,0.27199,595.6,464.3,0.999,0.62403,0.2723,599.1,464.8,0.999,0.62764,0.27263,602.5,465.4,0.999,0.60293,0.27333,578.8,466.6,0.999,0.63254,0.2766,607.2,472.2,0.998,0.60651,0.28128,582.2,480.2,0.999,0.61352,0.28234,589.0,482.0,0.998,0.59887,0.30588,574.9,522.1,1.0,0.64038,0.31313,614.8,534.5,1.0,0.54767,0.34765,525.8,593.4,0.961,0.5975,0.36143,573.6,617.0,0.032,0.49323,0.33492,473.5,571.7,0.866,0.54362,0.36258,521.9,618.9,0.018,0.47171,0.3358,452.8,573.2,0.837,0.53231,0.36221,511.0,618.3,0.031,0.48025,0.32808,461.0,560.0,0.833,0.52621,0.35723,505.2,609.8,0.029,0.48831,0.32832,468.8,560.4,0.712,0.52951,0.35611,508.3,607.9,0.027,0.52973,0.40692,508.5,694.6,1.0,0.57191,0.41604,549.0,710.2,1.0,0.44527,0.47296,427.5,807.3,0.774,0.50536,0.48242,485.1,823.5,0.118,0.39281,0.54078,377.1,923.1,0.872,0.48807,0.5575,468.6,951.7,0.269,0.40332,0.55675,387.2,950.4,0.837,0.49094,0.57193,471.3,976.3,0.504,0.33582,0.55705,322.4,950.9,0.73,0.44564,0.56096,427.8,957.6,0.21
587,16.211,960,1707,0.61131,0.27611,586.9,471.3,0.999,0.6113,0.27125,586.8,463.0,0.999,0.60842,0.27083,584.1,462.3,0.999,0.60544,0.27034,581.2,461.5,0.999,0.62018,0.272,595.4,464.3,0.999,0.62374,0.2723,598.8,464.8,0.999,0.6273,0.27263,602.2,465.4,0.999,0.60295,0.27341,578.8,466.7,0.999,0.63223,0.27661,606.9,472.2,0.998,0.60633,0.28135,582.1,480.3,0.999,0.61322,0.28236,588.7,482.0,0.998,0.59863,0.30588,574.7,522.1,1.0,0.64044,0.31313,614.8,534.5,1.0,0.5477,0.34767,525.8,593.5,0.963,0.59608,0.36086,572.2,616.0,0.031,0.49324,0.33492,473.5,571.7,0.869,0.54366,0.36114,521.9,616.5,0.017,0.47171,0.3358,452.8,573.2,0.84,0.53214,0.36041,510.9,615.2,0.029,0.48024,0.32809,461.0,560.0,0.836,0.52694,0.35272,505.9,602.1,0.028,0.48832,0.32833,468.8,560.5,0.714,0.52979,0.35257,508.6,601.8,0.026,0.52978,0.40682,508.6,694.4,1.0,0.57178,0.41575,548.9,709.7,1.0,0.4456,0.47296,427.8,807.3,0.776,0.50536,0.48246,485.1,823.6,0.115,0.39289,0.54077,377.2,923.1,0.875,0.48796,0.55751,468.4,951.7,0.267,0.40331,0.55662,387.2,950.2,0.842,0.49092,0.57192,471.3,976.3,0.505,0.33664,0.55703,323.2,950.9,0.736,0.44593,0.56088,428.1,957.4,0.207
588,16.239,960,1707,0.61056,0.27616,586.1,471.4,0.999,0.6106,0.2713,586.2,463.1,0.999,0.60779,0.27089,583.5,462.4,0.999,0.6049,0.27044,580.7,461.6,0.999,0.6194,0.27202,594.6,464.3,0.999,0.62291,0.27232,598.0,464.8,0.999,0.62642,0.27265,601.4,465.4,0.999,0.6027,0.27353,578.6,466.9,1.0,0.63149,0.27662,606.2,472.2,0.998,0.60585,0.28145,581.6,480.4,0.999,0.61257,0.2824,588.1,482.0,0.998,0.59823,0.30589,574.3,522.2,1.0,0.64051,0.31316,614.9,534.6,1.0,0.54774,0.34776,525.8,593.6,0.963,0.59514,0.36045,571.3,615.3,0.028,0.49324,0.33497,473.5,571.8,0.872,0.54361,0.35962,521.9,613.9,0.017,0.4717,0.33582,452.8,573.2,0.843,0.53256,0.35861,511.3,612.1,0.029,0.48027,0.32811,461.1,560.1,0.838,0.52684,0.35056,505.8,598.4,0.028,0.48837,0.32835,468.8,560.5,0.717,0.52965,0.35064,508.5,598.5,0.026,0.52982,0.4067,508.6,694.2,1.0,0.57168,0.41539,548.8,709.1,1.0,0.44587,0.47302,428.0,807.4,0.767,0.50538,0.48249,485.2,823.6,0.109,0.39289,0.54073,377.2,923.0,0.869,0.48802,0.55759,468.5,951.8,0.255,0.40332,0.55633,387.2,949.7,0.835,0.49098,0.57234,471.3,977.0,0.49,0.33707,0.55676,323.6,950.4,0.726,0.44601,0.56025,428.2,956.3,0.199
589,16.267,960,1707,0.61002,0.27625,585.6,471.6,0.999,0.61023,0.27138,585.8,463.2,0.999,0.60746,0.27099,583.2,462.6,0.999,0.60462,0.27055,580.4,461.8,0.999,0.61901,0.27208,594.3,464.4,0.999,0.62251,0.27238,597.6,464.9,0.999,0.62602,0.27271,601.0,465.5,0.999,0.60259,0.27364,578.5,467.1,0.999,0.63123,0.2767,606.0,472.3,0.998,0.60549,0.28154,581.3,480.6,0.999,0.6121,0.28245,587.6,482.1,0.998,0.59801,0.30584,574.1,522.1,1.0,0.64078,0.31335,615.1,534.9,1.0,0.54787,0.34774,526.0,593.6,0.963,0.59547,0.3607,571.7,615.7,0.026,0.49323,0.33497,473.5,571.8,0.877,0.5438,0.36032,522.0,615.1,0.017,0.47147,0.33582,452.6,573.2,0.849,0.53361,0.35957,512.3,613.8,0.03,0.48014,0.32811,460.9,560.1,0.844,0.52737,0.35129,506.3,599.7,0.028,0.48833,0.32835,468.8,560.5,0.725,0.53008,0.35141,508.9,599.9,0.026,0.52984,0.40649,508.6,693.9,1.0,0.57169,0.4151,548.8,708.6,1.0,0.44597,0.47302,428.1,807.4,0.766,0.50529,0.48249,485.1,823.6,0.106,0.39289,0.54062,377.2,922.8,0.866,0.48812,0.5576,468.6,951.8,0.248,0.40324,0.55608,387.1,949.2,0.834,0.49117,0.57238,471.5,977.1,0.485,0.33712,0.55628,323.6,949.6,0.72,0.44695,0.5602,429.1,956.3,0.194
590,16.294,960,1707,0.60984,0.27627,585.4,471.6,0.999,0.61003,0.27139,585.6,463.3,0.999,0.60724,0.27101,583.0,462.6,0.999,0.60439,0.27058,580.2,461.9,0.999,0.61883,0.27209,594.1,464.5,0.999,0.62234,0.2724,597.4,465.0,0.999,0.62586,0.27274,600.8,465.6,0.999,0.6023,0.27368,578.2,467.2,0.999,0.63107,0.27674,605.8,472.4,0.998,0.60525,0.28155,581.0,480.6,0.999,0.61187,0.28245,587.4,482.1,0.998,0.59786,0.30574,573.9,521.9,1.0,0.64082,0.3134,615.2,535.0,1.0,0.54817,0.34764,526.2,593.4,0.966,0.59788,0.36129,574.0,616.7,0.027,0.49325,0.33498,473.5,571.8,0.885,0.54484,0.3622,523.0,618.3,0.017,0.47145,0.33587,452.6,573.3,0.857,0.53362,0.36226,512.3,618.4,0.029,0.48008,0.32814,460.9,560.1,0.853,0.52804,0.35258,506.9,601.9,0.027,0.4883,0.32838,468.8,560.5,0.738,0.53196,0.35354,510.7,603.5,0.025,0.52983,0.40634,508.6,693.6,1.0,0.57171,0.41501,548.8,708.4,1.0,0.44598,0.47298,428.1,807.4,0.776,0.50522,0.48266,485.0,823.9,0.11,0.3924,0.54043,376.7,922.5,0.872,0.48809,0.55781,468.6,952.2,0.258,0.40245,0.55576,386.3,948.7,0.844,0.49115,0.57268,471.5,977.6,0.503,0.33699,0.55605,323.5,949.2,0.729,0.44691,0.56039,429.0,956.6,0.2
591,16.322,960,1707,0.60926,0.27626,584.9,471.6,0.999,0.60946,0.27138,585.1,463.3,0.999,0.60674,0.27101,582.5,462.6,0.999,0.60395,0.27058,579.8,461.9,0.999,0.61812,0.27208,593.4,464.4,0.999,0.6216,0.27239,596.7,465.0,0.999,0.62507,0.27272,600.1,465.5,0.999,0.60182,0.27368,577.7,467.2,0.999,0.63039,0.27673,605.2,472.4,0.998,0.60479,0.28153,580.6,480.6,0.999,0.61122,0.28244,586.8,482.1,0.998,0.59765,0.30566,573.7,521.8,1.0,0.64095,0.31341,615.3,535.0,1.0,0.54822,0.34748,526.3,593.1,0.969,0.60108,0.36146,577.0,617.0,0.03,0.49327,0.33498,473.5,571.8,0.891,0.54689,0.36188,525.0,617.7,0.016,0.47144,0.33586,452.6,573.3,0.864,0.53457,0.36174,513.2,617.5,0.027,0.48005,0.32814,460.8,560.1,0.86,0.53039,0.35223,509.2,601.3,0.026,0.48829,0.32841,468.8,560.6,0.748,0.53474,0.35341,513.3,603.3,0.024,0.52983,0.40603,508.6,693.1,1.0,0.57182,0.4149,548.9,708.2,1.0,0.44599,0.47295,428.2,807.3,0.787,0.50526,0.48298,485.0,824.4,0.119,0.39205,0.54018,376.4,922.1,0.879,0.488,0.55786,468.5,952.3,0.273,0.40189,0.55552,385.8,948.3,0.853,0.49097,0.5727,471.3,977.6,0.524,0.33691,0.55583,323.4,948.8,0.741,0.44716,0.56066,429.3,957.1,0.211
592,16.35,960,1707,0.60851,0.27626,584.2,471.6,0.999,0.60882,0.27137,584.5,463.2,0.999,0.60619,0.27101,581.9,462.6,0.999,0.60351,0.27059,579.4,461.9,0.999,0.61739,0.27203,592.7,464.4,0.999,0.62085,0.27234,596.0,464.9,0.999,0.62424,0.27268,599.3,465.5,0.999,0.60159,0.27368,577.5,467.2,0.999,0.62975,0.2767,604.6,472.3,0.998,0.60435,0.28154,580.2,480.6,0.999,0.61057,0.28243,586.1,482.1,0.998,0.59751,0.30555,573.6,521.6,1.0,0.64132,0.31353,615.7,535.2,1.0,0.54823,0.34728,526.3,592.8,0.972,0.6038,0.36182,579.6,617.6,0.034,0.49323,0.33497,473.5,571.8,0.898,0.54935,0.36168,527.4,617.4,0.015,0.47135,0.33583,452.5,573.3,0.871,0.53628,0.36135,514.8,616.8,0.026,0.47991,0.3282,460.7,560.2,0.867,0.53466,0.35228,513.3,601.3,0.024,0.48815,0.32851,468.6,560.8,0.759,0.53729,0.35341,515.8,603.3,0.023,0.52978,0.40561,508.6,692.4,1.0,0.57188,0.41476,549.0,708.0,1.0,0.44633,0.47291,428.5,807.2,0.798,0.5053,0.48331,485.1,825.0,0.127,0.39176,0.54011,376.1,922.0,0.886,0.48787,0.55798,468.4,952.5,0.287,0.40034,0.55549,384.3,948.2,0.863,0.4908,0.57301,471.2,978.1,0.544,0.33692,0.55489,323.4,947.2,0.752,0.44715,0.56078,429.3,957.3,0.22
593,16.377,960,1707,0.60811,0.27617,583.8,471.4,0.999,0.60844,0.27129,584.1,463.1,0.999,0.60586,0.27097,581.6,462.5,0.999,0.60325,0.27057,579.1,461.9,0.999,0.61696,0.2719,592.3,464.1,0.999,0.6204,0.27221,595.6,464.7,0.999,0.62376,0.27255,598.8,465.2,0.999,0.60142,0.27366,577.4,467.1,0.999,0.62932,0.2766,604.1,472.2,0.998,0.60407,0.2815,579.9,480.5,0.999,0.61024,0.28236,585.8,482.0,0.998,0.59752,0.30536,573.6,521.2,1.0,0.64169,0.31359,616.0,535.3,1.0,0.54824,0.34727,526.3,592.8,0.974,0.60435,0.36233,580.2,618.5,0.037,0.49318,0.33494,473.5,571.7,0.902,0.54908,0.36192,527.1,617.8,0.015,0.47138,0.3357,452.5,573.0,0.875,0.53613,0.36148,514.7,617.1,0.024,0.47994,0.3283,460.7,560.4,0.872,0.53411,0.3534,512.7,603.3,0.023,0.48815,0.3287,468.6,561.1,0.766,0.5367,0.35454,515.2,605.2,0.022,0.52979,0.40511,508.6,691.5,1.0,0.57207,0.41451,549.2,707.6,1.0,0.44662,0.47268,428.8,806.9,0.806,0.50539,0.48323,485.2,824.9,0.13,0.39147,0.54016,375.8,922.0,0.891,0.4879,0.558,468.4,952.5,0.294,0.39937,0.55549,383.4,948.2,0.871,0.49113,0.57299,471.5,978.1,0.559,0.33671,0.55491,323.2,947.2,0.76,0.44731,0.56104,429.4,957.7,0.224
594,16.405,960,1707,0.60809,0.27618,583.8,471.4,0.999,0.60841,0.2713,584.1,463.1,0.999,0.60582,0.27097,581.6,462.5,0.999,0.60319,0.27057,579.1,461.9,0.999,0.61699,0.27189,592.3,464.1,0.999,0.62044,0.2722,595.6,464.6,0.999,0.62381,0.27254,598.9,465.2,0.999,0.60134,0.2737,577.3,467.2,0.999,0.62932,0.27661,604.1,472.2,0.998,0.60404,0.28151,579.9,480.5,0.999,0.61023,0.28237,585.8,482.0,0.998,0.59753,0.30536,573.6,521.2,1.0,0.64178,0.3136,616.1,535.3,1.0,0.54837,0.34726,526.4,592.8,0.976,0.60423,0.36248,580.1,618.8,0.039,0.49302,0.3349,473.3,571.7,0.907,0.54846,0.36218,526.5,618.2,0.014,0.47076,0.33563,451.9,572.9,0.881,0.53434,0.36184,513.0,617.7,0.023,0.47929,0.32828,460.1,560.4,0.877,0.52965,0.355,508.5,606.0,0.022,0.48775,0.32865,468.2,561.0,0.774,0.53467,0.35453,513.3,605.2,0.021,0.52977,0.40507,508.6,691.5,1.0,0.57208,0.41451,549.2,707.6,1.0,0.44687,0.47257,429.0,806.7,0.816,0.50538,0.48321,485.2,824.8,0.136,0.39134,0.54022,375.7,922.2,0.897,0.48791,0.558,468.4,952.5,0.305,0.39891,0.55552,383.0,948.3,0.879,0.49127,0.5729,471.6,977.9,0.574,0.33405,0.55493,320.7,947.3,0.771,0.44741,0.56114,429.5,957.9,0.232
595,16.432,960,1707,0.60844,0.27619,584.1,471.4,0.999,0.60869,0.2713,584.3,463.1,0.999,0.60598,0.27097,581.7,462.5,0.999,0.60327,0.27056,579.1,461.8,0.999,0.61744,0.27189,592.7,464.1,0.999,0.62093,0.2722,596.1,464.7,0.999,0.62442,0.27254,599.4,465.2,0.999,0.60135,0.27369,577.3,467.2,0.999,0.62971,0.27661,604.5,472.2,0.998,0.60411,0.28152,579.9,480.5,0.999,0.61049,0.28237,586.1,482.0,0.998,0.59756,0.30611,573.7,522.5,1.0,0.64179,0.31361,616.1,535.3,1.0,0.54821,0.34728,526.3,592.8,0.977,0.60394,0.36231,579.8,618.5,0.037,0.49269,0.33489,473.0,571.7,0.91,0.5448,0.36018,523.0,614.8,0.014,0.47024,0.33563,451.4,572.9,0.883,0.53215,0.35953,510.9,613.7,0.023,0.47884,0.32825,459.7,560.3,0.88,0.52435,0.35409,503.4,604.4,0.022,0.4873,0.32859,467.8,560.9,0.777,0.53119,0.35369,509.9,603.8,0.021,0.5296,0.40522,508.4,691.7,1.0,0.57208,0.41465,549.2,707.8,1.0,0.44692,0.4725,429.0,806.6,0.82,0.50513,0.4832,484.9,824.8,0.137,0.3912,0.54037,375.6,922.4,0.9,0.48796,0.558,468.4,952.5,0.309,0.39852,0.55554,382.6,948.3,0.881,0.49151,0.57278,471.8,977.7,0.577,0.33409,0.55502,320.7,947.4,0.776,0.44741,0.5613,429.5,958.1,0.236
596,16.46,960,1707,0.60978,0.27619,585.4,471.5,0.999,0.60971,0.2713,585.3,463.1,0.999,0.60684,0.27097,582.6,462.5,0.999,0.60395,0.27056,579.8,461.8,0.999,0.61889,0.27189,594.1,464.1,0.999,0.62251,0.2722,597.6,464.6,0.999,0.62617,0.27253,601.1,465.2,0.999,0.60161,0.27369,577.5,467.2,0.999,0.63114,0.27661,605.9,472.2,0.998,0.60479,0.28152,580.6,480.5,0.999,0.61179,0.28238,587.3,482.0,0.998,0.5979,0.30635,574.0,522.9,1.0,0.64185,0.31369,616.2,535.5,1.0,0.5479,0.34736,526.0,592.9,0.977,0.6027,0.36199,578.6,617.9,0.034,0.49275,0.33492,473.0,571.7,0.911,0.54205,0.35618,520.4,608.0,0.014,0.47037,0.33565,451.6,572.9,0.884,0.53131,0.35437,510.1,604.9,0.023,0.47916,0.32827,460.0,560.4,0.88,0.52148,0.34904,500.6,595.8,0.022,0.48751,0.32863,468.0,561.0,0.778,0.52728,0.34871,506.2,595.3,0.021,0.52935,0.40547,508.2,692.1,1.0,0.57205,0.41508,549.2,708.5,1.0,0.44689,0.47242,429.0,806.4,0.821,0.50491,0.48321,484.7,824.8,0.135,0.39122,0.54056,375.6,922.7,0.9,0.48798,0.55804,468.5,952.6,0.308,0.39854,0.55559,382.6,948.4,0.879,0.49172,0.57277,472.0,977.7,0.573,0.33419,0.55513,320.8,947.6,0.774,0.4474,0.56132,429.5,958.2,0.235
597,16.488,960,1707,0.60994,0.27619,585.5,471.5,0.999,0.60986,0.2713,585.5,463.1,0.999,0.60695,0.27096,582.7,462.5,0.999,0.60402,0.27055,579.9,461.8,0.999,0.61905,0.27189,594.3,464.1,0.999,0.62269,0.2722,597.8,464.6,0.999,0.62639,0.27253,601.3,465.2,0.999,0.60162,0.27369,577.6,467.2,1.0,0.63131,0.27663,606.1,472.2,0.998,0.60484,0.2815,580.6,480.5,0.999,0.6119,0.28238,587.4,482.0,0.998,0.59769,0.3064,573.8,523.0,1.0,0.64187,0.3137,616.2,535.5,1.0,0.54768,0.34765,525.8,593.4,0.976,0.60013,0.3616,576.1,617.2,0.031,0.49278,0.33501,473.1,571.9,0.914,0.53967,0.35581,518.1,607.4,0.014,0.47037,0.33571,451.6,573.0,0.888,0.53023,0.35399,509.0,604.3,0.024,0.4792,0.32828,460.0,560.4,0.884,0.51931,0.34856,498.5,595.0,0.023,0.48753,0.32863,468.0,561.0,0.784,0.5242,0.34737,503.2,593.0,0.022,0.52928,0.4055,508.1,692.2,1.0,0.57191,0.41525,549.0,708.8,1.0,0.44686,0.47232,429.0,806.2,0.823,0.50458,0.48315,484.4,824.7,0.135,0.39135,0.5406,375.7,922.8,0.9,0.48805,0.55808,468.5,952.6,0.307,0.39903,0.55555,383.1,948.3,0.876,0.49227,0.5727,472.6,977.6,0.572,0.33472,0.5559,321.3,948.9,0.773,0.44754,0.56133,429.6,958.2,0.235
598,16.515,960,1707,0.60985,0.27625,585.5,471.6,0.999,0.60984,0.27132,585.4,463.1,0.999,0.60694,0.27098,582.7,462.6,0.999,0.60402,0.27056,579.9,461.9,0.999,0.61898,0.27191,594.2,464.1,0.999,0.62263,0.27221,597.7,464.7,0.999,0.62634,0.27254,601.3,465.2,0.999,0.60162,0.27369,577.6,467.2,1.0,0.6313,0.27672,606.1,472.4,0.998,0.60479,0.28159,580.6,480.7,0.999,0.61187,0.28248,587.4,482.2,0.998,0.59761,0.30645,573.7,523.1,1.0,0.64188,0.31389,616.2,535.8,1.0,0.54695,0.34776,525.1,593.6,0.976,0.59863,0.36095,574.7,616.1,0.028,0.49283,0.33507,473.1,572.0,0.915,0.53881,0.35426,517.3,604.7,0.014,0.47065,0.3358,451.8,573.2,0.889,0.53,0.35229,508.8,601.4,0.025,0.47941,0.32832,460.2,560.4,0.886,0.51882,0.34687,498.1,592.1,0.023,0.4876,0.32865,468.1,561.0,0.785,0.52315,0.34556,502.2,589.9,0.022,0.5292,0.40556,508.0,692.3,1.0,0.57165,0.41545,548.8,709.2,1.0,0.44687,0.47223,429.0,806.1,0.82,0.50437,0.48311,484.2,824.7,0.133,0.39142,0.54057,375.8,922.8,0.896,0.48799,0.55811,468.5,952.7,0.302,0.39905,0.55549,383.1,948.2,0.872,0.49229,0.57268,472.6,977.6,0.566,0.33493,0.55577,321.5,948.7,0.765,0.44763,0.56131,429.7,958.2,0.231
599,16.543,960,1707,0.60985,0.27625,585.5,471.6,0.999,0.60992,0.27132,585.5,463.1,0.999,0.60704,0.27097,582.8,462.6,0.999,0.60412,0.27055,580.0,461.8,0.999,0.61905,0.27191,594.3,464.1,0.999,0.62274,0.27221,597.8,464.7,0.999,0.6265,0.27254,601.4,465.2,0.999,0.6017,0.27367,577.6,467.2,1.0,0.63145,0.27677,606.2,472.5,0.998,0.60479,0.28159,580.6,480.7,0.999,0.61187,0.28249,587.4,482.2,0.998,0.59763,0.30643,573.7,523.1,1.0,0.64185,0.31393,616.2,535.9,1.0,0.54678,0.34776,524.9,593.6,0.975,0.59782,0.36091,573.9,616.1,0.025,0.49284,0.33506,473.1,572.0,0.916,0.5387,0.35458,517.2,605.3,0.014,0.4708,0.33586,452.0,573.3,0.89,0.53001,0.35276,508.8,602.2,0.024,0.47942,0.32843,460.2,560.6,0.886,0.51902,0.3472,498.3,592.7,0.023,0.48757,0.32869,468.1,561.1,0.786,0.5209,0.34638,500.1,591.3,0.022,0.52919,0.40556,508.0,692.3,1.0,0.57154,0.41551,548.7,709.3,1.0,0.44687,0.47216,429.0,806.0,0.816,0.50435,0.48302,484.2,824.5,0.129,0.39128,0.5404,375.6,922.5,0.891,0.48784,0.55818,468.3,952.8,0.293,0.39873,0.55544,382.8,948.1,0.865,0.49208,0.57272,472.4,977.6,0.556,0.33496,0.55533,321.6,948.0,0.755,0.44757,0.56112,429.7,957.8,0.224
600,16.57,960,1707,0.60989,0.27634,585.5,471.7,0.999,0.61008,0.27138,585.7,463.2,0.999,0.60722,0.27101,582.9,462.6,0.999,0.60431,0.27057,580.1,461.9,0.999,0.61928,0.27197,594.5,464.3,0.999,0.62305,0.27225,598.1,464.7,0.999,0.62688,0.27257,601.8,465.3,0.999,0.60191,0.27369,577.8,467.2,1.0,0.63179,0.27689,606.5,472.6,0.998,0.60481,0.28161,580.6,480.7,0.999,0.61191,0.28254,587.4,482.3,0.998,0.5984,0.30643,574.5,523.1,1.0,0.64183,0.31404,616.2,536.1,1.0,0.5466,0.34753,524.7,593.2,0.974,0.59741,0.36089,573.5,616.0,0.023,0.49284,0.33505,473.1,571.9,0.915,0.53888,0.35489,517.3,605.8,0.014,0.47082,0.33587,452.0,573.3,0.889,0.53039,0.35322,509.2,602.9,0.024,0.47943,0.32844,460.3,560.6,0.885,0.51926,0.34756,498.5,593.3,0.023,0.48756,0.32868,468.1,561.1,0.783,0.52079,0.34686,500.0,592.1,0.021,0.5292,0.40557,508.0,692.3,1.0,0.57138,0.41553,548.5,709.3,1.0,0.44687,0.47203,429.0,805.8,0.813,0.50439,0.48298,484.2,824.4,0.126,0.39135,0.5401,375.7,922.0,0.886,0.48764,0.55825,468.1,952.9,0.287,0.39874,0.55518,382.8,947.7,0.86,0.49156,0.5728,471.9,977.8,0.548,0.33538,0.55518,322.0,947.7,0.746,0.44749,0.56102,429.6,957.7,0.219
601,16.598,960,1707,0.6099,0.27635,585.5,471.7,0.999,0.61015,0.27139,585.7,463.3,0.999,0.60732,0.27102,583.0,462.6,0.999,0.60442,0.27058,580.2,461.9,0.999,0.61933,0.27198,594.6,464.3,0.999,0.6231,0.27225,598.2,464.7,0.999,0.62693,0.27257,601.9,465.3,0.999,0.60207,0.27368,578.0,467.2,1.0,0.63182,0.27691,606.5,472.7,0.998,0.60482,0.28161,580.6,480.7,0.999,0.61191,0.28254,587.4,482.3,0.998,0.59849,0.30647,574.6,523.1,1.0,0.64183,0.31409,616.2,536.2,1.0,0.54585,0.34725,524.0,592.8,0.973,0.59756,0.36071,573.7,615.7,0.021,0.49282,0.33496,473.1,571.8,0.914,0.54045,0.35433,518.8,604.8,0.013,0.4708,0.33586,452.0,573.3,0.888,0.53318,0.35256,511.9,601.8,0.024,0.47943,0.32839,460.3,560.6,0.884,0.52271,0.34658,501.8,591.6,0.023,0.48755,0.32855,468.0,560.8,0.781,0.52462,0.3462,503.6,591.0,0.021,0.52917,0.40557,508.0,692.3,1.0,0.57131,0.41553,548.5,709.3,1.0,0.44687,0.47203,429.0,805.8,0.808,0.50436,0.48297,484.2,824.4,0.122,0.39136,0.54002,375.7,921.8,0.882,0.48729,0.55836,467.8,953.1,0.281,0.39876,0.55517,382.8,947.7,0.855,0.49118,0.5731,471.5,978.3,0.541,0.33544,0.55516,322.0,947.7,0.737,0.44714,0.56092,429.3,957.5,0.215
602,16.626,960,1707,0.61009,0.27642,585.7,471.9,0.999,0.61052,0.27143,586.1,463.3,0.999,0.60777,0.27107,583.5,462.7,0.999,0.60492,0.27063,580.7,462.0,0.999,0.61976,0.27198,595.0,464.3,0.999,0.62357,0.27226,598.6,464.7,0.999,0.62737,0.27257,602.3,465.3,0.999,0.60273,0.27372,578.6,467.2,1.0,0.63223,0.27701,606.9,472.9,0.998,0.60506,0.28167,580.9,480.8,0.999,0.61222,0.28265,587.7,482.5,0.998,0.5988,0.30649,574.9,523.2,1.0,0.64181,0.3142,616.1,536.3,1.0,0.54543,0.3468,523.6,592.0,0.972,0.59758,0.36056,573.7,615.5,0.019,0.49282,0.33488,473.1,571.6,0.913,0.54077,0.35408,519.1,604.4,0.014,0.4708,0.33585,452.0,573.3,0.887,0.53378,0.35232,512.4,601.4,0.024,0.47946,0.32838,460.3,560.5,0.883,0.52399,0.3462,503.0,591.0,0.023,0.48757,0.32851,468.1,560.8,0.779,0.52629,0.34596,505.2,590.6,0.022,0.52918,0.40551,508.0,692.2,1.0,0.57131,0.41548,548.5,709.2,1.0,0.44698,0.47203,429.1,805.8,0.807,0.50436,0.48295,484.2,824.4,0.12,0.39137,0.54002,375.7,921.8,0.879,0.48704,0.55845,467.6,953.3,0.277,0.39881,0.55521,382.9,947.7,0.853,0.49103,0.57332,471.4,978.7,0.537,0.33548,0.5551,322.1,947.6,0.732,0.445,0.56082,427.2,957.3,0.211
603,16.653,960,1707,0.61066,0.27656,586.2,472.1,0.999,0.61114,0.27155,586.7,463.5,0.999,0.60847,0.2712,584.1,462.9,0.999,0.60567,0.27077,581.4,462.2,0.999,0.62053,0.27207,595.7,464.4,0.999,0.6244,0.27232,599.4,464.8,0.999,0.62814,0.27261,603.0,465.3,0.999,0.60369,0.2739,579.5,467.5,1.0,0.63324,0.27714,607.9,473.1,0.998,0.60556,0.28176,581.3,481.0,0.999,0.61299,0.28282,588.5,482.8,0.998,0.59939,0.30656,575.4,523.3,1.0,0.64182,0.31444,616.1,536.8,1.0,0.54467,0.34672,522.9,591.9,0.971,0.59679,0.36023,572.9,614.9,0.018,0.49287,0.33489,473.2,571.6,0.911,0.54077,0.35288,519.1,602.4,0.014,0.47096,0.33586,452.1,573.3,0.885,0.53373,0.35095,512.4,599.1,0.025,0.4797,0.32836,460.5,560.5,0.881,0.525,0.34396,504.0,587.1,0.024,0.48772,0.32851,468.2,560.8,0.776,0.52688,0.34548,505.8,589.7,0.023,0.52918,0.40555,508.0,692.3,1.0,0.5713,0.41548,548.4,709.2,1.0,0.44712,0.47204,429.2,805.8,0.805,0.50431,0.48284,484.1,824.2,0.117,0.39135,0.54003,375.7,921.8,0.878,0.48688,0.55846,467.4,953.3,0.272,0.39894,0.55531,383.0,947.9,0.85,0.49101,0.57332,471.4,978.7,0.531,0.33546,0.55514,322.0,947.6,0.73,0.44445,0.56051,426.7,956.8,0.209
604,16.681,960,1707,0.61126,0.27656,586.8,472.1,0.999,0.61176,0.27156,587.3,463.6,0.999,0.60913,0.27121,584.8,463.0,0.999,0.60638,0.2708,582.1,462.3,0.999,0.62124,0.27208,596.4,464.4,0.999,0.6251,0.27232,600.1,464.9,0.999,0.62879,0.27261,603.6,465.3,0.999,0.60453,0.27397,580.3,467.7,1.0,0.63414,0.27722,608.8,473.2,0.998,0.60617,0.28175,581.9,480.9,0.999,0.61385,0.28286,589.3,482.8,0.998,0.60025,0.30662,576.2,523.4,1.0,0.64184,0.31472,616.2,537.2,1.0,0.54498,0.34672,523.2,591.9,0.971,0.59612,0.3602,572.3,614.9,0.016,0.49334,0.33502,473.6,571.9,0.908,0.54061,0.35199,519.0,600.8,0.014,0.47161,0.33599,452.7,573.5,0.882,0.53368,0.34993,512.3,597.3,0.026,0.48077,0.32848,461.5,560.7,0.878,0.52465,0.34392,503.7,587.1,0.024,0.48848,0.32863,468.9,561.0,0.771,0.52645,0.34401,505.4,587.2,0.023,0.52933,0.40561,508.2,692.4,1.0,0.57129,0.41547,548.4,709.2,1.0,0.44734,0.47204,429.4,805.8,0.802,0.50432,0.48272,484.1,824.0,0.114,0.39141,0.54026,375.8,922.2,0.876,0.48669,0.55848,467.2,953.3,0.267,0.39956,0.55616,383.6,949.4,0.846,0.49098,0.57333,471.3,978.7,0.523,0.33547,0.55516,322.1,947.7,0.726,0.44173,0.56009,424.1,956.1,0.205
605,16.709,960,1707,0.61233,0.27656,587.8,472.1,0.999,0.6127,0.27156,588.2,463.6,0.999,0.61007,0.27122,585.7,463.0,0.999,0.60739,0.2708,583.1,462.3,0.999,0.62241,0.27207,597.5,464.4,0.999,0.62627,0.27232,601.2,464.8,0.999,0.62985,0.2726,604.7,465.3,0.999,0.60578,0.27404,581.6,467.8,1.0,0.63517,0.27723,609.8,473.2,0.998,0.60717,0.28173,582.9,480.9,0.999,0.61528,0.28287,590.7,482.9,0.998,0.60138,0.30666,577.3,523.5,1.0,0.64196,0.31495,616.3,537.6,1.0,0.54538,0.3473,523.6,592.8,0.968,0.59548,0.36006,571.7,614.6,0.015,0.49387,0.33517,474.1,572.1,0.903,0.53727,0.34757,515.8,593.3,0.014,0.472,0.33627,453.1,574.0,0.877,0.5325,0.34849,511.2,594.9,0.026,0.48148,0.32859,462.2,560.9,0.873,0.52313,0.34318,502.2,585.8,0.025,0.48905,0.32877,469.5,561.2,0.763,0.52572,0.34146,504.7,582.9,0.023,0.52939,0.40588,508.2,692.8,1.0,0.57123,0.41556,548.4,709.4,1.0,0.44766,0.47204,429.8,805.8,0.794,0.50435,0.48271,484.2,824.0,0.109,0.39146,0.54032,375.8,922.3,0.873,0.48656,0.55848,467.1,953.3,0.258,0.39996,0.55647,384.0,949.9,0.84,0.49095,0.57331,471.3,978.6,0.509,0.33549,0.55525,322.1,947.8,0.722,0.44004,0.55978,422.4,955.5,0.198
606,16.736,960,1707,0.6127,0.27667,588.2,472.3,0.999,0.61298,0.27167,588.5,463.7,0.999,0.61034,0.27135,585.9,463.2,0.999,0.60766,0.27097,583.4,462.5,0.999,0.62282,0.27213,597.9,464.5,0.999,0.62667,0.27237,601.6,464.9,0.999,0.63022,0.27265,605.0,465.4,0.999,0.60625,0.2743,582.0,468.2,1.0,0.63557,0.27741,610.1,473.5,0.998,0.6076,0.28181,583.3,481.0,0.999,0.61582,0.28303,591.2,483.1,0.998,0.60229,0.30665,578.2,523.5,1.0,0.64216,0.31501,616.5,537.7,1.0,0.54624,0.34795,524.4,594.0,0.968,0.59545,0.36001,571.6,614.5,0.014,0.49412,0.33524,474.4,572.3,0.902,0.5368,0.34824,515.3,594.4,0.014,0.47215,0.33635,453.3,574.1,0.876,0.53031,0.34901,509.1,595.8,0.026,0.48197,0.32863,462.7,561.0,0.872,0.52025,0.34356,499.4,586.5,0.024,0.48947,0.32888,469.9,561.4,0.761,0.52069,0.34163,499.9,583.2,0.023,0.52965,0.40587,508.5,692.8,1.0,0.57142,0.41557,548.6,709.4,1.0,0.44804,0.47204,430.1,805.8,0.792,0.50452,0.4825,484.3,823.6,0.106,0.39147,0.54032,375.8,922.3,0.872,0.48649,0.55843,467.0,953.2,0.252,0.40038,0.55653,384.4,950.0,0.836,0.49077,0.57315,471.1,978.4,0.502,0.33551,0.55531,322.1,947.9,0.719,0.43936,0.55953,421.8,955.1,0.195
607,16.764,960,1707,0.6128,0.27676,588.3,472.4,0.999,0.61307,0.27177,588.6,463.9,0.999,0.61042,0.27145,586.0,463.4,0.999,0.60773,0.27108,583.4,462.7,0.999,0.62301,0.2722,598.1,464.6,0.999,0.6269,0.27244,601.8,465.1,0.999,0.63047,0.27273,605.3,465.6,0.999,0.60642,0.27448,582.2,468.5,1.0,0.63588,0.27758,610.4,473.8,0.998,0.60771,0.28189,583.4,481.2,0.999,0.61595,0.28314,591.3,483.3,0.998,0.60272,0.30669,578.6,523.5,1.0,0.64217,0.31508,616.5,537.8,0.999,0.54637,0.3481,524.5,594.2,0.967,0.59646,0.36024,572.6,614.9,0.013,0.49447,0.33562,474.7,572.9,0.903,0.53697,0.35449,515.5,605.1,0.014,0.47246,0.3366,453.6,574.6,0.877,0.52974,0.35414,508.6,604.5,0.026,0.4823,0.32907,463.0,561.7,0.872,0.51901,0.34927,498.2,596.2,0.024,0.4898,0.32953,470.2,562.5,0.762,0.51901,0.34885,498.2,595.5,0.023,0.52988,0.40594,508.7,692.9,1.0,0.57139,0.4156,548.5,709.4,1.0,0.44814,0.47204,430.2,805.8,0.787,0.50472,0.48249,484.5,823.6,0.102,0.39146,0.54024,375.8,922.2,0.868,0.48647,0.55843,467.0,953.2,0.244,0.40037,0.55646,384.4,949.9,0.832,0.49068,0.57318,471.1,978.4,0.492,0.33521,0.55527,321.8,947.9,0.711,0.43907,0.5591,421.5,954.4,0.188
608,16.791,960,1707,0.61279,0.27724,588.3,473.3,0.999,0.61307,0.27222,588.5,464.7,0.999,0.61043,0.27191,586.0,464.1,0.999,0.60775,0.27152,583.4,463.5,0.999,0.62299,0.27262,598.1,465.4,0.999,0.62688,0.27285,601.8,465.8,0.999,0.63046,0.27312,605.2,466.2,0.999,0.6066,0.27494,582.3,469.3,1.0,0.63601,0.27804,610.6,474.6,0.998,0.60772,0.2823,583.4,481.9,0.999,0.61592,0.28353,591.3,484.0,0.998,0.60287,0.30676,578.8,523.6,1.0,0.64235,0.31552,616.7,538.6,1.0,0.5468,0.34807,524.9,594.2,0.966,0.59748,0.36092,573.6,616.1,0.012,0.49484,0.33637,475.0,574.2,0.904,0.53704,0.35881,515.6,612.5,0.015,0.47301,0.33721,454.1,575.6,0.878,0.52898,0.35841,507.8,611.8,0.027,0.48253,0.32982,463.2,563.0,0.874,0.51775,0.35359,497.0,603.6,0.026,0.49006,0.33051,470.5,564.2,0.765,0.5177,0.35354,497.0,603.5,0.024,0.53033,0.40601,509.1,693.1,1.0,0.57137,0.4156,548.5,709.4,1.0,0.4482,0.47215,430.3,806.0,0.788,0.5047,0.48249,484.5,823.6,0.1,0.3916,0.54035,375.9,922.4,0.867,0.48631,0.55845,466.9,953.3,0.24,0.40054,0.55679,384.5,950.4,0.831,0.49062,0.57325,471.0,978.5,0.489,0.33498,0.55523,321.6,947.8,0.707,0.43742,0.55901,419.9,954.2,0.185
609,16.819,960,1707,0.61278,0.27739,588.3,473.5,0.999,0.6131,0.27239,588.6,465.0,0.999,0.6105,0.27209,586.1,464.5,0.999,0.60786,0.27173,583.5,463.8,0.999,0.62297,0.27281,598.1,465.7,0.999,0.62686,0.27306,601.8,466.1,0.999,0.63044,0.27334,605.2,466.6,0.999,0.60704,0.27517,582.8,469.7,0.999,0.6361,0.27826,610.7,475.0,0.998,0.60775,0.28247,583.4,482.2,0.999,0.61589,0.2837,591.3,484.3,0.998,0.60295,0.30676,578.8,523.6,1.0,0.6425,0.31576,616.8,539.0,1.0,0.54715,0.34804,525.3,594.1,0.966,0.5942,0.3613,570.4,616.7,0.011,0.49493,0.33685,475.1,575.0,0.906,0.53623,0.36259,514.8,618.9,0.016,0.47327,0.33756,454.3,576.2,0.881,0.52654,0.36231,505.5,618.5,0.029,0.48257,0.33036,463.3,563.9,0.877,0.515,0.35761,494.4,610.4,0.028,0.4901,0.33111,470.5,565.2,0.769,0.51533,0.35768,494.7,610.6,0.026,0.53106,0.40606,509.8,693.1,1.0,0.57147,0.4156,548.6,709.4,1.0,0.4483,0.47212,430.4,805.9,0.789,0.5046,0.48245,484.4,823.5,0.098,0.39273,0.54065,377.0,922.9,0.866,0.4861,0.55843,466.7,953.2,0.236,0.40235,0.55704,386.3,950.9,0.83,0.49015,0.57321,470.5,978.5,0.485,0.3353,0.55538,321.9,948.0,0.706,0.43742,0.55891,419.9,954.1,0.183
610,16.847,960,1707,0.61277,0.27806,588.3,474.6,0.999,0.61311,0.27295,588.6,465.9,0.999,0.61052,0.27265,586.1,465.4,0.999,0.60792,0.27231,583.6,464.8,0.999,0.62296,0.27342,598.0,466.7,0.999,0.62684,0.27367,601.8,467.2,0.999,0.63043,0.27394,605.2,467.6,0.999,0.60752,0.27571,583.2,470.6,0.999,0.6363,0.27875,610.8,475.8,0.997,0.60777,0.28319,583.5,483.4,0.999,0.61587,0.28436,591.2,485.4,0.998,0.60333,0.30675,579.2,523.6,1.0,0.64314,0.31632,617.4,540.0,1.0,0.54752,0.34794,525.6,593.9,0.965,0.59466,0.36319,570.9,620.0,0.011,0.49501,0.33709,475.2,575.4,0.906,0.5371,0.36674,515.6,626.0,0.016,0.47343,0.33792,454.5,576.8,0.881,0.52684,0.36688,505.8,626.3,0.03,0.48257,0.33091,463.3,564.9,0.877,0.51538,0.36197,494.8,617.9,0.029,0.4901,0.33156,470.5,566.0,0.769,0.51599,0.36187,495.3,617.7,0.027,0.53152,0.40608,510.3,693.2,1.0,0.57172,0.41565,548.9,709.5,1.0,0.44872,0.47215,430.8,806.0,0.79,0.50482,0.4825,484.6,823.6,0.096,0.39317,0.54091,377.4,923.3,0.866,0.48583,0.55843,466.4,953.2,0.232,0.40302,0.55746,386.9,951.6,0.829,0.48918,0.5732,469.6,978.4,0.481,0.33531,0.55548,321.9,948.2,0.705,0.43743,0.55886,419.9,954.0,0.18
611,16.874,960,1707,0.613,0.27881,588.5,475.9,0.999,0.61329,0.27352,588.8,466.9,0.999,0.61064,0.2732,586.2,466.4,0.999,0.60805,0.27285,583.7,465.8,0.999,0.62334,0.27406,598.4,467.8,0.999,0.62725,0.27431,602.2,468.3,0.999,0.63079,0.27455,605.6,468.7,0.999,0.60777,0.27617,583.5,471.4,0.999,0.63695,0.27937,611.5,476.9,0.998,0.60792,0.28402,583.6,484.8,0.999,0.61613,0.28519,591.5,486.8,0.998,0.60335,0.30699,579.2,524.0,1.0,0.64376,0.31716,618.0,541.4,1.0,0.54759,0.3479,525.7,593.9,0.968,0.59578,0.36385,571.9,621.1,0.02,0.49512,0.33729,475.3,575.8,0.91,0.53878,0.36708,517.2,626.6,0.017,0.47355,0.33844,454.6,577.7,0.886,0.52659,0.36718,505.5,626.8,0.03,0.48253,0.33131,463.2,565.6,0.882,0.51563,0.36196,495.0,617.9,0.028,0.49001,0.33182,470.4,566.4,0.777,0.51801,0.3616,497.3,617.2,0.026,0.53169,0.40646,510.4,693.8,1.0,0.57189,0.41575,549.0,709.7,1.0,0.44954,0.47222,431.6,806.1,0.802,0.50475,0.48296,484.6,824.4,0.103,0.3932,0.54122,377.5,923.9,0.874,0.48574,0.55876,466.3,953.8,0.244,0.40293,0.55806,386.8,952.6,0.841,0.48901,0.57341,469.4,978.8,0.5,0.3353,0.55539,321.9,948.1,0.722,0.43642,0.55923,419.0,954.6,0.189
612,16.902,960,1707,0.61317,0.27979,588.6,477.6,0.999,0.61338,0.27419,588.8,468.0,0.999,0.61068,0.27384,586.3,467.4,0.999,0.60808,0.27347,583.8,466.8,0.999,0.62374,0.27476,598.8,469.0,0.999,0.62768,0.27497,602.6,469.4,0.999,0.63122,0.27515,606.0,469.7,0.999,0.60782,0.27668,583.5,472.3,0.999,0.63749,0.27997,612.0,477.9,0.997,0.60797,0.2851,583.6,486.7,0.999,0.61639,0.28611,591.7,488.4,0.997,0.60333,0.30735,579.2,524.7,1.0,0.64471,0.31799,618.9,542.8,1.0,0.54761,0.34801,525.7,594.0,0.967,0.5958,0.36437,572.0,622.0,0.018,0.49522,0.33765,475.4,576.4,0.91,0.53963,0.36776,518.0,627.8,0.018,0.47371,0.33893,454.8,578.5,0.885,0.52818,0.3679,507.1,628.0,0.031,0.48251,0.33161,463.2,566.1,0.882,0.5163,0.36279,495.7,619.3,0.029,0.48996,0.33205,470.4,566.8,0.776,0.51808,0.36253,497.4,618.8,0.027,0.53219,0.40664,510.9,694.1,1.0,0.57225,0.4159,549.4,709.9,1.0,0.44998,0.47224,432.0,806.1,0.802,0.50476,0.48313,484.6,824.7,0.103,0.39327,0.54162,377.5,924.5,0.873,0.48573,0.55882,466.3,953.9,0.241,0.40264,0.55861,386.5,953.5,0.84,0.48901,0.57344,469.4,978.9,0.496,0.33544,0.55502,322.0,947.4,0.718,0.43625,0.56041,418.8,956.6,0.186
613,16.929,960,1707,0.61326,0.28091,588.7,479.5,0.999,0.61341,0.27533,588.9,470.0,0.999,0.61069,0.27496,586.3,469.4,0.999,0.60809,0.27455,583.8,468.7,0.999,0.62385,0.27588,598.9,470.9,0.999,0.62777,0.27602,602.7,471.2,0.999,0.6313,0.27609,606.0,471.3,0.999,0.60783,0.27752,583.5,473.7,0.999,0.6377,0.2807,612.2,479.2,0.997,0.60799,0.28623,583.7,488.6,0.999,0.61649,0.28697,591.8,489.9,0.997,0.60332,0.30789,579.2,525.6,1.0,0.64557,0.31811,619.7,543.0,1.0,0.54786,0.34823,525.9,594.4,0.968,0.59665,0.36457,572.8,622.3,0.018,0.49508,0.33766,475.3,576.4,0.91,0.54347,0.37069,521.7,632.8,0.017,0.47345,0.33903,454.5,578.7,0.885,0.53148,0.3716,510.2,634.3,0.03,0.48199,0.3316,462.7,566.0,0.882,0.52021,0.36648,499.4,625.6,0.028,0.48936,0.33202,469.8,566.8,0.775,0.52175,0.36587,500.9,624.5,0.026,0.53274,0.40714,511.4,695.0,1.0,0.57395,0.41613,551.0,710.3,1.0,0.45138,0.4723,433.3,806.2,0.806,0.50538,0.48331,485.2,825.0,0.104,0.3942,0.54245,378.4,926.0,0.875,0.48576,0.55881,466.3,953.9,0.241,0.40289,0.5591,386.8,954.4,0.843,0.48898,0.57343,469.4,978.9,0.497,0.33537,0.55465,322.0,946.8,0.72,0.43666,0.56114,419.2,957.9,0.185
614,16.957,960,1707,0.61297,0.28104,588.4,479.7,0.999,0.61323,0.27544,588.7,470.2,0.999,0.61055,0.27507,586.1,469.5,0.999,0.60795,0.27464,583.6,468.8,0.999,0.62368,0.27594,598.7,471.0,0.999,0.62768,0.27607,602.6,471.3,0.999,0.63125,0.27615,606.0,471.4,0.999,0.60782,0.27766,583.5,474.0,0.999,0.63769,0.28079,612.2,479.3,0.997,0.60785,0.2864,583.5,488.9,0.999,0.6164,0.2871,591.7,490.1,0.997,0.60338,0.30819,579.2,526.1,1.0,0.64608,0.31807,620.2,542.9,1.0,0.5479,0.34864,526.0,595.1,0.968,0.59703,0.36453,573.1,622.3,0.016,0.4947,0.33755,474.9,576.2,0.908,0.54606,0.37053,524.2,632.5,0.016,0.47246,0.33901,453.6,578.7,0.883,0.53569,0.37185,514.3,634.8,0.029,0.48066,0.33158,461.4,566.0,0.88,0.52371,0.36691,502.8,626.3,0.027,0.48837,0.33184,468.8,566.4,0.772,0.52408,0.36625,503.1,625.2,0.025,0.53379,0.40767,512.4,695.9,1.0,0.57466,0.4163,551.7,710.6,1.0,0.45232,0.47231,434.2,806.2,0.809,0.50539,0.48331,485.2,825.0,0.103,0.40188,0.54346,385.8,927.7,0.876,0.48604,0.55837,466.6,953.1,0.24,0.4087,0.5613,392.4,958.1,0.842,0.48904,0.57272,469.5,977.6,0.494,0.34064,0.55465,327.0,946.8,0.721,0.43666,0.56109,419.2,957.8,0.185
615,16.985,960,1707,0.61102,0.2822,586.6,481.7,0.999,0.6117,0.27664,587.2,472.2,0.999,0.60939,0.27622,585.0,471.5,0.999,0.60701,0.27574,582.7,470.7,0.999,0.62091,0.27714,596.1,473.1,0.999,0.6248,0.2772,599.8,473.2,0.999,0.62849,0.27724,603.3,473.2,0.999,0.60767,0.27851,583.4,475.4,0.999,0.63584,0.28138,610.4,480.3,0.997,0.60692,0.28762,582.6,491.0,0.999,0.61496,0.288,590.4,491.6,0.997,0.60373,0.30819,579.6,526.1,1.0,0.6478,0.31829,621.9,543.3,1.0,0.54861,0.3487,526.7,595.2,0.969,0.6052,0.36713,581.0,626.7,0.015,0.49441,0.33745,474.6,576.0,0.913,0.55727,0.38393,535.0,655.4,0.016,0.4714,0.33897,452.5,578.6,0.889,0.54824,0.38866,526.3,663.4,0.029,0.47957,0.33151,460.4,565.9,0.886,0.53623,0.38464,514.8,656.6,0.027,0.48759,0.33151,468.1,565.9,0.781,0.53575,0.38282,514.3,653.5,0.025,0.53518,0.40813,513.8,696.7,1.0,0.57564,0.41675,552.6,711.4,1.0,0.45263,0.47259,434.5,806.7,0.818,0.50593,0.48332,485.7,825.0,0.113,0.4115,0.54496,395.0,930.2,0.88,0.48662,0.55803,467.2,952.6,0.253,0.41711,0.56303,400.4,961.1,0.846,0.48906,0.57226,469.5,976.8,0.506,0.34682,0.55476,332.9,947.0,0.728,0.43835,0.55874,420.8,953.8,0.194
616,17.012,960,1707,0.60688,0.2836,582.6,484.1,0.999,0.60812,0.27805,583.8,474.6,0.999,0.60651,0.2776,582.2,473.9,0.999,0.60469,0.27713,580.5,473.1,0.999,0.61523,0.27854,590.6,475.5,0.999,0.61864,0.27852,593.9,475.4,0.999,0.62194,0.27847,597.1,475.4,0.999,0.60717,0.27967,582.9,477.4,0.999,0.63159,0.2819,606.3,481.2,0.998,0.60497,0.28912,580.8,493.5,0.999,0.61178,0.28914,587.3,493.6,0.997,0.60415,0.30851,580.0,526.6,1.0,0.649,0.3183,623.0,543.3,1.0,0.54857,0.3487,526.6,595.2,0.969,0.60564,0.36678,581.4,626.1,0.014,0.49378,0.33718,474.0,575.6,0.913,0.55825,0.3784,535.9,645.9,0.016,0.47042,0.33866,451.6,578.1,0.89,0.54934,0.38112,527.4,650.6,0.028,0.47867,0.33109,459.5,565.2,0.887,0.5385,0.37669,517.0,643.0,0.026,0.48682,0.33085,467.3,564.8,0.782,0.5381,0.37559,516.6,641.1,0.024,0.53728,0.40871,515.8,697.7,1.0,0.57744,0.41718,554.3,712.1,1.0,0.45263,0.47258,434.5,806.7,0.817,0.50813,0.48319,487.8,824.8,0.113,0.42371,0.54505,406.8,930.4,0.878,0.48667,0.55574,467.2,948.7,0.252,0.43486,0.56304,417.5,961.1,0.84,0.48898,0.56952,469.4,972.2,0.502,0.36217,0.55484,347.7,947.1,0.729,0.43964,0.55576,422.0,948.7,0.197
617,17.04,960,1707,0.60072,0.28571,576.7,487.7,0.999,0.602,0.28012,577.9,478.2,0.999,0.60124,0.27973,577.2,477.5,0.999,0.60028,0.27933,576.3,476.8,0.999,0.60735,0.2806,583.1,479.0,0.999,0.61047,0.28052,586.1,478.9,0.999,0.61363,0.28043,589.1,478.7,0.999,0.60568,0.28187,581.5,481.2,0.999,0.625,0.28288,600.0,482.9,0.998,0.60131,0.29151,577.3,497.6,0.999,0.60617,0.29134,581.9,497.3,0.998,0.60585,0.30867,581.6,526.9,1.0,0.64996,0.31821,624.0,543.2,1.0,0.54939,0.34872,527.4,595.3,0.967,0.60514,0.36591,580.9,624.6,0.013,0.49356,0.33637,473.8,574.2,0.904,0.55724,0.37105,535.0,633.4,0.015,0.4703,0.33803,451.5,577.0,0.881,0.54795,0.37129,526.0,633.8,0.026,0.47823,0.3305,459.1,564.2,0.878,0.53787,0.36742,516.4,627.2,0.025,0.4863,0.32995,466.8,563.2,0.769,0.53797,0.36758,516.5,627.5,0.023,0.5411,0.40907,519.5,698.3,1.0,0.57881,0.41757,555.7,712.8,1.0,0.4526,0.47258,434.5,806.7,0.803,0.51049,0.48335,490.1,825.1,0.108,0.43749,0.54631,420.0,932.5,0.863,0.48822,0.55555,468.7,948.3,0.243,0.45166,0.56333,433.6,961.6,0.821,0.49024,0.56907,470.6,971.4,0.489,0.37259,0.55539,357.7,948.1,0.716,0.43976,0.55732,422.2,951.4,0.193
618,17.068,960,1707,0.59674,0.28771,572.9,491.1,0.999,0.59821,0.28206,574.3,481.5,0.999,0.59792,0.28173,574.0,480.9,0.999,0.59744,0.28142,573.5,480.4,0.999,0.60274,0.28249,578.6,482.2,0.999,0.60574,0.28233,581.5,481.9,0.999,0.60875,0.28213,584.4,481.6,0.999,0.60521,0.28358,581.0,484.1,0.999,0.62111,0.28399,596.3,484.8,0.998,0.59887,0.29344,574.9,500.9,0.999,0.60271,0.29337,578.6,500.8,0.998,0.6086,0.30867,584.3,526.9,1.0,0.6508,0.31818,624.8,543.1,1.0,0.5508,0.34868,528.8,595.2,0.967,0.60665,0.36579,582.4,624.4,0.012,0.49356,0.33607,473.8,573.7,0.903,0.56074,0.37776,538.3,644.8,0.014,0.47033,0.33728,451.5,575.7,0.881,0.55147,0.38076,529.4,650.0,0.026,0.47827,0.33005,459.1,563.4,0.878,0.54227,0.37693,520.6,643.4,0.024,0.48636,0.32964,466.9,562.7,0.769,0.54261,0.37596,520.9,641.8,0.023,0.54189,0.40925,520.2,698.6,1.0,0.57944,0.41779,556.3,713.2,1.0,0.45306,0.47259,434.9,806.7,0.806,0.51102,0.48334,490.6,825.1,0.109,0.44837,0.5484,430.4,936.1,0.861,0.49058,0.55501,471.0,947.4,0.247,0.46369,0.56555,445.1,965.4,0.818,0.49424,0.56884,474.5,971.0,0.495,0.38558,0.5561,370.2,949.3,0.718,0.43977,0.55754,422.2,951.7,0.202
619,17.095,960,1707,0.59489,0.28865,571.1,492.7,0.999,0.59625,0.28299,572.4,483.1,0.999,0.59596,0.28274,572.1,482.6,0.999,0.59548,0.28253,571.7,482.3,0.999,0.60067,0.28325,576.6,483.5,0.999,0.60353,0.28306,579.4,483.2,0.999,0.60626,0.28285,582.0,482.8,0.999,0.60408,0.28464,579.9,485.9,0.999,0.61838,0.28462,593.6,485.8,0.998,0.59718,0.29449,573.3,502.7,0.999,0.60065,0.29432,576.6,502.4,0.998,0.60894,0.30888,584.6,527.3,1.0,0.65115,0.31817,625.1,543.1,1.0,0.55079,0.34839,528.8,594.7,0.961,0.60956,0.36529,585.2,623.6,0.011,0.49356,0.33569,473.8,573.0,0.888,0.56075,0.37721,538.3,643.9,0.014,0.47039,0.3368,451.6,574.9,0.867,0.55105,0.37972,529.0,648.2,0.024,0.47833,0.32968,459.2,562.8,0.864,0.54199,0.37564,520.3,641.2,0.023,0.48647,0.32938,467.0,562.3,0.749,0.54259,0.37429,520.9,638.9,0.022,0.54297,0.4104,521.3,700.6,1.0,0.58042,0.41903,557.2,715.3,1.0,0.45584,0.47255,437.6,806.6,0.77,0.51082,0.48231,490.4,823.3,0.1,0.46642,0.54992,447.8,938.7,0.834,0.49687,0.55298,477.0,943.9,0.229,0.48378,0.56775,464.4,969.2,0.794,0.50569,0.56882,485.5,971.0,0.47,0.40512,0.55866,388.9,953.6,0.698,0.4454,0.55764,427.6,951.9,0.19
620,17.123,960,1707,0.59269,0.29039,569.0,495.7,0.999,0.59409,0.28428,570.3,485.3,0.999,0.59393,0.28398,570.2,484.8,0.999,0.59354,0.28372,569.8,484.3,0.999,0.59799,0.28469,574.1,486.0,0.999,0.60069,0.28456,576.7,485.7,0.999,0.60319,0.28434,579.1,485.4,0.999,0.60283,0.28534,578.7,487.1,1.0,0.61536,0.28541,590.7,487.2,0.998,0.59514,0.29574,571.3,504.8,0.999,0.59845,0.29563,574.5,504.6,0.998,0.60882,0.30892,584.5,527.3,1.0,0.65277,0.31805,626.7,542.9,1.0,0.55076,0.34821,528.7,594.4,0.962,0.61417,0.3656,589.6,624.1,0.01,0.49347,0.33566,473.7,573.0,0.893,0.57063,0.38367,547.8,654.9,0.013,0.47035,0.33679,451.5,574.9,0.874,0.56183,0.3879,539.4,662.1,0.025,0.47803,0.32943,458.9,562.3,0.871,0.5524,0.38408,530.3,655.6,0.023,0.48619,0.32915,466.7,561.9,0.761,0.5527,0.38253,530.6,653.0,0.022,0.54429,0.41065,522.5,701.0,1.0,0.58299,0.41985,559.7,716.7,1.0,0.45761,0.47243,439.3,806.4,0.777,0.5107,0.47939,490.3,818.3,0.099,0.47433,0.551,455.4,940.6,0.836,0.49742,0.55271,477.5,943.5,0.231,0.48921,0.56898,469.6,971.3,0.8,0.50664,0.56894,486.4,971.2,0.478,0.41324,0.56141,396.7,958.3,0.71,0.44865,0.55771,430.7,952.0,0.198
621,17.15,960,1707,0.5902,0.29145,566.6,497.5,0.999,0.5923,0.28535,568.6,487.1,0.999,0.5924,0.28505,568.7,486.6,0.999,0.59227,0.28481,568.6,486.2,0.999,0.59546,0.28571,571.6,487.7,0.999,0.59787,0.28557,574.0,487.5,0.999,0.60009,0.28537,576.1,487.1,0.999,0.60234,0.28613,578.2,488.4,1.0,0.61266,0.28607,588.2,488.3,0.998,0.59333,0.29639,569.6,505.9,0.999,0.59599,0.29634,572.2,505.8,0.998,0.60887,0.30854,584.5,526.7,1.0,0.65434,0.31779,628.2,542.5,1.0,0.55102,0.34792,529.0,593.9,0.961,0.62064,0.36554,595.8,624.0,0.01,0.49271,0.33529,473.0,572.3,0.89,0.57439,0.38309,551.4,653.9,0.013,0.46928,0.33651,450.5,574.4,0.871,0.5655,0.38713,542.9,660.8,0.024,0.47676,0.32874,457.7,561.2,0.869,0.55591,0.3835,533.7,654.6,0.022,0.485,0.32836,465.6,560.5,0.756,0.55618,0.38213,533.9,652.3,0.021,0.54595,0.41058,524.1,700.9,1.0,0.58475,0.41975,561.4,716.5,1.0,0.46017,0.47205,441.8,805.8,0.773,0.51171,0.47404,491.2,809.2,0.091,0.48143,0.55382,462.2,945.4,0.829,0.49977,0.54794,479.8,935.3,0.216,0.49542,0.57224,475.6,976.8,0.798,0.51222,0.56706,491.7,968.0,0.462,0.42068,0.56238,403.9,960.0,0.708,0.44906,0.5497,431.1,938.3,0.189
622,17.178,960,1707,0.58952,0.29171,565.9,498.0,0.999,0.59199,0.2857,568.3,487.7,0.999,0.59214,0.28538,568.5,487.1,0.999,0.59206,0.28513,568.4,486.7,0.999,0.59497,0.28606,571.2,488.3,0.999,0.5973,0.28591,573.4,488.1,0.999,0.59947,0.28572,575.5,487.7,0.999,0.60198,0.2864,577.9,488.9,1.0,0.61201,0.28639,587.5,488.9,0.998,0.59278,0.29651,569.1,506.1,0.999,0.59531,0.29649,571.5,506.1,0.998,0.60878,0.30824,584.4,526.2,1.0,0.65629,0.31778,630.0,542.5,1.0,0.5495,0.34722,527.5,592.7,0.956,0.62407,0.36556,599.1,624.0,0.009,0.49174,0.33447,472.1,570.9,0.869,0.58025,0.38359,557.0,654.8,0.012,0.46922,0.33511,450.5,572.0,0.851,0.57237,0.38782,549.5,662.0,0.022,0.47683,0.32795,457.8,559.8,0.849,0.56229,0.38389,539.8,655.3,0.021,0.48503,0.32779,465.6,559.5,0.73,0.56208,0.38241,539.6,652.8,0.02,0.54755,0.41073,525.6,701.1,1.0,0.58822,0.42011,564.7,717.1,1.0,0.46196,0.47211,443.5,805.9,0.763,0.5144,0.47349,493.8,808.2,0.084,0.48995,0.55422,470.4,946.1,0.812,0.5024,0.54428,482.3,929.1,0.202,0.50429,0.57127,484.1,975.2,0.788,0.51467,0.56316,494.1,961.3,0.445,0.43157,0.56202,414.3,959.4,0.694,0.46238,0.54648,443.9,932.8,0.178
623,17.206,960,1707,0.58851,0.29309,565.0,500.3,0.999,0.59076,0.28698,567.1,489.9,0.999,0.59097,0.28664,567.3,489.3,0.999,0.59094,0.28636,567.3,488.8,0.999,0.59363,0.28724,569.9,490.3,0.999,0.59587,0.28703,572.0,490.0,0.999,0.59795,0.2868,574.0,489.6,0.999,0.60108,0.28704,577.0,490.0,1.0,0.61049,0.28705,586.1,490.0,0.998,0.59204,0.29744,568.4,507.7,0.999,0.59452,0.29736,570.7,507.6,0.998,0.60874,0.30706,584.4,524.2,1.0,0.65785,0.31738,631.5,541.8,1.0,0.54818,0.34634,526.2,591.2,0.94,0.62381,0.36553,598.9,624.0,0.008,0.49148,0.3339,471.8,570.0,0.826,0.58017,0.38194,557.0,652.0,0.011,0.46941,0.33417,450.6,570.4,0.81,0.57175,0.38547,548.9,658.0,0.021,0.47694,0.32752,457.9,559.1,0.808,0.56085,0.3815,538.4,651.2,0.02,0.48507,0.32744,465.7,558.9,0.686,0.56093,0.38028,538.5,649.1,0.019,0.55168,0.41072,529.6,701.1,1.0,0.59213,0.42011,568.4,717.1,1.0,0.46471,0.4724,446.1,806.4,0.735,0.5184,0.47324,497.7,807.8,0.076,0.49319,0.55522,473.5,947.8,0.785,0.50418,0.5416,484.0,924.5,0.186,0.50801,0.57119,487.7,975.0,0.767,0.5165,0.55997,495.8,955.9,0.42,0.43638,0.56238,418.9,960.0,0.669,0.46717,0.54423,448.5,929.0,0.165
624,17.233,960,1707,0.58695,0.29468,563.5,503.0,0.999,0.58935,0.28842,565.8,492.3,0.999,0.58985,0.28797,566.3,491.6,0.999,0.5901,0.28755,566.5,490.9,0.999,0.59184,0.28879,568.2,493.0,0.999,0.59411,0.28854,570.3,492.5,0.999,0.59621,0.28824,572.4,492.0,0.999,0.60097,0.28762,576.9,491.0,0.999,0.60921,0.28788,584.8,491.4,0.998,0.59146,0.29859,567.8,509.7,0.999,0.59366,0.29867,569.9,509.8,0.998,0.60898,0.30633,584.6,522.9,1.0,0.66021,0.31728,633.8,541.6,1.0,0.54856,0.34535,526.6,589.5,0.919,0.62676,0.3655,601.7,623.9,0.007,0.49149,0.33384,471.8,569.9,0.774,0.57991,0.37754,556.7,644.5,0.011,0.46981,0.33416,451.0,570.4,0.761,0.57073,0.3788,547.9,646.6,0.02,0.47751,0.32757,458.4,559.2,0.76,0.55986,0.37485,537.5,639.9,0.019,0.48524,0.32747,465.8,559.0,0.638,0.56036,0.3746,537.9,639.5,0.018,0.55509,0.41068,532.9,701.0,1.0,0.59819,0.42007,574.3,717.1,1.0,0.47018,0.47246,451.4,806.5,0.709,0.52362,0.47267,502.7,806.9,0.069,0.49523,0.55665,475.4,950.2,0.76,0.50567,0.54022,485.4,922.1,0.17,0.5099,0.57251,489.5,977.3,0.748,0.51517,0.5586,494.6,953.5,0.391,0.43872,0.56227,421.2,959.8,0.646,0.47272,0.53885,453.8,919.8,0.151
625,17.261,960,1707,0.58622,0.29542,562.8,504.3,0.999,0.58863,0.28933,565.1,493.9,0.999,0.58935,0.28882,565.8,493.0,0.999,0.5898,0.28833,566.2,492.2,0.999,0.59088,0.2898,567.2,494.7,0.999,0.59319,0.28957,569.5,494.3,0.999,0.59533,0.28926,571.5,493.8,0.999,0.601,0.28814,577.0,491.9,0.999,0.60865,0.28868,584.3,492.8,0.998,0.59142,0.29918,567.8,510.7,0.998,0.59347,0.2994,569.7,511.1,0.997,0.60953,0.30605,585.1,522.4,1.0,0.66105,0.3175,634.6,542.0,1.0,0.5508,0.34345,528.8,586.3,0.903,0.62561,0.36558,600.6,624.0,0.007,0.49148,0.33377,471.8,569.8,0.735,0.57829,0.37445,555.2,639.2,0.01,0.46995,0.33418,451.2,570.4,0.726,0.56974,0.37461,547.0,639.5,0.019,0.47781,0.32761,458.7,559.2,0.725,0.55806,0.3705,535.7,632.4,0.018,0.48525,0.32749,465.8,559.0,0.601,0.55937,0.37058,537.0,632.6,0.017,0.5566,0.41066,534.3,701.0,1.0,0.60015,0.42003,576.1,717.0,1.0,0.47547,0.47288,456.5,807.2,0.69,0.52726,0.47294,506.2,807.3,0.063,0.49501,0.55629,475.2,949.6,0.743,0.50455,0.5385,484.4,919.2,0.157,0.51096,0.57199,490.5,976.4,0.736,0.51641,0.55761,495.8,951.8,0.37,0.44246,0.56452,424.8,963.6,0.632,0.47161,0.54103,452.7,923.5,0.141
626,17.289,960,1707,0.58532,0.2971,561.9,507.1,0.999,0.58757,0.29107,564.1,496.9,0.999,0.58834,0.29058,564.8,496.0,0.999,0.58887,0.29008,565.3,495.2,0.999,0.58977,0.29145,566.2,497.5,0.999,0.59207,0.29115,568.4,497.0,0.999,0.59419,0.29076,570.4,496.3,0.999,0.60027,0.28941,576.3,494.0,0.999,0.60738,0.28987,583.1,494.8,0.998,0.59084,0.30059,567.2,513.1,0.998,0.59277,0.30083,569.1,513.5,0.997,0.60959,0.30584,585.2,522.1,1.0,0.66359,0.31801,637.0,542.8,1.0,0.55086,0.34203,528.8,583.9,0.899,0.63383,0.36485,608.5,622.8,0.006,0.49148,0.3338,471.8,569.8,0.724,0.58736,0.37525,563.9,640.6,0.009,0.47007,0.33394,451.3,570.0,0.715,0.58008,0.3762,556.9,642.2,0.018,0.47828,0.32747,459.2,559.0,0.714,0.56786,0.37274,545.1,636.3,0.017,0.4854,0.32751,466.0,559.1,0.585,0.56795,0.3724,545.2,635.7,0.016,0.55774,0.40997,535.4,699.8,1.0,0.60365,0.41981,579.5,716.6,1.0,0.48334,0.47418,464.0,809.4,0.679,0.53171,0.47323,510.4,807.8,0.057,0.49263,0.55697,472.9,950.7,0.736,0.50623,0.5405,486.0,922.6,0.146,0.50669,0.57262,486.4,977.5,0.73,0.51506,0.5589,494.5,954.0,0.35,0.44133,0.56577,423.7,965.8,0.629,0.46923,0.54243,450.5,925.9,0.132
627,17.316,960,1707,0.58539,0.29714,562.0,507.2,0.999,0.58737,0.2915,563.9,497.6,0.999,0.58807,0.29104,564.5,496.8,0.999,0.58853,0.29055,565.0,496.0,0.999,0.58959,0.29174,566.0,498.0,0.999,0.59176,0.2914,568.1,497.4,0.999,0.59372,0.29096,570.0,496.7,0.999,0.59969,0.28993,575.7,494.9,0.999,0.60648,0.29016,582.2,495.3,0.998,0.59086,0.30047,567.2,512.9,0.998,0.59284,0.30061,569.1,513.1,0.996,0.60997,0.30533,585.6,521.2,1.0,0.66503,0.31791,638.4,542.7,1.0,0.55058,0.342,528.6,583.8,0.904,0.64204,0.36443,616.4,622.1,0.006,0.49148,0.33374,471.8,569.7,0.723,0.59708,0.379,573.2,646.9,0.009,0.4704,0.33345,451.6,569.2,0.712,0.58881,0.38188,565.3,651.9,0.016,0.47858,0.32747,459.4,559.0,0.711,0.57842,0.37828,555.3,645.7,0.015,0.4855,0.32752,466.1,559.1,0.577,0.57892,0.37694,555.8,643.4,0.015,0.5601,0.40969,537.7,699.3,1.0,0.60591,0.4192,581.7,715.6,1.0,0.48968,0.47571,470.1,812.0,0.688,0.53196,0.47351,510.7,808.3,0.055,0.49062,0.5573,471.0,951.3,0.745,0.50564,0.54135,485.4,924.1,0.144,0.50446,0.57307,484.3,978.2,0.738,0.51494,0.56268,494.3,960.5,0.356,0.43914,0.56577,421.6,965.8,0.636,0.46657,0.54326,447.9,927.3,0.131
628,17.344,960,1707,0.58565,0.29887,562.2,510.2,0.999,0.58761,0.2931,564.1,500.3,0.998,0.58821,0.29261,564.7,499.5,0.998,0.58859,0.29207,565.0,498.6,0.999,0.5899,0.29353,566.3,501.1,0.998,0.59204,0.29325,568.4,500.6,0.998,0.59394,0.29284,570.2,499.9,0.998,0.59958,0.29113,575.6,497.0,0.999,0.6067,0.29149,582.4,497.6,0.996,0.5909,0.30183,567.3,515.2,0.996,0.59287,0.30204,569.2,515.6,0.994,0.60994,0.30523,585.5,521.0,1.0,0.66575,0.31859,639.1,543.8,1.0,0.55059,0.34224,528.6,584.2,0.896,0.64303,0.3646,617.3,622.4,0.006,0.49172,0.3339,472.0,570.0,0.714,0.59939,0.38343,575.4,654.5,0.008,0.47068,0.3335,451.9,569.3,0.703,0.59278,0.38734,569.1,661.2,0.015,0.47936,0.32741,460.2,558.9,0.703,0.57975,0.38383,556.6,655.2,0.014,0.48626,0.32753,466.8,559.1,0.562,0.57927,0.38216,556.1,652.3,0.014,0.5617,0.40959,539.2,699.2,1.0,0.6067,0.41894,582.4,715.1,1.0,0.48929,0.4757,469.7,812.0,0.674,0.5343,0.47245,512.9,806.5,0.05,0.49017,0.55812,470.6,952.7,0.737,0.5111,0.53908,490.7,920.2,0.132,0.50159,0.57425,481.5,980.2,0.732,0.51726,0.55761,496.6,951.8,0.332,0.43581,0.56535,418.4,965.0,0.627,0.46446,0.53613,445.9,915.2,0.12
629,17.371,960,1707,0.5859,0.29981,562.5,511.8,0.998,0.58776,0.29421,564.3,502.2,0.998,0.58827,0.29372,564.7,501.4,0.998,0.58855,0.29319,565.0,500.5,0.999,0.59019,0.29464,566.6,502.9,0.998,0.59231,0.29436,568.6,502.5,0.997,0.59418,0.29395,570.4,501.8,0.998,0.59913,0.29212,575.2,498.7,0.999,0.60651,0.29251,582.3,499.3,0.995,0.59085,0.30265,567.2,516.6,0.996,0.5929,0.3029,569.2,517.0,0.992,0.60991,0.30533,585.5,521.2,1.0,0.66571,0.31895,639.1,544.4,1.0,0.54989,0.34237,527.9,584.4,0.9,0.64295,0.36409,617.2,621.5,0.007,0.49099,0.3339,471.3,570.0,0.692,0.59725,0.37665,573.4,642.9,0.007,0.47011,0.33343,451.3,569.2,0.681,0.58793,0.3787,564.4,646.4,0.014,0.47915,0.32738,460.0,558.8,0.68,0.5794,0.3748,556.2,639.8,0.013,0.48605,0.32755,466.6,559.1,0.537,0.57776,0.37311,554.7,636.9,0.012,0.56106,0.40979,538.6,699.5,1.0,0.6065,0.41908,582.2,715.4,0.999,0.49035,0.4776,470.7,815.3,0.667,0.53558,0.47216,514.2,806.0,0.046,0.48901,0.55811,469.4,952.7,0.742,0.52239,0.53617,501.5,915.2,0.122,0.49989,0.57491,479.9,981.4,0.74,0.52703,0.55318,506.0,944.3,0.319,0.43374,0.5647,416.4,963.9,0.627,0.47504,0.53272,456.0,909.4,0.111
630,17.399,960,1707,0.58618,0.30036,562.7,512.7,0.998,0.58802,0.29488,564.5,503.4,0.998,0.58846,0.29441,564.9,502.6,0.998,0.58867,0.2939,565.1,501.7,0.998,0.59061,0.29529,567.0,504.1,0.997,0.59278,0.29502,569.1,503.6,0.997,0.59472,0.29463,570.9,502.9,0.998,0.59903,0.29293,575.1,500.0,0.998,0.60698,0.2933,582.7,500.7,0.995,0.59095,0.30317,567.3,517.5,0.995,0.59309,0.30347,569.4,518.0,0.991,0.60914,0.30595,584.8,522.3,1.0,0.6661,0.3193,639.5,545.1,0.999,0.54854,0.34279,526.6,585.1,0.879,0.64109,0.3648,615.5,622.7,0.006,0.49122,0.33417,471.6,570.4,0.65,0.59489,0.37614,571.1,642.1,0.007,0.47017,0.33345,451.4,569.2,0.642,0.58616,0.37753,562.7,644.4,0.013,0.47981,0.32739,460.6,558.9,0.642,0.57568,0.37344,552.6,637.5,0.012,0.4867,0.32762,467.2,559.3,0.501,0.57475,0.37241,551.8,635.7,0.011,0.56034,0.41035,537.9,700.5,1.0,0.60778,0.4198,583.5,716.6,0.999,0.48991,0.47818,470.3,816.3,0.646,0.53859,0.47188,517.1,805.5,0.042,0.48751,0.55795,468.0,952.4,0.725,0.52256,0.53407,501.7,911.7,0.112,0.49872,0.57488,478.8,981.3,0.726,0.52656,0.55067,505.5,940.0,0.298,0.43226,0.56217,415.0,959.6,0.603,0.47662,0.53024,457.6,905.1,0.102
631,17.427,960,1707,0.58659,0.30054,563.1,513.0,0.998,0.58813,0.29502,564.6,503.6,0.997,0.58854,0.29457,565.0,502.8,0.997,0.58873,0.2941,565.2,502.0,0.998,0.59076,0.2954,567.1,504.3,0.997,0.59294,0.29513,569.2,503.8,0.997,0.59493,0.29476,571.1,503.2,0.998,0.59905,0.29336,575.1,500.8,0.998,0.60718,0.29363,582.9,501.2,0.995,0.59137,0.3034,567.7,517.9,0.994,0.5938,0.30364,570.0,518.3,0.99,0.60916,0.30635,584.8,522.9,1.0,0.66631,0.31941,639.7,545.2,0.999,0.54774,0.34302,525.8,585.5,0.878,0.63962,0.36531,614.0,623.6,0.007,0.49158,0.33447,471.9,570.9,0.618,0.59448,0.36808,570.7,628.3,0.006,0.47064,0.33359,451.8,569.4,0.611,0.58125,0.3668,558.0,626.1,0.012,0.4809,0.32784,461.7,559.6,0.611,0.57379,0.35839,550.8,611.8,0.011,0.48765,0.32829,468.1,560.4,0.471,0.57456,0.36168,551.6,617.4,0.011,0.56014,0.41104,537.7,701.6,1.0,0.60839,0.42037,584.1,717.6,0.999,0.49041,0.4799,470.8,819.2,0.656,0.54269,0.46911,521.0,800.8,0.039,0.48659,0.55868,467.1,953.7,0.738,0.52275,0.5126,501.8,875.0,0.105,0.498,0.57514,478.1,981.8,0.739,0.52712,0.543,506.0,926.9,0.292,0.431,0.56217,413.8,959.6,0.612,0.47884,0.52335,459.7,893.4,0.095
632,17.454,960,1707,0.58717,0.30125,563.7,514.2,0.998,0.58862,0.29565,565.1,504.7,0.997,0.58896,0.29516,565.4,503.8,0.997,0.58911,0.29465,565.5,503.0,0.998,0.59126,0.29604,567.6,505.3,0.997,0.59335,0.29571,569.6,504.8,0.997,0.59526,0.29528,571.5,504.0,0.997,0.59915,0.29408,575.2,502.0,0.998,0.60723,0.29422,582.9,502.2,0.995,0.59176,0.30408,568.1,519.1,0.994,0.59425,0.30431,570.5,519.5,0.99,0.60925,0.30707,584.9,524.2,1.0,0.66618,0.31967,639.5,545.7,0.999,0.54774,0.34322,525.8,585.9,0.88,0.6388,0.36579,613.2,624.4,0.008,0.492,0.33452,472.3,571.0,0.591,0.58992,0.36629,566.3,625.3,0.006,0.47146,0.33361,452.6,569.5,0.584,0.57452,0.36484,551.5,622.8,0.011,0.48183,0.32786,462.6,559.7,0.584,0.5669,0.35909,544.2,613.0,0.01,0.4886,0.32838,469.1,560.5,0.446,0.57061,0.36002,547.8,614.6,0.01,0.56015,0.4117,537.7,702.8,1.0,0.60832,0.42075,584.0,718.2,0.999,0.48977,0.48032,470.2,819.9,0.659,0.54022,0.46964,518.6,801.7,0.036,0.48602,0.55877,466.6,953.8,0.744,0.52102,0.5293,500.2,903.5,0.101,0.49784,0.57515,477.9,981.8,0.748,0.52573,0.54918,504.7,937.4,0.29,0.43076,0.56207,413.5,959.5,0.615,0.4779,0.52462,458.8,895.5,0.091
633,17.482,960,1707,0.58797,0.30241,564.4,516.2,0.997,0.5892,0.29672,565.6,506.5,0.997,0.58942,0.29622,565.8,505.7,0.997,0.58949,0.29571,565.9,504.8,0.998,0.59212,0.29702,568.4,507.0,0.997,0.59435,0.29663,570.6,506.4,0.996,0.59643,0.29614,572.6,505.5,0.997,0.59927,0.295,575.3,503.6,0.998,0.60815,0.29491,583.8,503.4,0.994,0.59215,0.30541,568.5,521.3,0.993,0.59494,0.30556,571.1,521.6,0.988,0.60925,0.30825,584.9,526.2,1.0,0.66599,0.31994,639.4,546.1,0.999,0.54784,0.34355,525.9,586.4,0.871,0.63624,0.36533,610.8,623.6,0.008,0.49282,0.33463,473.1,571.2,0.551,0.5864,0.36159,562.9,617.2,0.005,0.47291,0.33362,454.0,569.5,0.546,0.57112,0.35935,548.3,613.4,0.01,0.48273,0.32797,463.4,559.9,0.546,0.5655,0.35293,542.9,602.4,0.009,0.48971,0.32858,470.1,560.9,0.414,0.56986,0.3544,547.1,605.0,0.009,0.55991,0.41267,537.5,704.4,1.0,0.60791,0.42138,583.6,719.3,0.999,0.49025,0.48162,470.6,822.1,0.657,0.54174,0.46756,520.1,798.1,0.033,0.48598,0.55905,466.5,954.3,0.745,0.52373,0.50541,502.8,862.7,0.093,0.49738,0.57531,477.5,982.1,0.751,0.52874,0.53885,507.6,919.8,0.275,0.43022,0.56207,413.0,959.5,0.609,0.48249,0.51844,463.2,885.0,0.084
634,17.509,960,1707,0.58816,0.30278,564.6,516.8,0.997,0.58924,0.29715,565.7,507.2,0.996,0.58949,0.29668,565.9,506.4,0.996,0.58956,0.29619,566.0,505.6,0.997,0.59232,0.29741,568.6,507.7,0.996,0.59467,0.29702,570.9,507.0,0.996,0.59691,0.29651,573.0,506.1,0.997,0.59909,0.29549,575.1,504.4,0.998,0.60851,0.29526,584.2,504.0,0.994,0.59218,0.30595,568.5,522.3,0.992,0.59523,0.30608,571.4,522.5,0.987,0.60866,0.30916,584.3,527.7,1.0,0.66593,0.32007,639.3,546.4,0.999,0.54789,0.34421,526.0,587.6,0.873,0.63593,0.36509,610.5,623.2,0.01,0.49374,0.33467,474.0,571.3,0.53,0.58524,0.36215,561.8,618.2,0.005,0.47342,0.33364,454.5,569.5,0.525,0.56967,0.36059,546.9,615.5,0.009,0.4831,0.32787,463.8,559.7,0.525,0.56548,0.35286,542.9,602.3,0.009,0.49035,0.32847,470.7,560.7,0.394,0.57004,0.35419,547.2,604.6,0.008,0.55924,0.41355,536.9,705.9,1.0,0.60742,0.42257,583.1,721.3,0.999,0.48994,0.48259,470.3,823.8,0.651,0.54049,0.46786,518.9,798.6,0.031,0.48593,0.55966,466.5,955.3,0.745,0.52197,0.51299,501.1,875.7,0.087,0.49663,0.57585,476.8,983.0,0.754,0.52734,0.5437,506.2,928.1,0.264,0.43,0.56187,412.8,959.1,0.603,0.47953,0.52419,460.3,894.8,0.078
635,17.537,960,1707,0.589,0.30296,565.4,517.1,0.997,0.58979,0.29744,566.2,507.7,0.996,0.58979,0.29697,566.2,506.9,0.996,0.58968,0.29646,566.1,506.1,0.997,0.59349,0.29769,569.7,508.2,0.996,0.59597,0.2973,572.1,507.5,0.996,0.59838,0.29678,574.4,506.6,0.996,0.59874,0.29592,574.8,505.1,0.998,0.60912,0.29566,584.8,504.7,0.993,0.59235,0.30613,568.7,522.6,0.991,0.59596,0.30634,572.1,522.9,0.985,0.60729,0.31002,583.0,529.2,1.0,0.6658,0.32041,639.2,546.9,0.999,0.54817,0.34493,526.2,588.8,0.868,0.63719,0.36454,611.7,622.3,0.009,0.49441,0.33477,474.6,571.5,0.505,0.58929,0.35949,565.7,613.6,0.005,0.47348,0.33371,454.5,569.6,0.503,0.57676,0.35738,553.7,610.0,0.008,0.48337,0.32763,464.0,559.3,0.503,0.57366,0.34995,550.7,597.4,0.008,0.49088,0.32817,471.2,560.2,0.371,0.57532,0.35036,552.3,598.1,0.008,0.55849,0.41427,536.2,707.2,1.0,0.60732,0.42276,583.0,721.7,0.999,0.48992,0.48262,470.3,823.8,0.641,0.5463,0.46245,524.4,789.4,0.028,0.48567,0.55975,466.2,955.5,0.743,0.52469,0.50205,503.7,857.0,0.079,0.49641,0.57633,476.6,983.8,0.751,0.52907,0.51823,507.9,884.6,0.246,0.43324,0.5622,415.9,959.7,0.602,0.48206,0.51474,462.8,878.7,0.071
636,17.565,960,1707,0.58903,0.30345,565.5,518.0,0.997,0.58985,0.29793,566.3,508.6,0.996,0.58984,0.29744,566.2,507.7,0.996,0.58969,0.29691,566.1,506.8,0.997,0.59354,0.29826,569.8,509.1,0.995,0.59601,0.29791,572.2,508.5,0.995,0.59839,0.29741,574.5,507.7,0.996,0.59859,0.29614,574.6,505.5,0.997,0.60921,0.2961,584.8,505.5,0.992,0.59238,0.30658,568.7,523.3,0.99,0.59599,0.3069,572.2,523.9,0.983,0.60735,0.30991,583.1,529.0,1.0,0.66625,0.3206,639.6,547.3,0.999,0.54767,0.34494,525.8,588.8,0.863,0.63766,0.36427,612.2,621.8,0.009,0.49446,0.33503,474.7,571.9,0.478,0.58975,0.3616,566.2,617.3,0.004,0.47356,0.33372,454.6,569.7,0.477,0.57719,0.36025,554.1,614.9,0.008,0.48343,0.32772,464.1,559.4,0.477,0.5733,0.35323,550.4,603.0,0.007,0.49095,0.32836,471.3,560.5,0.348,0.57482,0.35399,551.8,604.3,0.007,0.55855,0.41427,536.2,707.2,1.0,0.60782,0.42276,583.5,721.7,0.999,0.48956,0.48238,470.0,823.4,0.627,0.54556,0.46139,523.7,787.6,0.026,0.48552,0.55968,466.1,955.4,0.739,0.5246,0.50152,503.6,856.1,0.073,0.49622,0.5762,476.4,983.6,0.75,0.52833,0.51711,507.2,882.7,0.231,0.43259,0.56243,415.3,960.1,0.597,0.48124,0.51556,462.0,880.1,0.066
637,17.592,960,1707,0.58891,0.30362,565.4,518.3,0.996,0.58964,0.2981,566.1,508.9,0.995,0.58958,0.29761,566.0,508.0,0.995,0.58936,0.29707,565.8,507.1,0.997,0.59342,0.29847,569.7,509.5,0.995,0.59592,0.29816,572.1,509.0,0.995,0.59833,0.29769,574.4,508.2,0.996,0.5981,0.29616,574.2,505.5,0.997,0.60932,0.29627,584.9,505.7,0.991,0.59228,0.30668,568.6,523.5,0.989,0.596,0.30709,572.2,524.2,0.982,0.60681,0.30983,582.5,528.9,1.0,0.66702,0.32111,640.3,548.1,0.999,0.54689,0.34494,525.0,588.8,0.866,0.63952,0.36358,613.9,620.6,0.01,0.49453,0.33543,474.7,572.6,0.463,0.59188,0.36318,568.2,620.0,0.004,0.47367,0.33374,454.7,569.7,0.462,0.57967,0.36291,556.5,619.5,0.007,0.48384,0.32809,464.5,560.0,0.462,0.57292,0.35819,550.0,611.4,0.007,0.49136,0.32889,471.7,561.4,0.333,0.57441,0.35749,551.4,610.2,0.006,0.55823,0.41419,535.9,707.0,1.0,0.60762,0.42289,583.3,721.9,0.999,0.49113,0.48209,471.5,822.9,0.619,0.54454,0.46292,522.8,790.2,0.023,0.48412,0.55972,464.8,955.4,0.736,0.5237,0.5079,502.8,867.0,0.067,0.49355,0.57681,473.8,984.6,0.75,0.5239,0.52644,502.9,898.6,0.219,0.43187,0.56234,414.6,959.9,0.589,0.4782,0.51934,459.1,886.5,0.061
638,17.62,960,1707,0.58886,0.30338,565.3,517.9,0.996,0.58961,0.29791,566.0,508.5,0.995,0.58955,0.29743,566.0,507.7,0.996,0.58931,0.2969,565.7,506.8,0.997,0.59338,0.29826,569.6,509.1,0.995,0.59589,0.29794,572.1,508.6,0.995,0.59829,0.29747,574.4,507.8,0.996,0.59768,0.29604,573.8,505.3,0.997,0.60939,0.29616,585.0,505.6,0.991,0.59224,0.30647,568.6,523.1,0.99,0.596,0.30687,572.2,523.8,0.982,0.60598,0.30978,581.7,528.8,1.0,0.66708,0.32125,640.4,548.4,0.999,0.54443,0.34523,522.6,589.3,0.869,0.63919,0.36352,613.6,620.5,0.01,0.49449,0.33568,474.7,573.0,0.459,0.58957,0.36301,566.0,619.7,0.004,0.47357,0.3338,454.6,569.8,0.457,0.57599,0.36223,552.9,618.3,0.007,0.48394,0.32815,464.6,560.1,0.457,0.57252,0.35693,549.6,609.3,0.006,0.4914,0.32901,471.7,561.6,0.326,0.57383,0.35655,550.9,608.6,0.006,0.55818,0.41429,535.9,707.2,1.0,0.60752,0.42303,583.2,722.1,0.999,0.49156,0.48207,471.9,822.9,0.626,0.54247,0.46343,520.8,791.1,0.022,0.48358,0.55977,464.2,955.5,0.746,0.52136,0.51057,500.5,871.6,0.064,0.49289,0.57693,473.2,984.8,0.759,0.51597,0.53383,495.3,911.2,0.212,0.43126,0.56237,414.0,960.0,0.599,0.46977,0.51997,451.0,887.6,0.057
639,17.648,960,1707,0.58887,0.3037,565.3,518.4,0.996,0.58964,0.29828,566.1,509.2,0.994,0.58957,0.29781,566.0,508.4,0.995,0.58934,0.29727,565.8,507.4,0.996,0.59341,0.29869,569.7,509.9,0.994,0.59591,0.29843,572.1,509.4,0.994,0.59831,0.29801,574.4,508.7,0.995,0.59762,0.29631,573.7,505.8,0.997,0.60944,0.29664,585.1,506.4,0.99,0.59225,0.30686,568.6,523.8,0.988,0.59601,0.30737,572.2,524.7,0.98,0.60601,0.30966,581.8,528.6,1.0,0.66722,0.32146,640.5,548.7,0.999,0.54452,0.34512,522.7,589.1,0.87,0.63915,0.36317,613.6,619.9,0.01,0.49449,0.33597,474.7,573.5,0.453,0.58944,0.36346,565.9,620.4,0.003,0.47341,0.33406,454.5,570.2,0.452,0.57594,0.36285,552.9,619.4,0.006,0.48404,0.3282,464.7,560.2,0.452,0.57217,0.35679,549.3,609.0,0.006,0.49147,0.32909,471.8,561.8,0.319,0.57179,0.35724,548.9,609.8,0.006,0.55771,0.41464,535.4,707.8,1.0,0.60597,0.4233,581.7,722.6,0.999,0.49165,0.48208,472.0,822.9,0.622,0.53881,0.46415,517.3,792.3,0.02,0.48349,0.56019,464.1,956.2,0.749,0.51836,0.51057,497.6,871.5,0.06,0.49284,0.57762,473.1,986.0,0.763,0.514,0.53415,493.4,911.8,0.203,0.43101,0.56237,413.8,960.0,0.598,0.46715,0.52131,448.5,889.9,0.053
640,17.675,960,1707,0.58888,0.30371,565.3,518.4,0.994,0.58967,0.29833,566.1,509.2,0.992,0.5896,0.29787,566.0,508.5,0.992,0.58936,0.29734,565.8,507.6,0.994,0.59342,0.29872,569.7,509.9,0.992,0.59592,0.29848,572.1,509.5,0.991,0.59828,0.29806,574.3,508.8,0.993,0.59744,0.29638,573.5,505.9,0.995,0.60949,0.2967,585.1,506.5,0.987,0.59226,0.30688,568.6,523.8,0.985,0.59602,0.30741,572.2,524.7,0.975,0.60518,0.30928,581.0,527.9,1.0,0.66724,0.32155,640.6,548.9,0.999,0.54462,0.34461,522.8,588.3,0.874,0.63992,0.36287,614.3,619.4,0.01,0.49465,0.33599,474.9,573.5,0.455,0.59057,0.3636,567.0,620.7,0.003,0.4736,0.33408,454.7,570.3,0.455,0.57854,0.36363,555.4,620.7,0.006,0.48438,0.32839,465.0,560.6,0.454,0.57479,0.35716,551.8,609.7,0.005,0.49168,0.32933,472.0,562.2,0.317,0.57212,0.35774,549.2,610.7,0.005,0.55744,0.41459,535.1,707.7,1.0,0.60599,0.4233,581.8,722.6,0.999,0.49151,0.48198,471.8,822.7,0.617,0.53785,0.46438,516.3,792.7,0.019,0.48346,0.56018,464.1,956.2,0.748,0.50528,0.52621,485.1,898.2,0.056,0.49283,0.57775,473.1,986.2,0.767,0.50555,0.54144,485.3,924.2,0.198,0.43096,0.56248,413.7,960.1,0.595,0.45955,0.52381,441.2,894.1,0.051
641,17.703,960,1707,0.58906,0.30361,565.5,518.3,0.994,0.58987,0.29821,566.3,509.0,0.991,0.58981,0.29775,566.2,508.3,0.992,0.58956,0.29722,566.0,507.4,0.994,0.5935,0.2986,569.8,509.7,0.991,0.59594,0.29836,572.1,509.3,0.991,0.59829,0.29794,574.4,508.6,0.992,0.59745,0.2963,573.6,505.8,0.995,0.60953,0.29661,585.2,506.3,0.987,0.59243,0.30678,568.7,523.7,0.985,0.59607,0.3073,572.2,524.6,0.974,0.60522,0.30837,581.0,526.4,1.0,0.6672,0.32154,640.5,548.9,0.999,0.54539,0.34455,523.6,588.1,0.882,0.6398,0.36267,614.2,619.1,0.011,0.49478,0.33601,475.0,573.6,0.473,0.59101,0.36643,567.4,625.5,0.003,0.47414,0.33409,455.2,570.3,0.472,0.57973,0.36822,556.5,628.5,0.006,0.48475,0.32847,465.4,560.7,0.471,0.57517,0.36013,552.2,614.8,0.005,0.49187,0.3294,472.2,562.3,0.33,0.57251,0.36231,549.6,618.5,0.005,0.55738,0.41455,535.1,707.6,1.0,0.60575,0.42335,581.5,722.7,0.999,0.49205,0.48181,472.4,822.4,0.626,0.53363,0.46663,512.3,796.5,0.019,0.48307,0.56008,463.8,956.1,0.757,0.50067,0.53435,480.6,912.1,0.056,0.49235,0.5779,472.7,986.5,0.776,0.50336,0.54961,483.2,938.2,0.201,0.42703,0.56248,409.9,960.1,0.606,0.45293,0.52966,434.8,904.1,0.051
642,17.73,960,1707,0.58929,0.30331,565.7,517.8,0.994,0.59017,0.29806,566.6,508.8,0.991,0.59009,0.29764,566.5,508.1,0.992,0.58982,0.29713,566.2,507.2,0.994,0.59369,0.29842,569.9,509.4,0.991,0.59607,0.29819,572.2,509.0,0.991,0.59836,0.29778,574.4,508.3,0.992,0.59746,0.29627,573.6,505.7,0.995,0.60957,0.29657,585.2,506.2,0.987,0.59261,0.30655,568.9,523.3,0.985,0.59614,0.3071,572.3,524.2,0.975,0.60518,0.30787,581.0,525.5,1.0,0.66689,0.32146,640.2,548.7,0.999,0.54555,0.34454,523.7,588.1,0.885,0.63975,0.36264,614.2,619.0,0.01,0.49477,0.33601,475.0,573.6,0.488,0.59088,0.36807,567.2,628.3,0.003,0.47418,0.3341,455.2,570.3,0.485,0.58049,0.37033,557.3,632.1,0.006,0.48481,0.32849,465.4,560.7,0.485,0.57457,0.36519,551.6,623.4,0.005,0.49186,0.32942,472.2,562.3,0.341,0.57245,0.36504,549.6,623.1,0.005,0.55765,0.41475,535.3,708.0,1.0,0.60547,0.4234,581.3,722.7,0.999,0.49197,0.4819,472.3,822.6,0.637,0.53094,0.46862,509.7,799.9,0.019,0.48168,0.56082,462.4,957.3,0.763,0.50164,0.54008,481.6,921.9,0.056,0.49051,0.57954,470.9,989.3,0.781,0.50535,0.54885,485.1,936.9,0.204,0.42084,0.56252,404.0,960.2,0.613,0.45304,0.53482,434.9,912.9,0.051
643,17.758,960,1707,0.58953,0.30112,566.0,514.0,0.994,0.59052,0.29626,566.9,505.7,0.991,0.59045,0.29588,566.8,505.1,0.991,0.59017,0.29539,566.6,504.2,0.994,0.59396,0.29647,570.2,506.1,0.991,0.59629,0.2962,572.4,505.6,0.991,0.59852,0.29575,574.6,504.8,0.992,0.59747,0.29519,573.6,503.9,0.995,0.6096,0.29513,585.2,503.8,0.987,0.59285,0.30462,569.1,520.0,0.985,0.59629,0.30505,572.4,520.7,0.975,0.60507,0.30731,580.9,524.6,1.0,0.66647,0.32106,639.8,548.0,0.999,0.54583,0.34455,524.0,588.2,0.886,0.63957,0.36265,614.0,619.1,0.01,0.49476,0.33605,475.0,573.6,0.499,0.59167,0.37278,568.0,636.3,0.004,0.47419,0.33421,455.2,570.5,0.496,0.5835,0.37599,560.2,641.8,0.006,0.48495,0.32854,465.6,560.8,0.496,0.57433,0.3721,551.4,635.2,0.006,0.49189,0.32947,472.2,562.4,0.348,0.57244,0.37091,549.5,633.1,0.006,0.55878,0.41472,536.4,707.9,1.0,0.60568,0.42338,581.5,722.7,0.999,0.49228,0.4826,472.6,823.8,0.631,0.53131,0.4746,510.1,810.1,0.018,0.48004,0.56178,460.8,959.0,0.754,0.50315,0.54627,483.0,932.5,0.055,0.4893,0.58011,469.7,990.3,0.773,0.5066,0.55337,486.3,944.6,0.2,0.41702,0.56347,400.3,961.8,0.599,0.45492,0.54263,436.7,926.3,0.049
644,17.786,960,1707,0.58946,0.30007,565.9,512.2,0.994,0.59047,0.29528,566.9,504.0,0.991,0.59042,0.29495,566.8,503.5,0.992,0.59015,0.29453,566.5,502.8,0.994,0.59385,0.29541,570.1,504.3,0.991,0.59619,0.29513,572.3,503.8,0.991,0.5984,0.29468,574.5,503.0,0.993,0.59742,0.29449,573.5,502.7,0.995,0.60961,0.29424,585.2,502.3,0.987,0.59285,0.30378,569.1,518.5,0.985,0.5962,0.30403,572.4,519.0,0.976,0.60491,0.30701,580.7,524.1,1.0,0.6664,0.32077,639.7,547.6,0.999,0.5458,0.34453,524.0,588.1,0.894,0.63946,0.36272,613.9,619.2,0.012,0.49488,0.33621,475.1,573.9,0.524,0.59173,0.37706,568.1,643.6,0.003,0.47446,0.3344,455.5,570.8,0.519,0.58331,0.3806,560.0,649.7,0.006,0.48533,0.32898,465.9,561.6,0.519,0.57374,0.37654,550.8,642.8,0.005,0.49203,0.32983,472.4,563.0,0.369,0.57246,0.37491,549.6,640.0,0.005,0.55939,0.41492,537.0,708.3,1.0,0.60567,0.42375,581.4,723.3,0.999,0.49384,0.48269,474.1,824.0,0.645,0.53095,0.47473,509.7,810.4,0.02,0.48001,0.56169,460.8,958.8,0.765,0.50419,0.54391,484.0,928.4,0.061,0.48937,0.57994,469.8,990.0,0.784,0.50968,0.55726,489.3,951.2,0.221,0.41745,0.56393,400.8,962.6,0.612,0.45744,0.54665,439.1,933.1,0.054
645,17.813,960,1707,0.58888,0.29999,565.3,512.1,0.994,0.58985,0.29512,566.3,503.8,0.991,0.58982,0.29481,566.2,503.2,0.992,0.58955,0.29439,566.0,502.5,0.994,0.59315,0.29524,569.4,504.0,0.991,0.59547,0.29496,571.7,503.5,0.991,0.59767,0.2945,573.8,502.7,0.993,0.59688,0.29428,573.0,502.3,0.995,0.60919,0.29397,584.8,501.8,0.988,0.59244,0.30366,568.7,518.3,0.985,0.59563,0.30385,571.8,518.7,0.976,0.60451,0.30697,580.3,524.0,1.0,0.66638,0.32035,639.7,546.8,0.999,0.54581,0.34442,524.0,587.9,0.901,0.63957,0.36273,614.0,619.2,0.013,0.49489,0.33632,475.1,574.1,0.549,0.59458,0.38195,570.8,652.0,0.003,0.47448,0.33467,455.5,571.3,0.542,0.58469,0.38615,561.3,659.2,0.005,0.48514,0.32903,465.7,561.7,0.542,0.57452,0.38258,551.5,653.1,0.005,0.49194,0.32989,472.3,563.1,0.389,0.57471,0.38069,551.7,649.8,0.005,0.56073,0.41517,538.3,708.7,1.0,0.60622,0.42411,582.0,724.0,0.999,0.49508,0.48267,475.3,823.9,0.639,0.5314,0.47523,510.1,811.2,0.02,0.48047,0.56149,461.3,958.5,0.763,0.50639,0.54411,486.1,928.8,0.06,0.48999,0.57972,470.4,989.6,0.788,0.51232,0.55894,491.8,954.1,0.224,0.41638,0.56391,399.7,962.6,0.614,0.46356,0.54789,445.0,935.2,0.054
646,17.841,960,1707,0.58796,0.30003,564.4,512.2,0.994,0.58896,0.29513,565.4,503.8,0.991,0.58902,0.29482,565.5,503.3,0.992,0.58882,0.2944,565.3,502.5,0.994,0.59205,0.29526,568.4,504.0,0.991,0.59434,0.29497,570.6,503.5,0.991,0.59648,0.29452,572.6,502.7,0.993,0.5964,0.2942,572.5,502.2,0.995,0.60847,0.29389,584.1,501.7,0.987,0.5917,0.30368,568.0,518.4,0.985,0.59468,0.30388,570.9,518.7,0.976,0.60438,0.30697,580.2,524.0,1.0,0.66634,0.31987,639.7,546.0,0.999,0.54582,0.34445,524.0,588.0,0.902,0.63952,0.36273,613.9,619.2,0.012,0.49491,0.33648,475.1,574.4,0.573,0.59729,0.38335,573.4,654.4,0.004,0.47448,0.335,455.5,571.9,0.566,0.59026,0.38767,566.7,661.8,0.006,0.48503,0.32911,465.6,561.8,0.566,0.57681,0.38451,553.7,656.4,0.006,0.49185,0.32993,472.2,563.2,0.412,0.57611,0.38281,553.1,653.5,0.006,0.56231,0.41534,539.8,709.0,1.0,0.60753,0.42427,583.2,724.2,0.999,0.49901,0.48264,479.0,823.9,0.634,0.53554,0.47956,514.1,818.6,0.019,0.48053,0.56142,461.3,958.3,0.757,0.51023,0.54482,489.8,930.0,0.059,0.49003,0.5797,470.4,989.5,0.782,0.5146,0.56064,494.0,957.0,0.222,0.41701,0.5636,400.3,962.1,0.607,0.46477,0.54804,446.2,935.5,0.053
647,17.868,960,1707,0.58759,0.30013,564.1,512.3,0.994,0.58858,0.29518,565.0,503.9,0.992,0.58864,0.29485,565.1,503.3,0.992,0.58843,0.29443,564.9,502.6,0.994,0.59167,0.2953,568.0,504.1,0.992,0.59397,0.295,570.2,503.6,0.991,0.59611,0.29452,572.3,502.7,0.993,0.59615,0.29416,572.3,502.1,0.995,0.60841,0.2938,584.1,501.5,0.988,0.59137,0.30375,567.7,518.5,0.986,0.59432,0.30391,570.5,518.8,0.977,0.60426,0.30697,580.1,524.0,1.0,0.66639,0.31875,639.7,544.1,0.999,0.54583,0.34452,524.0,588.1,0.908,0.63955,0.36184,614.0,617.7,0.013,0.49484,0.33646,475.0,574.3,0.586,0.59594,0.37231,572.1,635.5,0.004,0.47441,0.335,455.4,571.8,0.578,0.58642,0.37355,563.0,637.6,0.006,0.48461,0.32903,465.2,561.6,0.578,0.57403,0.36951,551.1,630.8,0.005,0.4915,0.32981,471.8,563.0,0.422,0.57485,0.3685,551.9,629.0,0.005,0.56484,0.41533,542.2,709.0,1.0,0.61064,0.42391,586.2,723.6,0.999,0.50215,0.48264,482.1,823.9,0.646,0.53932,0.47857,517.8,816.9,0.02,0.4827,0.56138,463.4,958.3,0.769,0.51316,0.54234,492.6,925.8,0.062,0.49231,0.57963,472.6,989.4,0.794,0.51792,0.55905,497.2,954.3,0.235,0.41896,0.56359,402.2,962.0,0.622,0.46543,0.54551,446.8,931.2,0.056
648,17.896,960,1707,0.58711,0.30018,563.6,512.4,0.994,0.58813,0.29521,564.6,503.9,0.992,0.58829,0.29487,564.8,503.4,0.992,0.58816,0.29444,564.6,502.6,0.994,0.5909,0.29532,567.3,504.1,0.992,0.59309,0.29501,569.4,503.6,0.992,0.59509,0.29453,571.3,502.8,0.993,0.59609,0.29409,572.2,502.0,0.996,0.60762,0.29371,583.3,501.4,0.988,0.59115,0.30377,567.5,518.5,0.986,0.59382,0.30392,570.1,518.8,0.978,0.60489,0.30651,580.7,523.2,1.0,0.66659,0.31752,639.9,542.0,0.999,0.54591,0.34449,524.1,588.0,0.915,0.64133,0.36162,615.7,617.3,0.014,0.49455,0.3364,474.8,574.2,0.602,0.59656,0.37236,572.7,635.6,0.003,0.47415,0.33507,455.2,572.0,0.591,0.58637,0.3736,562.9,637.7,0.006,0.48415,0.32903,464.8,561.7,0.591,0.57502,0.36974,552.0,631.2,0.005,0.49095,0.32978,471.3,562.9,0.434,0.57636,0.36852,553.3,629.1,0.005,0.5665,0.41446,543.8,707.5,1.0,0.61343,0.423,588.9,722.1,0.999,0.50563,0.48263,485.4,823.8,0.658,0.54215,0.47804,520.5,816.0,0.02,0.48472,0.56131,465.3,958.2,0.779,0.51377,0.54131,493.2,924.0,0.065,0.49317,0.57958,473.4,989.3,0.804,0.51809,0.55908,497.4,954.4,0.245,0.42086,0.56357,404.0,962.0,0.636,0.46574,0.54421,447.1,929.0,0.058
649,17.924,960,1707,0.58694,0.30016,563.5,512.4,0.994,0.58785,0.29519,564.3,503.9,0.992,0.58801,0.29484,564.5,503.3,0.993,0.58787,0.29438,564.4,502.5,0.995,0.59057,0.29532,566.9,504.1,0.992,0.59271,0.295,569.0,503.6,0.992,0.59463,0.29451,570.8,502.7,0.994,0.59595,0.29386,572.1,501.6,0.996,0.60717,0.2935,582.9,501.0,0.989,0.59101,0.30366,567.4,518.4,0.987,0.59364,0.30383,569.9,518.6,0.979,0.60492,0.30591,580.7,522.2,1.0,0.6673,0.31669,640.6,540.6,0.999,0.54602,0.34396,524.2,587.1,0.92,0.64313,0.36103,617.4,616.3,0.015,0.4944,0.3363,474.6,574.1,0.617,0.5967,0.37114,572.8,633.5,0.003,0.47396,0.33525,455.0,572.3,0.605,0.58616,0.37235,562.7,635.6,0.005,0.48351,0.32934,464.2,562.2,0.605,0.57512,0.36811,552.1,628.4,0.005,0.49041,0.32993,470.8,563.2,0.447,0.57664,0.36703,553.6,626.5,0.005,0.56806,0.41374,545.3,706.3,1.0,0.61529,0.42243,590.7,721.1,0.999,0.50925,0.4825,488.9,823.6,0.674,0.54433,0.47311,522.6,807.6,0.021,0.49023,0.56034,470.6,956.5,0.792,0.51589,0.53929,495.3,920.6,0.068,0.4976,0.57864,477.7,987.7,0.815,0.51972,0.5559,498.9,948.9,0.256,0.43118,0.56349,413.9,961.9,0.652,0.46859,0.53646,449.8,915.7,0.061
650,17.951,960,1707,0.58643,0.30012,563.0,512.3,0.994,0.58733,0.29518,563.8,503.9,0.992,0.58751,0.29482,564.0,503.3,0.993,0.58737,0.29435,563.9,502.5,0.995,0.59,0.2953,566.4,504.1,0.992,0.59212,0.29497,568.4,503.5,0.992,0.59404,0.29446,570.3,502.6,0.993,0.59567,0.2937,571.8,501.3,0.996,0.60664,0.29327,582.4,500.6,0.989,0.59061,0.30356,567.0,518.2,0.987,0.59314,0.30369,569.4,518.4,0.978,0.60498,0.30562,580.8,521.7,1.0,0.6674,0.31592,640.7,539.3,0.999,0.54564,0.34386,523.8,587.0,0.917,0.64282,0.35984,617.1,614.3,0.015,0.49378,0.33583,474.0,573.3,0.597,0.59283,0.36255,569.1,618.9,0.003,0.47369,0.33516,454.7,572.1,0.587,0.58145,0.3613,558.2,616.7,0.005,0.4828,0.32914,463.5,561.8,0.586,0.56981,0.3561,547.0,607.9,0.005,0.48982,0.32965,470.2,562.7,0.428,0.57181,0.35617,548.9,608.0,0.005,0.57032,0.41374,547.5,706.3,1.0,0.61605,0.42193,591.4,720.2,0.999,0.50833,0.4823,488.0,823.3,0.667,0.54734,0.46814,525.4,799.1,0.019,0.50092,0.55867,480.9,953.6,0.786,0.52617,0.51585,505.1,880.6,0.064,0.5102,0.57542,489.8,982.2,0.812,0.53309,0.5427,511.8,926.4,0.245,0.44889,0.56132,430.9,958.2,0.642,0.48467,0.52153,465.3,890.2,0.057
651,17.979,960,1707,0.58562,0.29906,562.2,510.5,0.995,0.58676,0.29424,563.3,502.3,0.993,0.58695,0.29389,563.5,501.7,0.993,0.58683,0.29343,563.4,500.9,0.995,0.58939,0.29423,565.8,502.3,0.993,0.5915,0.29382,567.8,501.5,0.993,0.59345,0.29321,569.7,500.5,0.994,0.59502,0.29283,571.2,499.9,0.996,0.60603,0.29207,581.8,498.6,0.989,0.58979,0.30241,566.2,516.2,0.987,0.59218,0.30254,568.5,516.4,0.979,0.60498,0.30535,580.8,521.2,1.0,0.66705,0.31487,640.4,537.5,0.999,0.54566,0.34387,523.8,587.0,0.912,0.64075,0.35982,615.1,614.2,0.014,0.49385,0.33584,474.1,573.3,0.578,0.58648,0.36197,563.0,617.9,0.003,0.47369,0.33522,454.7,572.2,0.57,0.57362,0.36103,550.7,616.3,0.005,0.48281,0.32911,463.5,561.8,0.57,0.56171,0.356,539.2,607.7,0.004,0.48983,0.32963,470.2,562.7,0.412,0.56424,0.35621,541.7,608.0,0.005,0.56979,0.41456,547.0,707.7,1.0,0.61553,0.42191,590.9,720.2,0.999,0.50898,0.4823,488.6,823.3,0.667,0.55286,0.46426,530.7,792.5,0.018,0.50801,0.55792,487.7,952.4,0.786,0.53519,0.50404,513.8,860.4,0.06,0.51858,0.5741,497.8,980.0,0.811,0.54317,0.53281,521.4,909.5,0.237,0.46054,0.55992,442.1,955.8,0.638,0.49424,0.51243,474.5,874.7,0.053
652,18.007,960,1707,0.58514,0.2977,561.7,508.2,0.995,0.58626,0.29309,562.8,500.3,0.993,0.58635,0.29278,562.9,499.8,0.994,0.58616,0.29237,562.7,499.1,0.995,0.58909,0.2929,565.5,500.0,0.993,0.59127,0.29243,567.6,499.2,0.993,0.5933,0.29178,569.6,498.1,0.994,0.59358,0.29203,569.8,498.5,0.996,0.60575,0.29096,581.5,496.7,0.99,0.58905,0.30114,565.5,514.0,0.988,0.59161,0.30119,567.9,514.1,0.98,0.60403,0.30517,579.9,520.9,1.0,0.66698,0.31325,640.3,534.7,0.999,0.54574,0.34394,523.9,587.1,0.916,0.64084,0.35889,615.2,612.6,0.014,0.49407,0.33585,474.3,573.3,0.596,0.58654,0.36287,563.1,619.4,0.003,0.47382,0.33527,454.9,572.3,0.589,0.57383,0.36267,550.9,619.1,0.005,0.48281,0.32913,463.5,561.8,0.59,0.56295,0.35766,540.4,610.5,0.004,0.48991,0.32965,470.3,562.7,0.43,0.56507,0.35754,542.5,610.3,0.004,0.56936,0.41502,546.6,708.4,1.0,0.61581,0.42192,591.2,720.2,0.999,0.51131,0.48229,490.9,823.3,0.681,0.55662,0.46203,534.4,788.7,0.017,0.50894,0.55664,488.6,950.2,0.795,0.53823,0.50464,516.7,861.4,0.058,0.51895,0.57334,498.2,978.7,0.819,0.54612,0.53626,524.3,915.4,0.231,0.46229,0.55561,443.8,948.4,0.651,0.49665,0.51656,476.8,881.8,0.051
653,18.034,960,1707,0.58509,0.29738,561.7,507.6,0.995,0.58609,0.29278,562.6,499.8,0.994,0.58612,0.29246,562.7,499.2,0.994,0.58585,0.29203,562.4,498.5,0.996,0.58907,0.29266,565.5,499.6,0.994,0.59129,0.2922,567.6,498.8,0.993,0.59335,0.29157,569.6,497.7,0.994,0.59324,0.29145,569.5,497.5,0.997,0.60578,0.29062,581.5,496.1,0.991,0.58896,0.30072,565.4,513.3,0.989,0.59165,0.30081,568.0,513.5,0.981,0.60375,0.30486,579.6,520.4,1.0,0.66679,0.31329,640.1,534.8,0.999,0.54425,0.34365,522.5,586.6,0.921,0.64266,0.35877,617.0,612.4,0.014,0.49134,0.3355,471.7,572.7,0.612,0.59203,0.3638,568.4,621.0,0.003,0.47065,0.33537,451.8,572.5,0.604,0.58047,0.36365,557.3,620.8,0.004,0.47765,0.32915,458.5,561.9,0.604,0.56992,0.35858,547.1,612.1,0.004,0.48516,0.32963,465.8,562.7,0.441,0.57185,0.35859,549.0,612.1,0.004,0.56971,0.41513,546.9,708.6,1.0,0.61582,0.42181,591.2,720.0,0.999,0.51609,0.48259,495.4,823.8,0.689,0.55479,0.46512,532.6,794.0,0.018,0.50811,0.55696,487.8,950.7,0.805,0.53436,0.52973,513.0,904.2,0.06,0.5182,0.5734,497.5,978.8,0.827,0.54127,0.54464,519.6,929.7,0.239,0.46162,0.55627,443.2,949.6,0.665,0.4952,0.52714,475.4,899.8,0.053
654,18.062,960,1707,0.5851,0.29687,561.7,506.8,0.996,0.58602,0.29241,562.6,499.1,0.994,0.586,0.29208,562.6,498.6,0.994,0.58567,0.29164,562.2,497.8,0.996,0.58909,0.29224,565.5,498.8,0.994,0.59133,0.29175,567.7,498.0,0.994,0.59338,0.29107,569.6,496.9,0.995,0.59273,0.29106,569.0,496.8,0.997,0.6058,0.29019,581.6,495.4,0.991,0.58896,0.30015,565.4,512.4,0.99,0.59167,0.30019,568.0,512.4,0.983,0.60323,0.30436,579.1,519.5,1.0,0.66659,0.31294,639.9,534.2,0.999,0.54345,0.34351,521.7,586.4,0.927,0.64435,0.35886,618.6,612.6,0.016,0.49072,0.33544,471.1,572.6,0.644,0.6006,0.37458,576.6,639.4,0.003,0.47001,0.33538,451.2,572.5,0.635,0.58999,0.37879,566.4,646.6,0.005,0.47731,0.32915,458.2,561.9,0.635,0.57854,0.3747,555.4,639.6,0.004,0.48483,0.32963,465.4,562.7,0.48,0.58006,0.37299,556.9,636.7,0.004,0.56951,0.41582,546.7,709.8,1.0,0.61569,0.42185,591.1,720.1,0.999,0.51908,0.4842,498.3,826.5,0.712,0.55819,0.46662,535.9,796.5,0.02,0.50774,0.55738,487.4,951.4,0.821,0.53394,0.52981,512.6,904.4,0.067,0.51693,0.57392,496.3,979.7,0.841,0.53961,0.5449,518.0,930.1,0.258,0.46102,0.55648,442.6,949.9,0.69,0.49074,0.52739,471.1,900.3,0.058
655,18.089,960,1707,0.58516,0.29653,561.8,506.2,0.995,0.58603,0.29214,562.6,498.7,0.994,0.58601,0.29182,562.6,498.1,0.994,0.58567,0.29137,562.2,497.4,0.996,0.58925,0.29198,565.7,498.4,0.994,0.59159,0.29151,567.9,497.6,0.994,0.59379,0.29086,570.0,496.5,0.995,0.59227,0.29076,568.6,496.3,0.997,0.60601,0.29007,581.8,495.2,0.991,0.58897,0.29993,565.4,512.0,0.99,0.59175,0.29997,568.1,512.1,0.983,0.60186,0.30404,577.8,519.0,1.0,0.66618,0.31279,639.5,533.9,0.999,0.54121,0.34351,519.6,586.4,0.933,0.65553,0.36001,629.3,614.5,0.017,0.49082,0.33544,471.2,572.6,0.671,0.60407,0.38088,579.9,650.2,0.003,0.47036,0.33521,451.5,572.2,0.66,0.5941,0.38667,570.3,660.1,0.005,0.47766,0.32891,458.6,561.4,0.66,0.58246,0.38302,559.2,653.8,0.004,0.48492,0.32944,465.5,562.3,0.507,0.58355,0.38049,560.2,649.5,0.005,0.56988,0.4158,547.1,709.8,1.0,0.61736,0.42183,592.7,720.1,0.999,0.52044,0.48461,499.6,827.2,0.728,0.55882,0.47257,536.5,806.7,0.021,0.50607,0.55913,485.8,954.4,0.831,0.53255,0.53575,511.2,914.5,0.071,0.51538,0.57606,494.8,983.3,0.85,0.53915,0.55138,517.6,941.2,0.269,0.45954,0.55615,441.2,949.3,0.704,0.48916,0.53037,469.6,905.3,0.061
656,18.117,960,1707,0.58561,0.29658,562.2,506.3,0.995,0.58624,0.29211,562.8,498.6,0.994,0.58612,0.29179,562.7,498.1,0.994,0.5857,0.29133,562.3,497.3,0.996,0.58983,0.292,566.2,498.4,0.993,0.59233,0.29156,568.6,497.7,0.993,0.59474,0.29092,571.0,496.6,0.994,0.59225,0.29074,568.6,496.3,0.997,0.60683,0.29015,582.6,495.3,0.991,0.5892,0.30002,565.6,512.1,0.99,0.59236,0.30008,568.7,512.2,0.983,0.6007,0.30407,576.7,519.0,1.0,0.66584,0.31302,639.2,534.3,0.999,0.54133,0.34382,519.7,586.9,0.938,0.65142,0.36042,625.4,615.2,0.018,0.49111,0.33564,471.5,572.9,0.693,0.60316,0.37991,579.0,648.5,0.003,0.4707,0.33521,451.9,572.2,0.681,0.59367,0.38485,569.9,656.9,0.005,0.47826,0.32885,459.1,561.3,0.68,0.58273,0.38082,559.4,650.1,0.004,0.48546,0.32943,466.0,562.3,0.529,0.58336,0.37859,560.0,646.3,0.005,0.57095,0.41563,548.1,709.5,1.0,0.62016,0.42179,595.4,720.0,0.999,0.52158,0.48485,500.7,827.6,0.745,0.55753,0.47501,535.2,810.8,0.026,0.50597,0.56188,485.7,959.1,0.843,0.53245,0.53714,511.2,916.9,0.09,0.51468,0.57852,494.1,987.5,0.859,0.53842,0.55362,516.9,945.0,0.299,0.4598,0.55633,441.4,949.7,0.722,0.48763,0.53518,468.1,913.6,0.075
657,18.145,960,1707,0.5856,0.29655,562.2,506.2,0.995,0.58623,0.29209,562.8,498.6,0.993,0.5861,0.29177,562.7,498.1,0.994,0.58566,0.29131,562.2,497.3,0.996,0.58982,0.29197,566.2,498.4,0.993,0.59233,0.29154,568.6,497.7,0.993,0.59474,0.2909,570.9,496.6,0.994,0.59207,0.29077,568.4,496.3,0.997,0.60677,0.29017,582.5,495.3,0.991,0.58912,0.29998,565.6,512.1,0.99,0.59233,0.30005,568.6,512.2,0.983,0.59846,0.30408,574.5,519.1,1.0,0.66541,0.31313,638.8,534.5,0.999,0.54034,0.34464,518.7,588.3,0.943,0.65109,0.3606,625.0,615.5,0.019,0.49117,0.33564,471.5,572.9,0.713,0.60424,0.37981,580.1,648.3,0.003,0.47078,0.33513,451.9,572.1,0.701,0.59558,0.38468,571.8,656.7,0.005,0.47845,0.32862,459.3,561.0,0.7,0.58464,0.38061,561.3,649.7,0.004,0.48562,0.32933,466.2,562.2,0.551,0.5849,0.3783,561.5,645.8,0.005,0.57206,0.41541,549.2,709.1,1.0,0.62299,0.42151,598.1,719.5,0.999,0.52215,0.48517,501.3,828.2,0.76,0.55816,0.47625,535.8,813.0,0.031,0.50609,0.56366,485.8,962.2,0.854,0.52834,0.53945,507.2,920.8,0.108,0.51486,0.57983,494.3,989.8,0.868,0.53321,0.55761,511.9,951.8,0.326,0.46034,0.55801,441.9,952.5,0.737,0.48699,0.54091,467.5,923.3,0.09
658,18.172,960,1707,0.58561,0.29646,562.2,506.1,0.995,0.586,0.29209,562.6,498.6,0.993,0.58565,0.2918,562.2,498.1,0.993,0.58495,0.29134,561.5,497.3,0.995,0.58983,0.29192,566.2,498.3,0.993,0.59237,0.29148,568.7,497.6,0.993,0.59488,0.29084,571.1,496.5,0.994,0.58985,0.29079,566.3,496.4,0.997,0.60679,0.2902,582.5,495.4,0.99,0.58892,0.29992,565.4,512.0,0.99,0.59238,0.29996,568.7,512.0,0.983,0.59578,0.30408,572.0,519.1,1.0,0.66523,0.31273,638.6,533.8,0.999,0.54034,0.34507,518.7,589.0,0.947,0.64948,0.36042,623.5,615.2,0.02,0.49124,0.33595,471.6,573.5,0.729,0.60418,0.37877,580.0,646.6,0.003,0.47083,0.33515,452.0,572.1,0.715,0.59565,0.38296,571.8,653.7,0.005,0.47891,0.32849,459.8,560.7,0.714,0.58474,0.37877,561.4,646.6,0.004,0.48594,0.32925,466.5,562.0,0.565,0.58488,0.3768,561.5,643.2,0.005,0.57261,0.41492,549.7,708.3,1.0,0.62466,0.42126,599.7,719.1,0.999,0.52192,0.48552,501.0,828.8,0.774,0.55945,0.4775,537.1,815.1,0.036,0.50675,0.56466,486.5,963.9,0.862,0.52517,0.54256,504.2,926.2,0.125,0.51501,0.58028,494.4,990.5,0.875,0.53051,0.55934,509.3,954.8,0.349,0.46133,0.5591,442.9,954.4,0.749,0.48611,0.54321,466.7,927.3,0.102
659,18.2,960,1707,0.58493,0.2965,561.5,506.1,0.995,0.58504,0.29218,561.6,498.8,0.993,0.58464,0.29191,561.3,498.3,0.994,0.58389,0.29148,560.5,497.6,0.996,0.58907,0.29197,565.5,498.4,0.993,0.59169,0.29153,568.0,497.6,0.993,0.59427,0.29088,570.5,496.5,0.994,0.58899,0.29097,565.4,496.7,0.997,0.60648,0.29021,582.2,495.4,0.991,0.58826,0.29999,564.7,512.1,0.991,0.59206,0.30001,568.4,512.1,0.984,0.59413,0.30421,570.4,519.3,1.0,0.66522,0.31253,638.6,533.5,0.999,0.53993,0.34507,518.3,589.0,0.95,0.65474,0.36046,628.6,615.3,0.021,0.49126,0.33601,471.6,573.6,0.734,0.60743,0.37521,583.1,640.5,0.003,0.47126,0.33515,452.4,572.1,0.719,0.59964,0.37903,575.6,647.0,0.005,0.47969,0.32849,460.5,560.7,0.717,0.59016,0.37482,566.5,639.8,0.004,0.48663,0.32925,467.2,562.0,0.567,0.58968,0.37283,566.1,636.4,0.005,0.57324,0.41484,550.3,708.1,1.0,0.62659,0.42126,601.5,719.1,0.999,0.52112,0.48701,500.3,831.3,0.788,0.56144,0.47806,539.0,816.1,0.044,0.50745,0.56596,487.1,966.1,0.87,0.52485,0.54332,503.9,927.4,0.144,0.51545,0.58134,494.8,992.4,0.881,0.53048,0.55911,509.3,954.4,0.374,0.46228,0.56009,443.8,956.1,0.759,0.4858,0.54483,466.4,930.0,0.115
660,18.228,960,1707,0.5843,0.29653,560.9,506.2,0.995,0.58449,0.29219,561.1,498.8,0.993,0.58412,0.29193,560.8,498.3,0.993,0.58342,0.2915,560.1,497.6,0.995,0.58845,0.29199,564.9,498.4,0.993,0.59103,0.29155,567.4,497.7,0.993,0.59358,0.29091,569.8,496.6,0.994,0.5889,0.29099,565.3,496.7,0.997,0.60599,0.29022,581.8,495.4,0.99,0.58773,0.30001,564.2,512.1,0.99,0.59159,0.30004,567.9,512.2,0.984,0.59352,0.30421,569.8,519.3,1.0,0.66471,0.31214,638.1,532.8,0.999,0.53957,0.3449,518.0,588.8,0.953,0.65669,0.36029,630.4,615.0,0.021,0.49131,0.33555,471.7,572.8,0.743,0.60986,0.37518,585.5,640.4,0.003,0.4713,0.33483,452.4,571.6,0.727,0.60292,0.37909,578.8,647.1,0.005,0.4797,0.32815,460.5,560.2,0.725,0.59262,0.375,568.9,640.1,0.004,0.48672,0.32883,467.3,561.3,0.573,0.59184,0.37296,568.2,636.6,0.004,0.57477,0.41412,551.8,706.9,1.0,0.62941,0.42117,604.2,718.9,0.999,0.52144,0.48676,500.6,830.9,0.791,0.56834,0.47848,545.6,816.8,0.045,0.50743,0.56557,487.1,965.4,0.872,0.52859,0.5419,507.4,925.0,0.148,0.516,0.58123,495.4,992.2,0.884,0.53312,0.55817,511.8,952.8,0.382,0.46124,0.56253,442.8,960.2,0.761,0.49094,0.54559,471.3,931.3,0.118
661,18.255,960,1707,0.58431,0.29639,560.9,505.9,0.995,0.5844,0.29215,561.0,498.7,0.993,0.58393,0.2919,560.6,498.3,0.993,0.58315,0.29148,559.8,497.6,0.995,0.58847,0.29194,564.9,498.3,0.993,0.59105,0.29153,567.4,497.6,0.993,0.59359,0.29089,569.8,496.6,0.994,0.58804,0.29102,564.5,496.8,0.997,0.60598,0.29023,581.7,495.4,0.99,0.58757,0.29991,564.1,511.9,0.99,0.5916,0.29998,567.9,512.1,0.984,0.59234,0.30436,568.6,519.5,1.0,0.6644,0.312,637.8,532.6,0.999,0.54079,0.34497,519.2,588.9,0.954,0.65267,0.35817,626.6,611.4,0.022,0.49214,0.33531,472.5,572.4,0.74,0.6068,0.36326,582.5,620.1,0.003,0.47164,0.33474,452.8,571.4,0.724,0.60044,0.36354,576.4,620.6,0.005,0.47973,0.32785,460.5,559.6,0.721,0.59144,0.35698,567.8,609.4,0.004,0.48719,0.32835,467.7,560.5,0.565,0.58719,0.35825,563.7,611.5,0.004,0.57556,0.41338,552.5,705.6,1.0,0.63405,0.42083,608.7,718.4,0.999,0.52104,0.48634,500.2,830.2,0.792,0.57576,0.47806,552.7,816.1,0.047,0.50755,0.56531,487.2,965.0,0.871,0.5397,0.54143,518.1,924.2,0.152,0.51651,0.58072,495.8,991.3,0.884,0.54077,0.55556,519.1,948.3,0.389,0.462,0.56275,443.5,960.6,0.755,0.51148,0.54394,491.0,928.5,0.118
662,18.283,960,1707,0.58412,0.29607,560.8,505.4,0.995,0.58433,0.29179,561.0,498.1,0.993,0.58383,0.2915,560.5,497.6,0.993,0.58303,0.29104,559.7,496.8,0.995,0.58848,0.29156,564.9,497.7,0.993,0.59106,0.29112,567.4,496.9,0.993,0.59362,0.29046,569.9,495.8,0.994,0.58795,0.29084,564.4,496.5,0.997,0.60598,0.29004,581.7,495.1,0.991,0.5872,0.29955,563.7,511.3,0.99,0.5915,0.29968,567.8,511.5,0.984,0.59148,0.30436,567.8,519.5,1.0,0.66419,0.31191,637.6,532.4,0.999,0.5407,0.34506,519.1,589.0,0.954,0.65104,0.35678,625.0,609.0,0.023,0.49288,0.33468,473.2,571.3,0.72,0.6048,0.3595,580.6,613.7,0.003,0.47236,0.33415,453.5,570.4,0.705,0.59913,0.36048,575.2,615.3,0.004,0.48062,0.32746,461.4,559.0,0.701,0.59051,0.35303,566.9,602.6,0.004,0.4888,0.32796,469.2,559.8,0.543,0.58525,0.3552,561.8,606.3,0.004,0.57652,0.41198,553.5,703.3,1.0,0.63627,0.41988,610.8,716.7,0.999,0.52094,0.486,500.1,829.6,0.797,0.58046,0.47782,557.2,815.6,0.052,0.50745,0.56513,487.2,964.7,0.875,0.5441,0.54056,522.3,922.7,0.164,0.51586,0.58044,495.2,990.8,0.887,0.54423,0.55552,522.5,948.3,0.404,0.46269,0.56319,444.2,961.4,0.755,0.51088,0.54503,490.4,930.4,0.123
663,18.31,960,1707,0.58413,0.2961,560.8,505.4,0.995,0.58431,0.29181,560.9,498.1,0.993,0.58374,0.29152,560.4,497.6,0.993,0.58286,0.29105,559.5,496.8,0.995,0.58853,0.29159,565.0,497.7,0.992,0.59113,0.29113,567.5,497.0,0.993,0.59373,0.29047,570.0,495.8,0.994,0.58781,0.29084,564.3,496.5,0.997,0.60602,0.29003,581.8,495.1,0.99,0.58714,0.29953,563.7,511.3,0.99,0.59156,0.29966,567.9,511.5,0.984,0.5897,0.30436,566.1,519.5,1.0,0.66412,0.3109,637.6,530.7,0.999,0.54096,0.34512,519.3,589.1,0.956,0.65131,0.35513,625.3,606.2,0.025,0.49594,0.33468,476.1,571.3,0.722,0.60571,0.35945,581.5,613.6,0.003,0.4749,0.33426,455.9,570.6,0.705,0.5993,0.36096,575.3,616.2,0.004,0.48218,0.32769,462.9,559.4,0.7,0.58986,0.35333,566.3,603.1,0.004,0.49067,0.32806,471.0,560.0,0.54,0.58655,0.35369,563.1,603.7,0.004,0.57664,0.41024,553.6,700.3,1.0,0.64022,0.41862,614.6,714.6,0.999,0.52063,0.48565,499.8,829.0,0.806,0.58757,0.47764,564.1,815.3,0.059,0.506,0.56498,485.8,964.4,0.881,0.55295,0.53896,530.8,920.0,0.182,0.51244,0.58034,491.9,990.6,0.892,0.55096,0.55406,528.9,945.8,0.426,0.4582,0.56347,439.9,961.8,0.76,0.5354,0.54616,514.0,932.3,0.131
664,18.338,960,1707,0.58499,0.29623,561.6,505.7,0.995,0.58473,0.2919,561.3,498.3,0.992,0.58398,0.29157,560.6,497.7,0.993,0.583,0.29108,559.7,496.9,0.995,0.58972,0.29173,566.1,498.0,0.992,0.59262,0.29127,568.9,497.2,0.992,0.59559,0.29064,571.8,496.1,0.993,0.58789,0.29084,564.4,496.5,0.997,0.60714,0.29008,582.9,495.2,0.99,0.58742,0.29956,563.9,511.3,0.99,0.5927,0.29973,569.0,511.6,0.983,0.58789,0.30438,564.4,519.6,1.0,0.66431,0.31049,637.7,530.0,0.999,0.5421,0.34423,520.4,587.6,0.959,0.6506,0.35233,624.6,601.4,0.026,0.50011,0.3347,480.1,571.3,0.728,0.59784,0.3576,573.9,610.4,0.003,0.47906,0.33442,459.9,570.9,0.708,0.58866,0.35719,565.1,609.7,0.004,0.48475,0.32804,465.4,560.0,0.703,0.58471,0.35023,561.3,597.8,0.004,0.49368,0.32844,473.9,560.6,0.542,0.58223,0.34987,558.9,597.2,0.004,0.57745,0.40962,554.4,699.2,1.0,0.64433,0.41767,618.6,713.0,0.999,0.51884,0.48563,498.1,829.0,0.814,0.599,0.475,575.0,810.8,0.065,0.50529,0.56493,485.1,964.3,0.885,0.56277,0.5317,540.3,907.6,0.199,0.51196,0.57973,491.5,989.6,0.897,0.5611,0.54746,538.7,934.5,0.448,0.45587,0.56404,437.6,962.8,0.765,0.54223,0.54538,520.5,931.0,0.14
665,18.366,960,1707,0.5873,0.29622,563.8,505.6,0.994,0.58606,0.29188,562.6,498.2,0.991,0.58479,0.29154,561.4,497.7,0.992,0.58346,0.29105,560.1,496.8,0.994,0.59254,0.29169,568.8,497.9,0.99,0.59578,0.29123,571.9,497.1,0.99,0.59903,0.29061,575.1,496.1,0.991,0.58794,0.29081,564.4,496.4,0.996,0.60933,0.29007,585.0,495.1,0.987,0.58836,0.29955,564.8,511.3,0.989,0.59484,0.29971,571.0,511.6,0.98,0.58569,0.30448,562.3,519.7,1.0,0.66466,0.30955,638.1,528.4,0.999,0.54222,0.34321,520.5,585.9,0.96,0.65123,0.34829,625.2,594.5,0.026,0.50043,0.33444,480.4,570.9,0.725,0.59815,0.35304,574.2,602.6,0.003,0.47978,0.3342,460.6,570.5,0.704,0.58891,0.35607,565.3,607.8,0.004,0.48552,0.32803,466.1,559.9,0.698,0.58465,0.34883,561.3,595.5,0.004,0.49446,0.32842,474.7,560.6,0.533,0.58222,0.34855,558.9,595.0,0.004,0.57933,0.40899,556.2,698.1,1.0,0.64845,0.4164,622.5,710.8,0.999,0.51878,0.48522,498.0,828.3,0.812,0.60785,0.47072,583.5,803.5,0.065,0.50505,0.56412,484.8,962.9,0.884,0.56989,0.52354,547.1,893.7,0.202,0.51146,0.57916,491.0,988.6,0.898,0.56602,0.53563,543.4,914.3,0.456,0.45573,0.56409,437.5,962.9,0.756,0.55858,0.54394,536.2,928.5,0.139
666,18.393,960,1707,0.59073,0.29571,567.1,504.8,0.993,0.58853,0.29148,565.0,497.6,0.989,0.58639,0.29118,562.9,497.1,0.991,0.5844,0.29075,561.0,496.3,0.994,0.59656,0.29125,572.7,497.2,0.988,0.59976,0.29084,575.8,496.5,0.989,0.60299,0.29029,578.9,495.5,0.99,0.58789,0.29068,564.4,496.2,0.996,0.61149,0.28997,587.0,495.0,0.985,0.58944,0.29913,565.9,510.6,0.988,0.59722,0.29922,573.3,510.8,0.978,0.58217,0.30463,558.9,520.0,1.0,0.66491,0.30832,638.3,526.3,0.999,0.54262,0.34182,520.9,583.5,0.963,0.65119,0.34567,625.1,590.1,0.026,0.50114,0.33446,481.1,570.9,0.742,0.59878,0.34646,574.8,591.4,0.003,0.482,0.33436,462.7,570.7,0.719,0.59014,0.34799,566.5,594.0,0.004,0.48631,0.32855,466.9,560.8,0.713,0.58516,0.34383,561.8,586.9,0.004,0.49506,0.32892,475.3,561.5,0.553,0.58292,0.34367,559.6,586.6,0.004,0.58029,0.40759,557.1,695.8,1.0,0.65123,0.41492,625.2,708.3,0.999,0.52049,0.4851,499.7,828.1,0.824,0.62039,0.46323,595.6,790.7,0.069,0.5054,0.5641,485.2,962.9,0.891,0.5788,0.51149,555.7,873.1,0.213,0.51155,0.57913,491.1,988.6,0.905,0.57167,0.52328,548.8,893.2,0.472,0.45749,0.56482,439.2,964.1,0.766,0.56711,0.53465,544.4,912.7,0.144
667,18.421,960,1707,0.591,0.29573,567.4,504.8,0.99,0.58853,0.2915,565.0,497.6,0.984,0.58638,0.29119,562.9,497.1,0.988,0.58439,0.29078,561.0,496.4,0.991,0.59646,0.29123,572.6,497.1,0.982,0.59956,0.29079,575.6,496.4,0.984,0.60265,0.29022,578.5,495.4,0.985,0.58731,0.29077,563.8,496.4,0.995,0.6113,0.28988,586.8,494.8,0.979,0.58961,0.29911,566.0,510.6,0.985,0.59776,0.29915,573.9,510.6,0.972,0.58106,0.30454,557.8,519.8,1.0,0.66528,0.30814,638.7,526.0,0.998,0.54245,0.34126,520.8,582.5,0.963,0.6539,0.34635,627.7,591.2,0.026,0.50086,0.33468,480.8,571.3,0.726,0.60721,0.34947,582.9,596.5,0.003,0.48202,0.33463,462.7,571.2,0.702,0.59347,0.34802,569.7,594.1,0.004,0.48656,0.32915,467.1,561.9,0.695,0.58946,0.34473,565.9,588.5,0.003,0.49497,0.32931,475.2,562.1,0.532,0.58841,0.34457,564.9,588.2,0.004,0.5816,0.40635,558.3,693.6,1.0,0.65351,0.41303,627.4,705.0,0.999,0.52312,0.4837,502.2,825.7,0.827,0.62826,0.45834,603.1,782.4,0.067,0.50574,0.56409,485.5,962.9,0.89,0.58447,0.49972,561.1,853.0,0.202,0.51175,0.57912,491.3,988.6,0.906,0.57669,0.51076,553.6,871.9,0.462,0.45966,0.56474,441.3,964.0,0.755,0.58016,0.50846,557.0,867.9,0.136
668,18.448,960,1707,0.59196,0.29605,568.3,505.4,0.987,0.58952,0.29186,565.9,498.2,0.98,0.58738,0.29154,563.9,497.7,0.985,0.58534,0.29112,561.9,496.9,0.989,0.59717,0.29159,573.3,497.7,0.978,0.60019,0.29114,576.2,497.0,0.981,0.6032,0.29057,579.1,496.0,0.982,0.58805,0.29104,564.5,496.8,0.994,0.61202,0.29005,587.5,495.1,0.974,0.59082,0.29919,567.2,510.7,0.982,0.59907,0.29928,575.1,510.9,0.966,0.58119,0.30451,557.9,519.8,1.0,0.6654,0.30827,638.8,526.2,0.998,0.54225,0.34038,520.6,581.0,0.964,0.65807,0.34755,631.7,593.3,0.026,0.50204,0.33487,482.0,571.6,0.723,0.61124,0.35104,586.8,599.2,0.003,0.48438,0.33475,465.0,571.4,0.699,0.60404,0.35083,579.9,598.9,0.003,0.48905,0.32949,469.5,562.4,0.691,0.59272,0.34393,569.0,587.1,0.003,0.4961,0.32959,476.3,562.6,0.526,0.59156,0.34399,567.9,587.2,0.003,0.58165,0.40572,558.4,692.6,1.0,0.65336,0.41267,627.2,704.4,0.999,0.52434,0.48368,503.4,825.6,0.836,0.63943,0.44639,613.8,762.0,0.065,0.5066,0.56276,486.3,960.6,0.896,0.59212,0.49094,568.4,838.0,0.193,0.51453,0.57816,494.0,986.9,0.912,0.58511,0.5004,561.7,854.2,0.455,0.46252,0.5649,444.0,964.3,0.76,0.5883,0.49827,564.8,850.6,0.129
669,18.476,960,1707,0.59207,0.29636,568.4,505.9,0.987,0.58982,0.29217,566.2,498.7,0.979,0.58778,0.29183,564.3,498.2,0.984,0.58581,0.29138,562.4,497.4,0.989,0.59715,0.29196,573.3,498.4,0.977,0.60012,0.29155,576.1,497.7,0.98,0.60307,0.291,578.9,496.7,0.981,0.58867,0.29118,565.1,497.0,0.994,0.61211,0.29034,587.6,495.6,0.973,0.5913,0.29935,567.7,511.0,0.981,0.59933,0.29954,575.4,511.3,0.965,0.58136,0.30447,558.1,519.7,1.0,0.66538,0.30839,638.8,526.4,0.998,0.54218,0.34035,520.5,581.0,0.966,0.66069,0.34817,634.3,594.3,0.025,0.50181,0.33489,481.7,571.7,0.72,0.61643,0.3523,591.8,601.4,0.002,0.48387,0.33478,464.5,571.5,0.695,0.61106,0.35247,586.6,601.7,0.003,0.48886,0.32949,469.3,562.4,0.686,0.59974,0.34604,575.7,590.7,0.003,0.49602,0.3296,476.2,562.6,0.52,0.59881,0.34607,574.9,590.7,0.003,0.58363,0.40564,560.3,692.4,1.0,0.65514,0.41233,628.9,703.9,0.999,0.52649,0.48331,505.4,825.0,0.847,0.64606,0.43818,620.2,748.0,0.062,0.5073,0.56204,487.0,959.4,0.902,0.5962,0.48305,572.3,824.6,0.184,0.51574,0.57782,495.1,986.3,0.917,0.58798,0.49001,564.5,836.4,0.449,0.46444,0.56527,445.9,964.9,0.768,0.58621,0.48845,562.8,833.8,0.122
670,18.504,960,1707,0.59318,0.29601,569.5,505.3,0.986,0.59099,0.29184,567.3,498.2,0.979,0.58901,0.2915,565.4,497.6,0.984,0.58712,0.29105,563.6,496.8,0.988,0.59809,0.29164,574.2,497.8,0.976,0.60104,0.29123,577.0,497.1,0.98,0.60401,0.29068,579.9,496.2,0.981,0.58952,0.29101,565.9,496.8,0.994,0.61279,0.29012,588.3,495.2,0.973,0.59224,0.29906,568.6,510.5,0.981,0.60001,0.29931,576.0,510.9,0.965,0.5813,0.30444,558.1,519.7,1.0,0.66522,0.30817,638.6,526.0,0.998,0.5418,0.34047,520.1,581.2,0.967,0.66229,0.34622,635.8,591.0,0.026,0.5017,0.33487,481.6,571.6,0.726,0.61788,0.35256,593.2,601.8,0.002,0.48394,0.33485,464.6,571.6,0.7,0.61327,0.353,588.7,602.6,0.003,0.48892,0.3296,469.4,562.6,0.691,0.6019,0.34681,577.8,592.0,0.003,0.49598,0.32964,476.1,562.7,0.525,0.60133,0.34687,577.3,592.1,0.003,0.58565,0.40539,562.2,692.0,1.0,0.65586,0.41202,629.6,703.3,0.999,0.52839,0.48336,507.2,825.1,0.86,0.64774,0.4327,621.8,738.6,0.062,0.50834,0.56203,488.0,959.4,0.909,0.59871,0.47842,574.8,816.7,0.183,0.51631,0.57776,495.7,986.2,0.923,0.58851,0.48474,565.0,827.4,0.456,0.465,0.56521,446.4,964.8,0.782,0.58551,0.48643,562.1,830.3,0.12
671,18.531,960,1707,0.59299,0.29564,569.3,504.7,0.987,0.59087,0.29142,567.2,497.5,0.98,0.58895,0.29114,565.4,497.0,0.985,0.58708,0.29074,563.6,496.3,0.989,0.59787,0.29112,574.0,496.9,0.978,0.60081,0.29071,576.8,496.2,0.981,0.60377,0.29017,579.6,495.3,0.982,0.58911,0.29089,565.5,496.5,0.994,0.61234,0.28976,587.8,494.6,0.975,0.5919,0.29891,568.2,510.2,0.983,0.59975,0.2991,575.8,510.6,0.967,0.58069,0.30469,557.5,520.1,1.0,0.66455,0.30727,638.0,524.5,0.998,0.54159,0.34049,519.9,581.2,0.968,0.66124,0.34511,634.8,589.1,0.026,0.50158,0.33487,481.5,571.6,0.733,0.61642,0.34938,591.8,596.4,0.002,0.48385,0.33492,464.5,571.7,0.708,0.61031,0.34742,585.9,593.0,0.003,0.4888,0.32963,469.2,562.7,0.7,0.60045,0.344,576.4,587.2,0.003,0.49591,0.32965,476.1,562.7,0.535,0.59981,0.34425,575.8,587.6,0.003,0.58725,0.40563,563.8,692.4,1.0,0.65597,0.41205,629.7,703.4,0.999,0.52987,0.48344,508.7,825.2,0.871,0.64751,0.42834,621.6,731.2,0.06,0.50828,0.56175,488.0,958.9,0.916,0.59924,0.47522,575.3,811.2,0.179,0.51653,0.5774,495.9,985.6,0.929,0.59107,0.48179,567.4,822.4,0.459,0.46606,0.56516,447.4,964.7,0.795,0.58299,0.48528,559.7,828.4,0.118
672,18.559,960,1707,0.59288,0.29476,569.2,503.2,0.988,0.59082,0.29039,567.2,495.7,0.981,0.58893,0.2902,565.4,495.4,0.986,0.58703,0.2899,563.5,494.9,0.99,0.5978,0.28985,573.9,494.8,0.979,0.60077,0.28938,576.7,494.0,0.983,0.60368,0.28884,579.5,493.1,0.983,0.58885,0.29033,565.3,495.6,0.995,0.61171,0.28879,587.2,493.0,0.976,0.5918,0.29841,568.1,509.4,0.984,0.59969,0.2984,575.7,509.4,0.969,0.58093,0.3047,557.7,520.1,1.0,0.66387,0.30728,637.3,524.5,0.998,0.54154,0.34121,519.9,582.4,0.97,0.6618,0.34574,635.3,590.2,0.026,0.50153,0.33488,481.5,571.6,0.743,0.61794,0.35032,593.2,598.0,0.002,0.48382,0.33507,464.5,572.0,0.718,0.60994,0.34871,585.5,595.2,0.003,0.48872,0.32993,469.2,563.2,0.71,0.60161,0.34592,577.5,590.5,0.003,0.49583,0.32987,476.0,563.1,0.548,0.6014,0.34588,577.3,590.4,0.003,0.58862,0.40565,565.1,692.4,1.0,0.65569,0.41217,629.5,703.6,0.999,0.5314,0.48317,510.1,824.8,0.882,0.64547,0.42513,619.7,725.7,0.058,0.50728,0.56172,487.0,958.9,0.922,0.59753,0.47373,573.6,808.7,0.176,0.51649,0.57728,495.8,985.4,0.934,0.59063,0.48204,567.0,822.8,0.46,0.46569,0.56518,447.1,964.8,0.809,0.57818,0.4847,555.1,827.4,0.116
673,18.587,960,1707,0.59027,0.29528,566.7,504.0,0.989,0.58939,0.29077,565.8,496.3,0.983,0.58784,0.29054,564.3,496.0,0.987,0.58625,0.29019,562.8,495.3,0.991,0.59564,0.29022,571.8,495.4,0.981,0.59843,0.28968,574.5,494.5,0.984,0.60111,0.28905,577.1,493.4,0.984,0.58885,0.29043,565.3,495.8,0.995,0.60967,0.28882,585.3,493.0,0.978,0.59028,0.29871,566.7,509.9,0.985,0.59732,0.29876,573.4,510.0,0.971,0.58114,0.30469,557.9,520.1,1.0,0.66387,0.30722,637.3,524.4,0.998,0.54121,0.34177,519.6,583.4,0.969,0.66702,0.34579,640.3,590.3,0.026,0.50096,0.33488,480.9,571.6,0.734,0.62866,0.35409,603.5,604.4,0.002,0.48215,0.33519,462.9,572.2,0.709,0.62191,0.35471,597.0,605.5,0.003,0.48725,0.32994,467.8,563.2,0.702,0.61422,0.3536,589.6,603.6,0.003,0.49485,0.32987,475.1,563.1,0.539,0.61551,0.35332,590.9,603.1,0.003,0.59345,0.40633,569.7,693.6,1.0,0.65881,0.41215,632.5,703.5,0.999,0.53212,0.4823,510.8,823.3,0.889,0.64121,0.41154,615.6,702.5,0.055,0.50672,0.5613,486.4,958.1,0.927,0.59778,0.4687,573.9,800.1,0.166,0.51642,0.57713,495.8,985.2,0.938,0.59197,0.47938,568.3,818.3,0.446,0.4621,0.56759,443.6,968.9,0.818,0.5776,0.47231,554.5,806.2,0.11
674,18.614,960,1707,0.58657,0.29559,563.1,504.6,0.99,0.58726,0.29094,563.8,496.6,0.984,0.5863,0.29064,562.8,496.1,0.988,0.58523,0.29023,561.8,495.4,0.991,0.59198,0.2905,568.3,495.9,0.983,0.59441,0.28994,570.6,494.9,0.985,0.59674,0.28926,572.9,493.8,0.986,0.58885,0.29044,565.3,495.8,0.996,0.60599,0.28889,581.7,493.1,0.98,0.58791,0.29885,564.4,510.1,0.986,0.59339,0.29905,569.7,510.5,0.973,0.58208,0.30464,558.8,520.0,1.0,0.66367,0.30725,637.1,524.5,0.998,0.54123,0.34182,519.6,583.5,0.97,0.66963,0.34586,642.8,590.4,0.025,0.50074,0.33485,480.7,571.6,0.743,0.63085,0.3568,605.6,609.1,0.002,0.48197,0.33531,462.7,572.4,0.719,0.62504,0.35919,600.0,613.1,0.003,0.48557,0.32993,466.1,563.2,0.711,0.6168,0.35674,592.1,609.0,0.002,0.49335,0.32985,473.6,563.1,0.552,0.61346,0.35567,588.9,607.1,0.003,0.59612,0.40661,572.3,694.1,1.0,0.6596,0.41206,633.2,703.4,0.999,0.53267,0.48231,511.4,823.3,0.897,0.63892,0.41883,613.4,714.9,0.052,0.50649,0.5604,486.2,956.6,0.932,0.59553,0.46837,571.7,799.5,0.161,0.51638,0.5764,495.7,983.9,0.942,0.59196,0.47753,568.3,815.1,0.442,0.45859,0.56826,440.2,970.0,0.83,0.57269,0.47204,549.8,805.8,0.107
675,18.642,960,1707,0.58559,0.29559,562.2,504.6,0.99,0.5863,0.29096,562.9,496.7,0.985,0.58539,0.29066,562.0,496.2,0.989,0.58436,0.29025,561.0,495.4,0.992,0.59077,0.29053,567.1,495.9,0.984,0.59307,0.28998,569.3,495.0,0.986,0.59525,0.2893,571.4,493.8,0.986,0.58853,0.29045,565.0,495.8,0.996,0.60463,0.28891,580.4,493.2,0.981,0.58703,0.29886,563.6,510.2,0.986,0.5923,0.29906,568.6,510.5,0.974,0.58213,0.30464,558.8,520.0,1.0,0.66355,0.30729,637.0,524.5,0.998,0.54124,0.34249,519.6,584.6,0.969,0.67156,0.34714,644.7,592.6,0.024,0.50011,0.33493,480.1,571.7,0.733,0.63323,0.36069,607.9,615.7,0.002,0.48037,0.33547,461.2,572.6,0.708,0.62652,0.3637,601.5,620.8,0.002,0.48437,0.32998,465.0,563.3,0.699,0.61503,0.36038,590.4,615.2,0.002,0.49245,0.32985,472.7,563.1,0.54,0.61322,0.35913,588.7,613.0,0.003,0.59861,0.40665,574.7,694.1,1.0,0.65959,0.41158,633.2,702.6,0.999,0.53449,0.4819,513.1,822.6,0.902,0.63648,0.42138,611.0,719.3,0.049,0.50648,0.56006,486.2,956.0,0.936,0.59397,0.47258,570.2,806.7,0.152,0.51633,0.57622,495.7,983.6,0.945,0.59269,0.48124,569.0,821.5,0.432,0.45498,0.56924,436.8,971.7,0.834,0.56631,0.47613,543.7,812.8,0.102
676,18.669,960,1707,0.58499,0.29512,561.6,503.8,0.991,0.58606,0.29079,562.6,496.4,0.986,0.58516,0.29054,561.8,496.0,0.99,0.58415,0.29017,560.8,495.3,0.993,0.59024,0.29025,566.6,495.5,0.985,0.5923,0.28968,568.6,494.5,0.987,0.59419,0.28898,570.4,493.3,0.987,0.58816,0.29045,564.6,495.8,0.996,0.60324,0.28881,579.1,493.0,0.982,0.58615,0.29846,562.7,509.5,0.987,0.5908,0.2986,567.2,509.7,0.975,0.58382,0.3045,560.5,519.8,1.0,0.66249,0.30685,636.0,523.8,0.998,0.5412,0.34369,519.5,586.7,0.97,0.67121,0.34717,644.4,592.6,0.024,0.49947,0.33499,479.5,571.8,0.736,0.63225,0.36088,607.0,616.0,0.002,0.47901,0.33606,459.8,573.6,0.709,0.62591,0.36373,600.9,620.9,0.002,0.48308,0.33008,463.8,563.4,0.7,0.61682,0.36016,592.2,614.8,0.002,0.4911,0.32986,471.5,563.1,0.541,0.61272,0.35905,588.2,612.9,0.002,0.60282,0.40667,578.7,694.2,1.0,0.66371,0.41006,637.2,700.0,0.999,0.53774,0.4813,516.2,821.6,0.908,0.64223,0.40804,616.5,696.5,0.047,0.50673,0.55988,486.5,955.7,0.939,0.59466,0.47018,570.9,802.6,0.148,0.51628,0.57588,495.6,983.0,0.948,0.59442,0.47967,570.6,818.8,0.426,0.45464,0.56937,436.5,971.9,0.841,0.56554,0.4695,542.9,801.4,0.099
677,18.697,960,1707,0.5846,0.29577,561.2,504.9,0.991,0.58576,0.29144,562.3,497.5,0.987,0.58488,0.29122,561.5,497.1,0.99,0.5839,0.29086,560.5,496.5,0.993,0.58998,0.2908,566.4,496.4,0.986,0.59203,0.29016,568.3,495.3,0.988,0.5939,0.28937,570.1,494.0,0.988,0.5881,0.29113,564.6,497.0,0.996,0.60302,0.28908,578.9,493.5,0.983,0.58587,0.29899,562.4,510.4,0.987,0.59061,0.2991,567.0,510.6,0.975,0.58403,0.30457,560.7,519.9,1.0,0.66247,0.30691,636.0,523.9,0.997,0.54035,0.34537,518.7,589.5,0.97,0.67067,0.34813,643.8,594.2,0.023,0.49922,0.33526,479.2,572.3,0.721,0.63233,0.36191,607.0,617.8,0.002,0.47844,0.3361,459.3,573.7,0.692,0.6261,0.36454,601.1,622.3,0.002,0.4825,0.33008,463.2,563.4,0.683,0.616,0.36091,591.4,616.1,0.002,0.49085,0.32983,471.2,563.0,0.525,0.61387,0.35992,589.3,614.4,0.002,0.60559,0.40711,581.4,694.9,1.0,0.66586,0.41021,639.2,700.2,0.999,0.54092,0.48106,519.3,821.2,0.913,0.64591,0.39733,620.1,678.2,0.045,0.50749,0.55973,487.2,955.5,0.943,0.59705,0.46312,573.2,790.6,0.148,0.51637,0.57577,495.7,982.8,0.951,0.59736,0.47737,573.5,814.9,0.426,0.45527,0.57004,437.1,973.1,0.848,0.56567,0.4652,543.0,794.1,0.098
678,18.725,960,1707,0.5843,0.29719,560.9,507.3,0.991,0.58531,0.29297,561.9,500.1,0.988,0.58448,0.29274,561.1,499.7,0.991,0.58356,0.29237,560.2,499.1,0.993,0.58945,0.29238,565.9,499.1,0.986,0.5915,0.29178,567.8,498.1,0.988,0.59338,0.29103,569.6,496.8,0.988,0.58793,0.29256,564.4,499.4,0.997,0.60254,0.29044,578.4,495.8,0.984,0.58572,0.30025,562.3,512.5,0.988,0.59056,0.30042,566.9,512.8,0.977,0.58491,0.30463,561.5,520.0,1.0,0.66218,0.30699,635.7,524.0,0.997,0.54141,0.34564,519.8,590.0,0.97,0.67049,0.3503,643.7,598.0,0.023,0.49924,0.33552,479.3,572.7,0.724,0.63133,0.36156,606.1,617.2,0.002,0.47847,0.33621,459.3,573.9,0.694,0.62456,0.36403,599.6,621.4,0.002,0.48255,0.32985,463.3,563.1,0.684,0.61453,0.36012,590.0,614.7,0.002,0.49088,0.32972,471.2,562.8,0.527,0.6136,0.35927,589.1,613.3,0.003,0.60977,0.40729,585.4,695.2,1.0,0.67013,0.4103,643.3,700.4,0.999,0.54403,0.48103,522.3,821.1,0.92,0.65497,0.39409,628.8,672.7,0.045,0.50748,0.55969,487.2,955.4,0.948,0.6007,0.4626,576.7,789.7,0.152,0.51636,0.57534,495.7,982.1,0.954,0.60074,0.47712,576.7,814.4,0.431,0.45541,0.57054,437.2,973.9,0.858,0.5692,0.46755,546.4,798.1,0.1
679,18.752,960,1707,0.58329,0.29802,560.0,508.7,0.992,0.58416,0.29366,560.8,501.3,0.988,0.58343,0.2934,560.1,500.8,0.991,0.58261,0.29302,559.3,500.2,0.994,0.58796,0.29308,564.4,500.3,0.987,0.58994,0.29246,566.3,499.2,0.989,0.59173,0.2917,568.1,497.9,0.989,0.5877,0.29298,564.2,500.1,0.997,0.60147,0.29093,577.4,496.6,0.985,0.58528,0.30087,561.9,513.6,0.989,0.59011,0.30097,566.5,513.7,0.978,0.58448,0.30533,561.1,521.2,1.0,0.66213,0.30742,635.6,524.8,0.997,0.54211,0.34622,520.4,591.0,0.971,0.67478,0.35179,647.8,600.5,0.023,0.49923,0.33564,479.3,572.9,0.729,0.63204,0.36123,606.8,616.6,0.002,0.4785,0.3362,459.4,573.9,0.698,0.62553,0.36349,600.5,620.5,0.003,0.48257,0.32969,463.3,562.8,0.688,0.61407,0.35956,589.5,613.8,0.002,0.491,0.32971,471.4,562.8,0.532,0.61329,0.35874,588.8,612.4,0.003,0.6118,0.40911,587.3,698.4,1.0,0.67358,0.41055,646.6,700.8,0.998,0.54611,0.48144,524.3,821.8,0.926,0.65775,0.39663,631.4,677.1,0.049,0.50746,0.55971,487.2,955.4,0.952,0.60182,0.46464,577.7,793.1,0.163,0.51634,0.57516,495.7,981.8,0.958,0.60346,0.47733,579.3,814.8,0.445,0.4574,0.57007,439.1,973.1,0.867,0.5762,0.46746,553.1,797.9,0.106
680,18.78,960,1707,0.58529,0.29868,561.9,509.9,0.992,0.5853,0.29445,561.9,502.6,0.988,0.58429,0.29419,560.9,502.2,0.991,0.58324,0.29386,559.9,501.6,0.994,0.58998,0.29412,566.4,502.1,0.987,0.59222,0.29371,568.5,501.4,0.989,0.5944,0.29318,570.6,500.5,0.989,0.5877,0.29403,564.2,501.9,0.997,0.60421,0.29279,580.0,499.8,0.985,0.58625,0.30155,562.8,514.8,0.989,0.59169,0.30199,568.0,515.5,0.978,0.58443,0.30543,561.1,521.4,1.0,0.6625,0.30866,636.0,526.9,0.997,0.54233,0.34529,520.6,589.4,0.969,0.67945,0.35266,652.3,602.0,0.021,0.49731,0.3357,477.4,573.0,0.744,0.66236,0.37001,635.9,631.6,0.002,0.47793,0.33733,458.8,575.8,0.714,0.66528,0.37334,638.7,637.3,0.003,0.48093,0.33032,461.7,563.9,0.704,0.64891,0.37135,623.0,633.9,0.002,0.48897,0.33012,469.4,563.5,0.552,0.64407,0.37022,618.3,632.0,0.003,0.61415,0.40999,589.6,699.9,1.0,0.67628,0.41062,649.2,700.9,0.999,0.54949,0.48172,527.5,822.3,0.927,0.65491,0.3882,628.7,662.7,0.046,0.50702,0.55969,486.7,955.4,0.951,0.60165,0.46227,577.6,789.1,0.156,0.51476,0.57491,494.2,981.4,0.957,0.60179,0.47315,577.7,807.7,0.43,0.45894,0.56986,440.6,972.8,0.86,0.56929,0.46113,546.5,787.1,0.101
681,18.807,960,1707,0.58535,0.29924,561.9,510.8,0.992,0.58531,0.29499,561.9,503.6,0.989,0.58428,0.2948,560.9,503.2,0.992,0.5832,0.29452,559.9,502.7,0.994,0.59005,0.29462,566.4,502.9,0.988,0.5923,0.29425,568.6,502.3,0.989,0.59448,0.29377,570.7,501.5,0.989,0.58689,0.29486,563.4,503.3,0.997,0.6042,0.29351,580.0,501.0,0.985,0.58627,0.30199,562.8,515.5,0.989,0.59174,0.3026,568.1,516.5,0.978,0.58409,0.3059,560.7,522.2,1.0,0.6625,0.30868,636.0,526.9,0.996,0.54207,0.34527,520.4,589.4,0.964,0.68075,0.34999,653.5,597.4,0.019,0.49673,0.33573,476.9,573.1,0.747,0.66268,0.36048,636.2,615.3,0.002,0.4776,0.33732,458.5,575.8,0.718,0.66516,0.3611,638.6,616.4,0.003,0.48044,0.3303,461.2,563.8,0.708,0.64849,0.35972,622.5,614.0,0.003,0.48826,0.33008,468.7,563.4,0.556,0.64389,0.35987,618.1,614.3,0.003,0.61707,0.41072,592.4,701.1,1.0,0.67859,0.41053,651.4,700.8,0.998,0.55286,0.48183,530.7,822.5,0.933,0.65341,0.37435,627.3,639.0,0.044,0.50636,0.55964,486.1,955.3,0.954,0.60722,0.44818,582.9,765.1,0.153,0.51374,0.57386,493.2,979.6,0.959,0.60609,0.46655,581.8,796.4,0.422,0.45891,0.57037,440.6,973.6,0.868,0.57249,0.44621,549.6,761.7,0.1
682,18.835,960,1707,0.58604,0.29948,562.6,511.2,0.992,0.58566,0.2952,562.2,503.9,0.989,0.5845,0.29509,561.1,503.7,0.992,0.58333,0.2949,560.0,503.4,0.994,0.59105,0.29468,567.4,503.0,0.988,0.59369,0.29428,569.9,502.3,0.99,0.59638,0.29377,572.5,501.5,0.99,0.58689,0.29538,563.4,504.2,0.997,0.60689,0.29353,582.6,501.1,0.985,0.58677,0.30245,563.3,516.3,0.989,0.5927,0.30291,569.0,517.1,0.978,0.5835,0.30715,560.2,524.3,1.0,0.66294,0.30939,636.4,528.1,0.996,0.54202,0.34532,520.3,589.5,0.963,0.68654,0.35022,659.1,597.8,0.018,0.49673,0.33543,476.9,572.6,0.76,0.69195,0.36326,664.3,620.1,0.002,0.4776,0.33636,458.5,574.2,0.733,0.70132,0.36611,673.3,625.0,0.004,0.48045,0.32986,461.2,563.1,0.723,0.68803,0.36396,660.5,621.3,0.003,0.48822,0.32975,468.7,562.9,0.576,0.68038,0.36316,653.2,619.9,0.004,0.61958,0.41401,594.8,706.7,1.0,0.68236,0.41118,655.1,701.9,0.998,0.55232,0.48361,530.2,825.5,0.938,0.65555,0.37279,629.3,636.4,0.046,0.5063,0.55968,486.0,955.4,0.958,0.61882,0.44734,594.1,763.6,0.16,0.51374,0.57393,493.2,979.7,0.963,0.61862,0.46628,593.9,795.9,0.432,0.45891,0.57033,440.6,973.6,0.877,0.5837,0.44636,560.3,761.9,0.106
683,18.863,960,1707,0.58669,0.29971,563.2,511.6,0.993,0.58667,0.29541,563.2,504.3,0.99,0.58566,0.29532,562.2,504.1,0.993,0.58466,0.29514,561.3,503.8,0.995,0.59208,0.29478,568.4,503.2,0.989,0.59498,0.29434,571.2,502.4,0.99,0.59782,0.29381,573.9,501.5,0.99,0.58779,0.29563,564.3,504.6,0.997,0.60902,0.29369,584.7,501.3,0.987,0.58784,0.30258,564.3,516.5,0.99,0.59363,0.30301,569.9,517.2,0.98,0.58348,0.30721,560.1,524.4,1.0,0.66295,0.30953,636.4,528.4,0.996,0.54127,0.34629,519.6,591.1,0.961,0.67432,0.34788,647.3,593.8,0.017,0.49467,0.33474,474.9,571.4,0.762,0.65723,0.34816,630.9,594.3,0.003,0.47536,0.33497,456.3,571.8,0.734,0.66261,0.34669,636.1,591.8,0.005,0.47944,0.32891,460.3,561.4,0.725,0.64666,0.34373,620.8,586.8,0.004,0.48732,0.32895,467.8,561.5,0.581,0.64152,0.34476,615.9,588.5,0.005,0.62165,0.41533,596.8,709.0,1.0,0.68398,0.41125,656.6,702.0,0.998,0.55122,0.4838,529.2,825.8,0.944,0.65457,0.36672,628.4,626.0,0.05,0.50566,0.55947,485.4,955.0,0.961,0.6216,0.44432,596.7,758.5,0.176,0.51316,0.57328,492.6,978.6,0.965,0.6215,0.46358,596.6,791.3,0.445,0.456,0.5702,437.8,973.3,0.886,0.59368,0.44423,569.9,758.3,0.118
684,18.89,960,1707,0.58669,0.29981,563.2,511.8,0.993,0.58671,0.29566,563.2,504.7,0.991,0.58566,0.29556,562.2,504.5,0.993,0.58466,0.29538,561.3,504.2,0.995,0.59218,0.2949,568.5,503.4,0.99,0.59502,0.29442,571.2,502.6,0.991,0.59783,0.29383,573.9,501.6,0.991,0.58727,0.29622,563.8,505.7,0.998,0.60902,0.29388,584.7,501.7,0.988,0.58769,0.3027,564.2,516.7,0.99,0.59352,0.30305,569.8,517.3,0.981,0.5833,0.30787,560.0,525.5,1.0,0.663,0.30886,636.5,527.2,0.996,0.5406,0.34628,519.0,591.1,0.957,0.67031,0.34802,643.5,594.1,0.016,0.49475,0.33462,475.0,571.2,0.76,0.65692,0.35112,630.6,599.4,0.003,0.47546,0.33478,456.4,571.5,0.732,0.658,0.35089,631.7,599.0,0.005,0.47972,0.32874,460.5,561.2,0.723,0.6438,0.34794,618.0,593.9,0.005,0.48736,0.32876,467.9,561.2,0.58,0.63979,0.34831,614.2,594.6,0.005,0.62093,0.41488,596.1,708.2,1.0,0.68593,0.41126,658.5,702.0,0.998,0.55246,0.48291,530.4,824.3,0.948,0.66322,0.36655,636.7,625.7,0.05,0.50567,0.55936,485.4,954.8,0.963,0.63953,0.43406,614.0,740.9,0.169,0.51198,0.57311,491.5,978.3,0.967,0.63779,0.45197,612.3,771.5,0.432,0.4565,0.56902,438.2,971.3,0.89,0.62017,0.43039,595.4,734.7,0.113
685,18.918,960,1707,0.58856,0.30065,565.0,513.2,0.993,0.58883,0.29658,565.3,506.3,0.991,0.5878,0.2965,564.3,506.1,0.993,0.5866,0.29626,563.1,505.7,0.995,0.59424,0.29572,570.5,504.8,0.99,0.59735,0.29515,573.5,503.8,0.991,0.60008,0.29448,576.1,502.7,0.991,0.58821,0.29702,564.7,507.0,0.998,0.61185,0.29446,587.4,502.6,0.988,0.58972,0.3035,566.1,518.1,0.991,0.59572,0.30366,571.9,518.3,0.981,0.58311,0.30902,559.8,527.5,1.0,0.66468,0.30919,638.1,527.8,0.996,0.53981,0.34625,518.2,591.1,0.953,0.67036,0.35041,643.5,598.2,0.015,0.49496,0.33386,475.2,569.9,0.759,0.65678,0.35819,630.5,611.4,0.003,0.47581,0.33362,456.8,569.5,0.733,0.65877,0.35954,632.4,613.7,0.006,0.48158,0.3282,462.3,560.2,0.723,0.64553,0.35746,619.7,610.2,0.005,0.48915,0.32844,469.6,560.6,0.584,0.64114,0.35742,615.5,610.1,0.006,0.62343,0.41517,598.5,708.7,1.0,0.68546,0.41143,658.0,702.3,0.998,0.55262,0.48344,530.5,825.2,0.951,0.63452,0.37052,609.1,632.5,0.051,0.50499,0.55975,484.8,955.5,0.965,0.63348,0.44166,608.1,753.9,0.172,0.51136,0.57328,490.9,978.6,0.969,0.62814,0.4589,603.0,783.3,0.433,0.45547,0.56928,437.3,971.8,0.896,0.60988,0.44098,585.5,752.8,0.116
686,18.946,960,1707,0.58935,0.30094,565.8,513.7,0.991,0.58942,0.2971,565.8,507.2,0.989,0.58836,0.29695,564.8,506.9,0.992,0.58691,0.29663,563.4,506.3,0.994,0.59457,0.29633,570.8,505.8,0.989,0.5978,0.29569,573.9,504.7,0.99,0.60032,0.29494,576.3,503.5,0.99,0.58824,0.29695,564.7,506.9,0.997,0.61152,0.29455,587.1,502.8,0.986,0.59034,0.30364,566.7,518.3,0.988,0.59601,0.30386,572.2,518.7,0.977,0.58332,0.30894,560.0,527.4,1.0,0.66493,0.31011,638.3,529.4,0.996,0.53904,0.34575,517.5,590.2,0.951,0.67243,0.35641,645.5,608.4,0.014,0.49491,0.33243,475.1,567.5,0.771,0.65697,0.377,630.7,643.5,0.004,0.47579,0.33304,456.8,568.5,0.746,0.65839,0.38165,632.1,651.5,0.006,0.48111,0.32749,461.9,559.0,0.737,0.64465,0.38058,618.9,649.7,0.006,0.48853,0.32765,469.0,559.3,0.602,0.64084,0.37936,615.2,647.6,0.006,0.6235,0.41586,598.6,709.9,1.0,0.68404,0.41122,656.7,702.0,0.998,0.55206,0.48353,530.0,825.4,0.95,0.6141,0.37537,589.5,640.8,0.048,0.5036,0.56003,483.5,956.0,0.965,0.62621,0.4454,601.2,760.3,0.163,0.51051,0.57333,490.1,978.7,0.967,0.62443,0.46197,599.4,788.6,0.416,0.45438,0.56997,436.2,972.9,0.892,0.58792,0.44251,564.4,755.4,0.11
687,18.973,960,1707,0.58964,0.30223,566.1,515.9,0.991,0.58992,0.29832,566.3,509.2,0.99,0.58888,0.29803,565.3,508.7,0.992,0.58748,0.29762,564.0,508.0,0.995,0.59484,0.29773,571.0,508.2,0.989,0.59787,0.29706,574.0,507.1,0.99,0.60027,0.2963,576.3,505.8,0.99,0.58851,0.29769,565.0,508.1,0.997,0.61134,0.29565,586.9,504.7,0.987,0.59062,0.30459,567.0,519.9,0.989,0.59615,0.30504,572.3,520.7,0.978,0.58432,0.30899,560.9,527.4,1.0,0.66588,0.31175,639.2,532.2,0.996,0.53898,0.34573,517.4,590.2,0.954,0.69473,0.36142,666.9,616.9,0.023,0.49495,0.3321,475.2,566.9,0.784,0.66626,0.38618,639.6,659.2,0.004,0.47584,0.33247,456.8,567.5,0.759,0.66191,0.39371,635.4,672.1,0.006,0.48122,0.32731,462.0,558.7,0.751,0.65163,0.39082,625.6,667.1,0.006,0.48861,0.32751,469.1,559.1,0.621,0.65181,0.38801,625.7,662.3,0.006,0.62922,0.41668,604.1,711.3,1.0,0.68367,0.41117,656.3,701.9,0.998,0.55199,0.48358,529.9,825.5,0.954,0.57385,0.38933,550.9,664.6,0.066,0.50363,0.56009,483.5,956.1,0.967,0.61391,0.4644,589.4,792.7,0.192,0.51069,0.57332,490.3,978.7,0.97,0.61691,0.46912,592.2,800.8,0.449,0.45375,0.57091,435.6,974.5,0.9,0.56875,0.46929,546.0,801.1,0.131
688,19.001,960,1707,0.59052,0.30259,566.9,516.5,0.992,0.59132,0.29875,567.7,510.0,0.99,0.59029,0.29849,566.7,509.5,0.993,0.58909,0.29813,565.5,508.9,0.995,0.59635,0.29812,572.5,508.9,0.99,0.59908,0.29748,575.1,507.8,0.991,0.60142,0.29675,577.4,506.6,0.991,0.58989,0.2984,566.3,509.4,0.998,0.61242,0.29632,587.9,505.8,0.988,0.59133,0.30503,567.7,520.7,0.989,0.59677,0.3054,572.9,521.3,0.978,0.58432,0.30978,560.9,528.8,1.0,0.6675,0.31296,640.8,534.2,0.996,0.53899,0.3456,517.4,589.9,0.957,0.69136,0.36006,663.7,614.6,0.028,0.49497,0.33199,475.2,566.7,0.795,0.66311,0.37874,636.6,646.5,0.004,0.47588,0.33229,456.8,567.2,0.771,0.65994,0.38377,633.5,655.1,0.006,0.48179,0.32726,462.5,558.6,0.763,0.64908,0.3807,623.1,649.9,0.006,0.4896,0.32746,470.0,559.0,0.638,0.64827,0.3789,622.3,646.8,0.006,0.6312,0.41798,606.0,713.5,1.0,0.68435,0.41128,657.0,702.1,0.998,0.55159,0.48357,529.5,825.5,0.957,0.59145,0.38509,567.8,657.4,0.077,0.50365,0.55972,483.5,955.4,0.97,0.61354,0.46112,589.0,787.1,0.221,0.51084,0.5724,490.4,977.1,0.972,0.61766,0.46965,593.0,801.7,0.478,0.45341,0.57089,435.3,974.5,0.907,0.56841,0.46061,545.7,786.3,0.152
689,19.028,960,1707,0.59153,0.30309,567.9,517.4,0.992,0.59268,0.29908,569.0,510.5,0.991,0.59174,0.29881,568.1,510.1,0.993,0.59078,0.29846,567.1,509.5,0.995,0.59745,0.29847,573.5,509.5,0.99,0.59989,0.29785,575.9,508.4,0.991,0.60209,0.29719,578.0,507.3,0.991,0.59214,0.2987,568.5,509.9,0.998,0.61285,0.29684,588.3,506.7,0.989,0.59259,0.30538,568.9,521.3,0.989,0.59797,0.30577,574.0,522.0,0.979,0.58534,0.30992,561.9,529.0,1.0,0.67024,0.31413,643.4,536.2,0.996,0.53909,0.34565,517.5,590.0,0.953,0.69242,0.36121,664.7,616.6,0.027,0.4952,0.33188,475.4,566.5,0.797,0.66699,0.38225,640.3,652.5,0.005,0.47578,0.33236,456.8,567.3,0.774,0.66539,0.3871,638.8,660.8,0.007,0.48177,0.32641,462.5,557.2,0.766,0.65169,0.38554,625.6,658.1,0.007,0.48965,0.3265,470.1,557.3,0.643,0.65012,0.38417,624.1,655.8,0.007,0.63495,0.41947,609.6,716.0,1.0,0.68454,0.41164,657.2,702.7,0.998,0.55135,0.48318,529.3,824.8,0.96,0.58454,0.3858,561.2,658.6,0.084,0.50425,0.55885,484.1,954.0,0.972,0.61318,0.46194,588.7,788.5,0.243,0.51222,0.5708,491.7,974.4,0.973,0.61376,0.46954,589.2,801.5,0.499,0.45315,0.57083,435.0,974.4,0.912,0.56602,0.4633,543.4,790.8,0.169
690,19.056,960,1707,0.59179,0.30387,568.1,518.7,0.993,0.59282,0.2996,569.1,511.4,0.992,0.59184,0.2993,568.2,510.9,0.994,0.59085,0.29892,567.2,510.3,0.995,0.59759,0.29909,573.7,510.6,0.991,0.59998,0.29852,576.0,509.6,0.992,0.60213,0.29791,578.0,508.5,0.992,0.59294,0.29901,569.2,510.4,0.998,0.6128,0.29751,588.3,507.9,0.99,0.59293,0.30616,569.2,522.6,0.99,0.59826,0.30656,574.3,523.3,0.981,0.58656,0.31007,563.1,529.3,1.0,0.67144,0.31539,644.6,538.4,0.996,0.53947,0.34565,517.9,590.0,0.956,0.70331,0.36318,675.2,619.9,0.042,0.49617,0.33193,476.3,566.6,0.805,0.66877,0.38388,642.0,655.3,0.005,0.47675,0.33226,457.7,567.2,0.782,0.66376,0.38982,637.2,665.4,0.007,0.48321,0.32643,463.9,557.2,0.774,0.65284,0.38679,626.7,660.2,0.007,0.49148,0.32656,471.8,557.4,0.655,0.65353,0.38455,627.4,656.4,0.007,0.63841,0.41945,612.9,716.0,1.0,0.68409,0.41169,656.7,702.8,0.998,0.55115,0.48317,529.1,824.8,0.964,0.57559,0.38765,552.6,661.7,0.115,0.50459,0.55887,484.4,954.0,0.974,0.61299,0.46575,588.5,795.0,0.291,0.51272,0.57096,492.2,974.6,0.976,0.61367,0.47122,589.1,804.4,0.538,0.45241,0.57062,434.3,974.1,0.92,0.56717,0.47504,544.5,810.9,0.21
691,19.084,960,1707,0.59267,0.30411,569.0,519.1,0.993,0.59404,0.29992,570.3,512.0,0.992,0.59309,0.29961,569.4,511.4,0.994,0.59213,0.29921,568.4,510.8,0.996,0.59862,0.29948,574.7,511.2,0.992,0.6008,0.29894,576.8,510.3,0.993,0.6028,0.29837,578.7,509.3,0.993,0.59397,0.29926,570.2,510.8,0.998,0.61314,0.29797,588.6,508.6,0.991,0.59378,0.30635,570.0,522.9,0.991,0.59895,0.3068,575.0,523.7,0.982,0.5873,0.31002,563.8,529.2,1.0,0.67219,0.316,645.3,539.4,0.997,0.53949,0.34564,517.9,590.0,0.959,0.69881,0.36242,670.9,618.7,0.064,0.49671,0.33197,476.8,566.7,0.808,0.66706,0.3812,640.4,650.7,0.005,0.47757,0.33231,458.5,567.2,0.784,0.66319,0.38649,636.7,659.7,0.008,0.48449,0.32647,465.1,557.3,0.777,0.65162,0.38322,625.6,654.2,0.007,0.4926,0.32658,472.9,557.5,0.662,0.65226,0.38124,626.2,650.8,0.008,0.64081,0.4193,615.2,715.7,1.0,0.68375,0.41082,656.4,701.3,0.998,0.55124,0.48281,529.2,824.2,0.967,0.57787,0.38654,554.8,659.8,0.137,0.50578,0.55848,485.5,953.3,0.977,0.61281,0.45717,588.3,780.4,0.326,0.51472,0.57058,494.1,974.0,0.978,0.61959,0.46992,594.8,802.2,0.57,0.45243,0.5708,434.3,974.4,0.927,0.56683,0.4579,544.2,781.6,0.24
692,19.111,960,1707,0.59401,0.30397,570.3,518.9,0.993,0.59543,0.29987,571.6,511.9,0.993,0.5944,0.29955,570.6,511.3,0.994,0.59337,0.29914,569.6,510.6,0.996,0.60046,0.29942,576.4,511.1,0.993,0.60277,0.29889,578.7,510.2,0.993,0.60495,0.29831,580.8,509.2,0.993,0.59461,0.29916,570.8,510.7,0.998,0.61508,0.29795,590.5,508.6,0.991,0.59485,0.30626,571.1,522.8,0.991,0.60065,0.30669,576.6,523.5,0.983,0.58767,0.31001,564.2,529.2,1.0,0.67344,0.31574,646.5,539.0,0.997,0.53949,0.34564,517.9,590.0,0.961,0.69826,0.36291,670.3,619.5,0.077,0.49668,0.33197,476.8,566.7,0.81,0.66961,0.38395,642.8,655.4,0.005,0.47765,0.33235,458.5,567.3,0.785,0.66629,0.3915,639.6,668.3,0.008,0.4843,0.32648,464.9,557.3,0.778,0.65691,0.38817,630.6,662.6,0.007,0.49221,0.32657,472.5,557.5,0.666,0.65744,0.38562,631.1,658.2,0.008,0.64171,0.41932,616.0,715.8,1.0,0.68351,0.41021,656.2,700.2,0.999,0.55111,0.48259,529.1,823.8,0.97,0.57863,0.38484,555.5,656.9,0.147,0.50615,0.5585,485.9,953.4,0.979,0.61264,0.45452,588.1,775.9,0.344,0.51475,0.5707,494.2,974.2,0.979,0.62183,0.46942,597.0,801.3,0.59,0.45175,0.56986,433.7,972.7,0.932,0.56782,0.45389,545.1,774.8,0.252
693,19.139,960,1707,0.59629,0.30416,572.4,519.2,0.993,0.59669,0.30026,572.8,512.5,0.993,0.59553,0.29991,571.7,511.9,0.994,0.59441,0.29944,570.6,511.2,0.996,0.60228,0.29985,578.2,511.8,0.993,0.6048,0.29932,580.6,510.9,0.994,0.60724,0.29872,582.9,509.9,0.993,0.5952,0.29934,571.4,511.0,0.998,0.6173,0.29837,592.6,509.3,0.992,0.59695,0.30627,573.1,522.8,0.991,0.60338,0.30675,579.2,523.6,0.983,0.58777,0.30998,564.3,529.1,1.0,0.6747,0.31579,647.7,539.1,0.997,0.53963,0.34563,518.0,590.0,0.96,0.69747,0.36292,669.6,619.5,0.074,0.4964,0.33186,476.5,566.5,0.799,0.66914,0.38244,642.4,652.8,0.005,0.47723,0.33236,458.1,567.3,0.774,0.66675,0.39036,640.1,666.3,0.008,0.48287,0.32633,463.6,557.0,0.767,0.65708,0.38737,630.8,661.2,0.007,0.49098,0.32626,471.3,556.9,0.654,0.65625,0.38448,630.0,656.3,0.008,0.63983,0.42007,614.2,717.1,1.0,0.68365,0.41107,656.3,701.7,0.998,0.55107,0.48362,529.0,825.5,0.972,0.60102,0.38325,577.0,654.2,0.147,0.50681,0.5587,486.5,953.7,0.98,0.61385,0.45358,589.3,774.3,0.353,0.51522,0.57107,494.6,974.8,0.981,0.62311,0.46949,598.2,801.4,0.602,0.45184,0.56802,433.8,969.6,0.936,0.56784,0.44975,545.1,767.7,0.255
694,19.167,960,1707,0.59669,0.30409,572.8,519.1,0.993,0.59688,0.30033,573.0,512.7,0.992,0.59571,0.29997,571.9,512.1,0.994,0.59456,0.2995,570.8,511.2,0.996,0.60237,0.29983,578.3,511.8,0.992,0.60475,0.29927,580.6,510.8,0.993,0.60704,0.29864,582.8,509.8,0.993,0.59519,0.29933,571.4,511.0,0.998,0.61695,0.29828,592.3,509.2,0.992,0.59726,0.30623,573.4,522.7,0.99,0.60372,0.30674,579.6,523.6,0.981,0.58799,0.30997,564.5,529.1,1.0,0.67497,0.31575,648.0,539.0,0.997,0.53964,0.3457,518.1,590.1,0.962,0.69685,0.36281,669.0,619.3,0.075,0.49562,0.33186,475.8,566.5,0.794,0.66919,0.3811,642.4,650.5,0.005,0.47593,0.33239,456.9,567.4,0.768,0.6668,0.38785,640.1,662.1,0.007,0.48089,0.32617,461.6,556.8,0.761,0.65728,0.38557,631.0,658.2,0.007,0.48912,0.32597,469.6,556.4,0.649,0.6563,0.38319,630.0,654.1,0.007,0.63901,0.42044,613.5,717.7,1.0,0.6833,0.41114,656.0,701.8,0.998,0.55105,0.48378,529.0,825.8,0.974,0.60212,0.38372,578.0,655.0,0.15,0.50807,0.55883,487.7,953.9,0.981,0.61465,0.4561,590.1,778.6,0.364,0.51623,0.57124,495.6,975.1,0.982,0.62499,0.47357,600.0,808.4,0.614,0.45215,0.56804,434.1,969.6,0.939,0.56829,0.45496,545.6,776.6,0.258
695,19.194,960,1707,0.5972,0.30456,573.3,519.9,0.993,0.59744,0.30076,573.5,513.4,0.992,0.5964,0.3004,572.5,512.8,0.994,0.59542,0.29992,571.6,512.0,0.996,0.60274,0.30032,578.6,512.6,0.993,0.60516,0.29977,581.0,511.7,0.994,0.60753,0.29915,583.2,510.7,0.993,0.59646,0.29985,572.6,511.8,0.998,0.6175,0.29887,592.8,510.2,0.992,0.59801,0.30665,574.1,523.4,0.99,0.60425,0.30717,580.1,524.3,0.982,0.58838,0.31066,564.8,530.3,1.0,0.67555,0.31619,648.5,539.7,0.997,0.53968,0.34569,518.1,590.1,0.963,0.69683,0.36265,669.0,619.1,0.08,0.49562,0.33188,475.8,566.5,0.795,0.67088,0.37799,644.0,645.2,0.005,0.47595,0.33239,456.9,567.4,0.77,0.66762,0.38311,640.9,654.0,0.007,0.48098,0.32611,461.7,556.7,0.763,0.65842,0.37905,632.1,647.0,0.007,0.48928,0.32595,469.7,556.4,0.652,0.65753,0.37709,631.2,643.7,0.007,0.63906,0.42154,613.5,719.6,1.0,0.68345,0.41333,656.1,705.5,0.998,0.55069,0.48377,528.7,825.8,0.976,0.60538,0.3894,581.2,664.7,0.163,0.51186,0.55988,491.4,955.7,0.983,0.617,0.46539,592.3,794.4,0.395,0.52087,0.57275,500.0,977.7,0.983,0.62167,0.4747,596.8,810.3,0.638,0.45365,0.56853,435.5,970.5,0.944,0.57373,0.46977,550.8,801.9,0.279
696,19.222,960,1707,0.59773,0.30554,573.8,521.6,0.993,0.5981,0.30154,574.2,514.7,0.992,0.59703,0.30119,573.1,514.1,0.994,0.59603,0.30073,572.2,513.3,0.996,0.60376,0.3011,579.6,514.0,0.992,0.6065,0.30058,582.2,513.1,0.993,0.60936,0.3,585.0,512.1,0.993,0.59731,0.30072,573.4,513.3,0.998,0.62023,0.29979,595.4,511.7,0.992,0.59849,0.30772,574.5,525.3,0.989,0.60503,0.30829,580.8,526.2,0.981,0.58836,0.31199,564.8,532.6,1.0,0.67629,0.3179,649.2,542.7,0.997,0.53992,0.34642,518.3,591.3,0.954,0.69176,0.36361,664.1,620.7,0.072,0.49603,0.33218,476.2,567.0,0.783,0.67018,0.37676,643.4,643.1,0.005,0.47614,0.33244,457.1,567.5,0.76,0.66921,0.37906,642.4,647.1,0.007,0.48162,0.32628,462.4,557.0,0.753,0.65783,0.37593,631.5,641.7,0.007,0.49014,0.32617,470.5,556.8,0.64,0.65707,0.3753,630.8,640.6,0.007,0.63832,0.4235,612.8,722.9,1.0,0.68458,0.41613,657.2,710.3,0.998,0.55005,0.48435,528.0,826.8,0.976,0.61502,0.38905,590.4,664.1,0.154,0.51377,0.56216,493.2,959.6,0.982,0.61865,0.4655,593.9,794.6,0.38,0.52128,0.57569,500.4,982.7,0.982,0.61955,0.47482,594.8,810.5,0.624,0.4564,0.56854,438.1,970.5,0.941,0.58097,0.46752,557.7,798.0,0.266
697,19.249,960,1707,0.59824,0.30573,574.3,521.9,0.993,0.59833,0.3016,574.4,514.8,0.992,0.59718,0.30128,573.3,514.3,0.994,0.59611,0.30085,572.3,513.6,0.996,0.60439,0.30113,580.2,514.0,0.993,0.60738,0.30063,583.1,513.2,0.993,0.61056,0.30008,586.1,512.2,0.993,0.59733,0.30099,573.4,513.8,0.998,0.62153,0.30009,596.7,512.2,0.992,0.59892,0.30819,575.0,526.1,0.989,0.60567,0.30869,581.4,526.9,0.981,0.58857,0.31289,565.0,534.1,1.0,0.67613,0.31891,649.1,544.4,0.997,0.53993,0.34718,518.3,592.6,0.95,0.68052,0.3625,653.3,618.8,0.065,0.49624,0.33219,476.4,567.1,0.782,0.66553,0.36832,638.9,628.7,0.005,0.47626,0.3324,457.2,567.4,0.759,0.66908,0.36857,642.3,629.2,0.007,0.48219,0.32608,462.9,556.6,0.753,0.65672,0.36537,630.5,623.7,0.007,0.49091,0.32592,471.3,556.4,0.64,0.65264,0.3656,626.5,624.1,0.007,0.63741,0.42516,611.9,725.7,1.0,0.68461,0.4168,657.2,711.5,0.998,0.5493,0.48539,527.3,828.6,0.976,0.62007,0.38264,595.3,653.2,0.142,0.51427,0.56385,493.7,962.5,0.982,0.62451,0.452,599.5,771.6,0.352,0.5214,0.57738,500.5,985.6,0.982,0.6299,0.46834,604.7,799.5,0.589,0.45663,0.56855,438.4,970.5,0.938,0.58651,0.4442,563.0,758.3,0.246
698,19.277,960,1707,0.59881,0.30597,574.9,522.3,0.993,0.5986,0.30188,574.7,515.3,0.993,0.59731,0.30162,573.4,514.9,0.995,0.59615,0.30123,572.3,514.2,0.996,0.60537,0.30121,581.2,514.2,0.993,0.6085,0.30069,584.2,513.3,0.994,0.61173,0.30012,587.3,512.3,0.993,0.59733,0.30137,573.4,514.4,0.998,0.62244,0.30018,597.5,512.4,0.993,0.59931,0.30846,575.3,526.5,0.99,0.60648,0.30882,582.2,527.2,0.982,0.58857,0.31347,565.0,535.1,1.0,0.67597,0.31907,648.9,544.6,0.997,0.54002,0.34847,518.4,594.8,0.949,0.67473,0.36236,647.7,618.6,0.06,0.49624,0.3323,476.4,567.2,0.786,0.65899,0.36724,632.6,626.9,0.005,0.47596,0.33229,456.9,567.2,0.765,0.66339,0.3678,636.9,627.8,0.008,0.48214,0.32583,462.9,556.2,0.759,0.65129,0.36448,625.2,622.2,0.008,0.49085,0.32578,471.2,556.1,0.649,0.64611,0.36473,620.3,622.6,0.008,0.63719,0.42589,611.7,727.0,1.0,0.68455,0.41735,657.2,712.4,0.998,0.54807,0.48534,526.1,828.5,0.977,0.61653,0.38295,591.9,653.7,0.14,0.51532,0.56367,494.7,962.2,0.983,0.62303,0.45318,598.1,773.6,0.347,0.52354,0.57702,502.6,985.0,0.982,0.62798,0.46987,602.9,802.1,0.588,0.45855,0.56849,440.2,970.4,0.94,0.5773,0.44825,554.2,765.2,0.243
699,19.305,960,1707,0.59806,0.30609,574.1,522.5,0.993,0.59747,0.30192,573.6,515.4,0.993,0.59626,0.30165,572.4,514.9,0.995,0.5951,0.30123,571.3,514.2,0.996,0.60401,0.30131,579.8,514.3,0.993,0.6072,0.30077,582.9,513.4,0.994,0.61046,0.30018,586.0,512.4,0.994,0.59713,0.30129,573.2,514.3,0.998,0.62184,0.30011,597.0,512.3,0.993,0.59899,0.30861,575.0,526.8,0.99,0.60566,0.30893,581.4,527.3,0.982,0.58881,0.31335,565.3,534.9,1.0,0.67589,0.31962,648.9,545.6,0.997,0.54044,0.34938,518.8,596.4,0.944,0.67419,0.36227,647.2,618.4,0.055,0.49625,0.3323,476.4,567.2,0.782,0.65376,0.36792,627.6,628.0,0.005,0.4759,0.33224,456.9,567.1,0.763,0.65661,0.36878,630.3,629.5,0.009,0.48208,0.32559,462.8,555.8,0.757,0.64354,0.36558,617.8,624.1,0.008,0.49079,0.32555,471.2,555.7,0.647,0.63899,0.36565,613.4,624.2,0.009,0.63569,0.42634,610.3,727.8,1.0,0.68429,0.41829,656.9,714.0,0.998,0.54702,0.48689,525.1,831.1,0.978,0.61606,0.38302,591.4,653.8,0.136,0.51512,0.56408,494.5,962.9,0.983,0.61293,0.45324,588.4,773.7,0.342,0.52311,0.57712,502.2,985.2,0.983,0.62722,0.47331,602.1,807.9,0.584,0.45847,0.56833,440.1,970.1,0.942,0.57285,0.45016,549.9,768.4,0.238
700,19.332,960,1707,0.5965,0.30612,572.6,522.5,0.993,0.59539,0.30187,571.6,515.3,0.993,0.59432,0.3016,570.5,514.8,0.995,0.59322,0.30118,569.5,514.1,0.996,0.60109,0.30127,577.0,514.3,0.993,0.60398,0.30072,579.8,513.3,0.994,0.60686,0.30013,582.6,512.3,0.994,0.5965,0.30109,572.6,514.0,0.998,0.61812,0.3,593.4,512.1,0.993,0.59823,0.30874,574.3,527.0,0.99,0.60402,0.30899,579.9,527.4,0.982,0.58974,0.31328,566.2,534.8,1.0,0.67586,0.31962,648.8,545.6,0.997,0.54114,0.34975,519.5,597.0,0.938,0.67668,0.36457,649.6,622.3,0.05,0.49631,0.33231,476.5,567.3,0.775,0.65799,0.38647,631.7,659.7,0.005,0.4759,0.33198,456.9,566.7,0.757,0.66403,0.39318,637.5,671.2,0.009,0.48209,0.32529,462.8,555.3,0.751,0.65227,0.39148,626.2,668.3,0.008,0.49079,0.32529,471.2,555.3,0.641,0.64908,0.38986,623.1,665.5,0.009,0.63659,0.42703,611.1,728.9,1.0,0.68259,0.4182,655.3,713.9,0.998,0.54597,0.48675,524.1,830.9,0.978,0.57133,0.39232,548.5,669.7,0.131,0.51512,0.56398,494.5,962.7,0.982,0.60898,0.46672,584.6,796.7,0.329,0.52288,0.577,502.0,984.9,0.981,0.61772,0.47578,593.0,812.2,0.572,0.45967,0.56827,441.3,970.0,0.939,0.57296,0.47332,550.0,808.0,0.229
701,19.36,960,1707,0.59582,0.30654,572.0,523.3,0.994,0.59422,0.30205,570.5,515.6,0.994,0.59324,0.30174,569.5,515.1,0.995,0.5922,0.30131,568.5,514.3,0.996,0.59955,0.30153,575.6,514.7,0.994,0.60235,0.301,578.3,513.8,0.995,0.60511,0.30043,580.9,512.8,0.994,0.59635,0.30104,572.5,513.9,0.998,0.61682,0.30002,592.1,512.1,0.993,0.59819,0.30933,574.3,528.0,0.991,0.60368,0.3095,579.5,528.3,0.983,0.59254,0.31278,568.8,533.9,1.0,0.67577,0.32004,648.7,546.3,0.997,0.54284,0.35004,521.1,597.5,0.937,0.68659,0.36689,659.1,626.3,0.046,0.49652,0.33246,476.7,567.5,0.777,0.6728,0.3945,645.9,673.4,0.006,0.47587,0.33199,456.8,566.7,0.76,0.67699,0.40094,649.9,684.4,0.009,0.48208,0.32526,462.8,555.2,0.755,0.66461,0.39875,638.0,680.7,0.009,0.49079,0.32526,471.2,555.2,0.644,0.66219,0.39661,635.7,677.0,0.009,0.63756,0.42666,612.1,728.3,1.0,0.67818,0.41795,651.1,713.4,0.998,0.54465,0.48593,522.9,829.5,0.977,0.55463,0.39627,532.4,676.4,0.13,0.51561,0.56386,495.0,962.5,0.982,0.60019,0.46646,576.2,796.2,0.321,0.52377,0.57656,502.8,984.2,0.98,0.61019,0.47783,585.8,815.7,0.566,0.45893,0.5684,440.6,970.3,0.937,0.5682,0.48304,545.5,824.6,0.225
702,19.387,960,1707,0.59478,0.3065,571.0,523.2,0.994,0.59327,0.30198,569.5,515.5,0.994,0.59245,0.30162,568.7,514.9,0.996,0.59154,0.30112,567.9,514.0,0.997,0.59805,0.30152,574.1,514.7,0.994,0.60064,0.30099,576.6,513.8,0.995,0.60322,0.30041,579.1,512.8,0.995,0.59632,0.30024,572.5,512.5,0.999,0.61498,0.29953,590.4,511.3,0.994,0.59798,0.30927,574.1,527.9,0.991,0.60292,0.30947,578.8,528.3,0.984,0.59505,0.31159,571.2,531.9,1.0,0.67519,0.32,648.2,546.2,0.997,0.54307,0.3501,521.3,597.6,0.942,0.70216,0.36705,674.1,626.6,0.062,0.4966,0.33254,476.7,567.6,0.787,0.67615,0.39616,649.1,676.2,0.006,0.47566,0.33199,456.6,566.7,0.77,0.67599,0.40696,649.0,694.7,0.009,0.48203,0.32521,462.7,555.1,0.764,0.66642,0.40342,639.8,688.6,0.009,0.49079,0.32523,471.2,555.2,0.657,0.66681,0.39975,640.1,682.4,0.009,0.63854,0.42655,613.0,728.1,1.0,0.67385,0.41791,646.9,713.4,0.999,0.54376,0.48523,522.0,828.3,0.979,0.54384,0.39839,522.1,680.0,0.156,0.51668,0.5638,496.0,962.4,0.983,0.59743,0.46671,573.5,796.7,0.346,0.52553,0.57628,504.5,983.7,0.981,0.60875,0.47827,584.4,816.4,0.591,0.45939,0.56838,441.0,970.2,0.942,0.56244,0.48461,539.9,827.2,0.248
703,19.415,960,1707,0.59382,0.30647,570.1,523.1,0.994,0.59244,0.30187,568.7,515.3,0.994,0.59176,0.30148,568.1,514.6,0.996,0.591,0.30096,567.4,513.7,0.997,0.59701,0.30146,573.1,514.6,0.995,0.59958,0.30093,575.6,513.7,0.995,0.60215,0.30034,578.1,512.7,0.995,0.59629,0.29973,572.4,511.6,0.999,0.61397,0.29922,589.4,510.8,0.994,0.59778,0.30922,573.9,527.8,0.992,0.60232,0.30943,578.2,528.2,0.985,0.59568,0.31106,571.9,531.0,1.0,0.67445,0.31991,647.5,546.1,0.997,0.54421,0.35045,522.4,598.2,0.94,0.69964,0.3672,671.7,626.8,0.057,0.49674,0.33295,476.9,568.3,0.785,0.68643,0.39651,659.0,676.8,0.006,0.47552,0.3321,456.5,566.9,0.77,0.69115,0.40675,663.5,694.3,0.01,0.48202,0.32521,462.7,555.1,0.764,0.67952,0.40401,652.3,689.7,0.01,0.49079,0.32524,471.2,555.2,0.656,0.67732,0.40112,650.2,684.7,0.01,0.64,0.42634,614.4,727.8,1.0,0.67266,0.41709,645.8,712.0,0.999,0.54325,0.4845,521.5,827.0,0.98,0.54172,0.39923,520.0,681.5,0.159,0.51843,0.56351,497.7,961.9,0.984,0.59767,0.4671,573.8,797.3,0.348,0.52766,0.57625,506.6,983.7,0.981,0.60974,0.47887,585.3,817.4,0.596,0.4596,0.56874,441.2,970.8,0.943,0.56014,0.48407,537.7,826.3,0.252
704,19.443,960,1707,0.59284,0.30621,569.1,522.7,0.995,0.59186,0.30137,568.2,514.4,0.995,0.59137,0.3009,567.7,513.6,0.996,0.59075,0.30029,567.1,512.6,0.997,0.5959,0.30109,572.1,514.0,0.995,0.59827,0.30054,574.3,513.0,0.996,0.60058,0.29989,576.6,511.9,0.995,0.5963,0.29871,572.4,509.9,0.999,0.61236,0.29836,587.9,509.3,0.995,0.59755,0.30896,573.6,527.4,0.992,0.60144,0.30922,577.4,527.8,0.986,0.59687,0.31049,573.0,530.0,1.0,0.67316,0.31941,646.2,545.2,0.998,0.54452,0.35051,522.7,598.3,0.937,0.69833,0.36689,670.4,626.3,0.053,0.49679,0.33347,476.9,569.2,0.781,0.68243,0.39342,655.1,671.6,0.007,0.47544,0.33241,456.4,567.4,0.768,0.68565,0.40247,658.2,687.0,0.011,0.48207,0.32529,462.8,555.3,0.762,0.67435,0.3999,647.4,682.6,0.01,0.49087,0.32547,471.2,555.6,0.655,0.67226,0.3975,645.4,678.5,0.011,0.63975,0.4262,614.2,727.5,1.0,0.66658,0.41627,639.9,710.6,0.999,0.54332,0.48481,521.6,827.6,0.981,0.53341,0.39984,512.1,682.5,0.17,0.51871,0.56333,498.0,961.6,0.985,0.59908,0.47208,575.1,805.8,0.357,0.5283,0.5762,507.2,983.6,0.982,0.60986,0.47866,585.5,817.1,0.608,0.4592,0.56901,440.8,971.3,0.947,0.56166,0.48347,539.2,825.3,0.264
705,19.47,960,1707,0.5924,0.30623,568.7,522.7,0.995,0.59177,0.30136,568.1,514.4,0.995,0.59134,0.30089,567.7,513.6,0.996,0.59075,0.30026,567.1,512.5,0.997,0.59549,0.30108,571.7,513.9,0.996,0.59772,0.30053,573.8,513.0,0.996,0.59985,0.29988,575.9,511.9,0.996,0.59656,0.2985,572.7,509.5,0.999,0.61154,0.29823,587.1,509.1,0.995,0.59739,0.30897,573.5,527.4,0.993,0.60078,0.30926,576.8,527.9,0.987,0.59933,0.3101,575.4,529.3,1.0,0.67212,0.31898,645.2,544.5,0.998,0.54455,0.35079,522.8,598.8,0.941,0.7003,0.36542,672.3,623.8,0.053,0.49659,0.33353,476.7,569.3,0.794,0.68049,0.39074,653.3,667.0,0.007,0.47456,0.33264,455.6,567.8,0.782,0.68358,0.39786,656.2,679.1,0.011,0.48113,0.3253,461.9,555.3,0.776,0.67194,0.39437,645.1,673.2,0.01,0.49018,0.32547,470.6,555.6,0.675,0.67067,0.39167,643.8,668.6,0.011,0.63973,0.4261,614.1,727.4,1.0,0.66477,0.41505,638.2,708.5,0.999,0.54377,0.48491,522.0,827.7,0.982,0.53508,0.39845,513.7,680.2,0.2,0.51902,0.56302,498.3,961.1,0.986,0.59575,0.46489,571.9,793.6,0.379,0.52831,0.57565,507.2,982.6,0.983,0.61019,0.47603,585.8,812.6,0.628,0.45731,0.56897,439.0,971.2,0.95,0.55036,0.47954,528.3,818.6,0.286
706,19.498,960,1707,0.59169,0.30655,568.0,523.3,0.996,0.59115,0.30148,567.5,514.6,0.996,0.59079,0.30099,567.2,513.8,0.997,0.59025,0.30035,566.6,512.7,0.998,0.59483,0.30122,571.0,514.2,0.996,0.59705,0.30065,573.2,513.2,0.996,0.59914,0.29997,575.2,512.1,0.996,0.59657,0.29851,572.7,509.5,0.999,0.6108,0.29825,586.4,509.1,0.996,0.59683,0.30933,573.0,528.0,0.993,0.6,0.30958,576.0,528.5,0.988,0.60153,0.30996,577.5,529.1,1.0,0.67131,0.3191,644.5,544.7,0.998,0.54512,0.35081,523.3,598.8,0.937,0.69908,0.36541,671.1,623.8,0.048,0.49663,0.33359,476.8,569.4,0.791,0.67741,0.38805,650.3,662.4,0.006,0.47454,0.33283,455.6,568.1,0.781,0.67657,0.39321,649.5,671.2,0.011,0.48108,0.32544,461.8,555.5,0.775,0.66548,0.39041,638.9,666.4,0.01,0.4901,0.32556,470.5,555.7,0.674,0.66494,0.38858,638.3,663.3,0.011,0.6404,0.42607,614.8,727.3,1.0,0.65547,0.41423,629.3,707.1,0.999,0.5457,0.48491,523.9,827.7,0.983,0.52638,0.39882,505.3,680.8,0.213,0.51944,0.5625,498.7,960.2,0.986,0.58688,0.46638,563.4,796.1,0.388,0.529,0.57548,507.8,982.3,0.983,0.60842,0.47871,584.1,817.2,0.638,0.45589,0.56902,437.7,971.3,0.952,0.5421,0.47957,520.4,818.6,0.298
707,19.526,960,1707,0.59095,0.30695,567.3,524.0,0.996,0.59083,0.30159,567.2,514.8,0.996,0.59061,0.30106,567.0,513.9,0.997,0.59016,0.3004,566.5,512.8,0.998,0.59414,0.30146,570.4,514.6,0.996,0.59632,0.30089,572.5,513.6,0.997,0.59828,0.30024,574.4,512.5,0.997,0.59711,0.29847,573.2,509.5,0.999,0.61045,0.29825,586.0,509.1,0.996,0.59652,0.30968,572.7,528.6,0.994,0.5995,0.31002,575.5,529.2,0.989,0.60432,0.30978,580.1,528.8,1.0,0.67141,0.31993,644.5,546.1,0.998,0.54533,0.35063,523.5,598.5,0.942,0.69975,0.36428,671.8,621.8,0.046,0.49718,0.3336,477.3,569.5,0.804,0.66975,0.37495,643.0,640.0,0.006,0.47565,0.33287,456.6,568.2,0.794,0.66147,0.37889,635.0,646.8,0.01,0.48277,0.32587,463.5,556.3,0.79,0.65523,0.37433,629.0,639.0,0.01,0.49158,0.32615,471.9,556.7,0.693,0.65756,0.37265,631.3,636.1,0.01,0.64015,0.42608,614.5,727.3,1.0,0.65703,0.41424,630.8,707.1,0.999,0.547,0.48557,525.1,828.9,0.983,0.53116,0.39822,509.9,679.8,0.239,0.51947,0.56257,498.7,960.3,0.987,0.58851,0.46619,565.0,795.8,0.403,0.52906,0.5756,507.9,982.6,0.984,0.60904,0.47843,584.7,816.7,0.65,0.45474,0.56902,436.6,971.3,0.955,0.54433,0.47906,522.6,817.8,0.315
708,19.553,960,1707,0.59091,0.30694,567.3,523.9,0.996,0.59084,0.30148,567.2,514.6,0.996,0.5908,0.30088,567.2,513.6,0.997,0.59058,0.30017,567.0,512.4,0.998,0.59414,0.30144,570.4,514.6,0.997,0.59628,0.30088,572.4,513.6,0.997,0.59819,0.30023,574.3,512.5,0.997,0.59947,0.29799,575.5,508.7,0.999,0.61055,0.29809,586.1,508.8,0.996,0.59653,0.30966,572.7,528.6,0.994,0.59949,0.30999,575.5,529.2,0.99,0.60609,0.30973,581.8,528.7,1.0,0.67161,0.32014,644.7,546.5,0.998,0.54605,0.3506,524.2,598.5,0.946,0.69948,0.36339,671.5,620.3,0.045,0.49712,0.33353,477.2,569.3,0.819,0.65681,0.36745,630.5,627.2,0.006,0.47545,0.33298,456.4,568.4,0.81,0.64681,0.36994,620.9,631.5,0.01,0.48168,0.32586,462.4,556.2,0.806,0.64053,0.36483,614.9,622.8,0.009,0.49058,0.32607,471.0,556.6,0.715,0.64343,0.36377,617.7,621.0,0.01,0.63879,0.42448,613.2,724.6,1.0,0.65903,0.41414,632.7,706.9,0.999,0.54718,0.48558,525.3,828.9,0.983,0.53233,0.39802,511.0,679.4,0.266,0.51991,0.56278,499.1,960.7,0.987,0.59418,0.46608,570.4,795.6,0.419,0.52996,0.57657,508.8,984.2,0.985,0.61128,0.47036,586.8,802.9,0.665,0.45468,0.56903,436.5,971.3,0.958,0.56419,0.48009,541.6,819.5,0.335
709,19.581,960,1707,0.59051,0.30692,566.9,523.9,0.996,0.59075,0.30142,567.1,514.5,0.997,0.59077,0.3008,567.1,513.5,0.997,0.59058,0.30007,567.0,512.2,0.998,0.59375,0.3014,570.0,514.5,0.997,0.59583,0.30082,572.0,513.5,0.997,0.59764,0.30014,573.7,512.3,0.997,0.59967,0.29778,575.7,508.3,0.999,0.61014,0.29774,585.7,508.2,0.997,0.59642,0.30964,572.6,528.5,0.994,0.59912,0.30997,575.2,529.1,0.99,0.60762,0.30973,583.3,528.7,1.0,0.67058,0.31938,643.8,545.2,0.998,0.54602,0.35054,524.2,598.4,0.942,0.67558,0.36002,648.6,614.5,0.041,0.49676,0.3333,476.9,568.9,0.82,0.63415,0.35696,608.8,609.3,0.006,0.47499,0.33303,456.0,568.5,0.813,0.62789,0.35594,602.8,607.6,0.01,0.48038,0.32557,461.2,555.7,0.809,0.61791,0.35213,593.2,601.1,0.01,0.48976,0.32568,470.2,555.9,0.719,0.61822,0.35301,593.5,602.6,0.01,0.63673,0.42358,611.3,723.0,1.0,0.65892,0.41401,632.6,706.7,0.999,0.54681,0.48648,524.9,830.4,0.978,0.53671,0.39836,515.2,680.0,0.251,0.52001,0.56349,499.2,961.9,0.986,0.60511,0.46634,580.9,796.0,0.395,0.53093,0.57772,509.7,986.2,0.983,0.61378,0.47084,589.2,803.7,0.642,0.45445,0.56986,436.3,972.8,0.955,0.57666,0.47944,553.6,818.4,0.315
710,19.608,960,1707,0.58973,0.30687,566.1,523.8,0.996,0.5903,0.30112,566.7,514.0,0.997,0.59047,0.30043,566.9,512.8,0.998,0.59037,0.29965,566.8,511.5,0.998,0.59297,0.30116,569.2,514.1,0.997,0.59506,0.30051,571.3,513.0,0.997,0.59688,0.29974,573.0,511.7,0.997,0.59971,0.29687,575.7,506.8,0.999,0.60986,0.29661,585.5,506.3,0.997,0.5961,0.30949,572.3,528.3,0.995,0.59854,0.30979,574.6,528.8,0.99,0.60825,0.30973,583.9,528.7,1.0,0.67061,0.31934,643.8,545.1,0.998,0.54644,0.35051,524.6,598.3,0.943,0.67664,0.3595,649.6,613.7,0.037,0.4971,0.33308,477.2,568.6,0.817,0.63541,0.35467,610.0,605.4,0.006,0.47551,0.33291,456.5,568.3,0.811,0.62433,0.35083,599.4,598.9,0.01,0.48126,0.32556,462.0,555.7,0.807,0.61658,0.34708,591.9,592.5,0.01,0.4906,0.32569,471.0,555.9,0.717,0.61698,0.34796,592.3,594.0,0.011,0.63302,0.42273,607.7,721.6,1.0,0.6597,0.41461,633.3,707.7,0.999,0.54639,0.48809,524.5,833.2,0.977,0.54747,0.4044,525.6,690.3,0.251,0.52022,0.56447,499.4,963.6,0.986,0.60877,0.47512,584.4,811.0,0.395,0.5312,0.57905,509.9,988.4,0.983,0.61553,0.47446,590.9,809.9,0.645,0.45355,0.57071,435.4,974.2,0.954,0.57771,0.48442,554.6,826.9,0.313
711,19.636,960,1707,0.58966,0.30674,566.1,523.6,0.996,0.59032,0.30084,566.7,513.5,0.997,0.59048,0.30018,566.9,512.4,0.997,0.59037,0.29946,566.8,511.2,0.998,0.59305,0.30078,569.3,513.4,0.997,0.59515,0.30009,571.3,512.3,0.997,0.59697,0.2993,573.1,510.9,0.997,0.59991,0.29679,575.9,506.6,0.999,0.60989,0.29625,585.5,505.7,0.996,0.59601,0.30948,572.2,528.3,0.994,0.59853,0.30968,574.6,528.6,0.989,0.609,0.31027,584.6,529.6,1.0,0.67057,0.31932,643.7,545.1,0.998,0.54712,0.35045,525.2,598.2,0.941,0.67572,0.35907,648.7,612.9,0.034,0.4971,0.33296,477.2,568.4,0.817,0.64109,0.3601,615.4,614.7,0.006,0.47546,0.33262,456.4,567.8,0.812,0.63414,0.35991,608.8,614.4,0.01,0.48126,0.32545,462.0,555.6,0.807,0.62522,0.35629,600.2,608.2,0.01,0.4906,0.32567,471.0,555.9,0.717,0.62427,0.35639,599.3,608.4,0.01,0.63025,0.42153,605.0,719.5,1.0,0.65871,0.41553,632.4,709.3,0.999,0.54636,0.48869,524.5,834.2,0.972,0.57844,0.41748,555.3,712.6,0.234,0.52018,0.56483,499.4,964.2,0.984,0.60594,0.4738,581.7,808.8,0.373,0.53106,0.5798,509.8,989.7,0.98,0.61426,0.47961,589.7,818.7,0.623,0.45339,0.57079,435.3,974.3,0.946,0.57543,0.48443,552.4,826.9,0.293
712,19.664,960,1707,0.58847,0.3068,564.9,523.7,0.996,0.58985,0.3008,566.3,513.5,0.997,0.59023,0.30012,566.6,512.3,0.997,0.59027,0.2994,566.7,511.1,0.998,0.59224,0.30076,568.5,513.4,0.997,0.59441,0.30005,570.6,512.2,0.997,0.5963,0.29925,572.4,510.8,0.997,0.60046,0.29656,576.4,506.2,0.999,0.60979,0.29597,585.4,505.2,0.997,0.59564,0.30955,571.8,528.4,0.994,0.59775,0.30979,573.8,528.8,0.989,0.61092,0.31049,586.5,530.0,1.0,0.66767,0.3183,641.0,543.3,0.997,0.54833,0.35058,526.4,598.4,0.945,0.69315,0.36102,665.4,616.3,0.034,0.49649,0.33283,476.6,568.1,0.819,0.64825,0.37703,622.3,643.6,0.005,0.47545,0.33245,456.4,567.5,0.813,0.64177,0.38172,616.1,651.6,0.009,0.48103,0.32543,461.8,555.5,0.808,0.63554,0.3775,610.1,644.4,0.009,0.48986,0.32569,470.3,555.9,0.716,0.63831,0.37521,612.8,640.5,0.01,0.62725,0.42189,602.2,720.2,1.0,0.65142,0.41625,625.4,710.5,0.999,0.54393,0.48879,522.2,834.4,0.969,0.57563,0.41157,552.6,702.5,0.223,0.5226,0.56477,501.7,964.1,0.983,0.60539,0.47635,581.2,813.1,0.355,0.53245,0.58006,511.1,990.2,0.98,0.61643,0.48819,591.8,833.3,0.611,0.45444,0.57097,436.3,974.7,0.945,0.57387,0.48589,550.9,829.4,0.278
713,19.691,960,1707,0.58822,0.30557,564.7,521.6,0.996,0.58963,0.29951,566.0,511.3,0.997,0.59004,0.29888,566.4,510.2,0.998,0.59011,0.29821,566.5,509.0,0.998,0.59211,0.29938,568.4,511.0,0.997,0.59435,0.29865,570.6,509.8,0.997,0.5963,0.29784,572.5,508.4,0.997,0.60055,0.29574,576.5,504.8,0.999,0.60982,0.29507,585.4,503.7,0.997,0.59545,0.30866,571.6,526.9,0.994,0.59758,0.30878,573.7,527.1,0.99,0.61071,0.31088,586.3,530.7,1.0,0.66398,0.31735,637.4,541.7,0.998,0.54954,0.35103,527.6,599.2,0.945,0.68211,0.36344,654.8,620.4,0.031,0.49715,0.33239,477.3,567.4,0.822,0.64556,0.38684,619.7,660.3,0.005,0.4759,0.33232,456.9,567.3,0.815,0.6395,0.39358,613.9,671.8,0.009,0.48148,0.32489,462.2,554.6,0.81,0.63125,0.39146,606.0,668.2,0.009,0.49034,0.32525,470.7,555.2,0.719,0.6328,0.38962,607.5,665.1,0.01,0.62565,0.42449,600.6,724.6,1.0,0.63962,0.41625,614.0,710.5,0.999,0.54246,0.48872,520.8,834.2,0.966,0.52513,0.41179,504.1,702.9,0.216,0.524,0.56416,503.0,963.0,0.981,0.60285,0.47498,578.7,810.8,0.336,0.53302,0.57988,511.7,989.9,0.976,0.61289,0.48092,588.4,820.9,0.591,0.45464,0.571,436.5,974.7,0.939,0.57314,0.48551,550.2,828.8,0.263
714,19.719,960,1707,0.58792,0.30396,564.4,518.9,0.997,0.58946,0.29758,565.9,508.0,0.997,0.58988,0.29698,566.3,506.9,0.998,0.59001,0.29641,566.4,506.0,0.998,0.59192,0.29737,568.2,507.6,0.997,0.59414,0.29657,570.4,506.3,0.998,0.59612,0.29577,572.3,504.9,0.998,0.6007,0.29448,576.7,502.7,0.999,0.60985,0.29363,585.5,501.2,0.997,0.59515,0.3074,571.3,524.7,0.995,0.59723,0.30745,573.3,524.8,0.99,0.61081,0.31087,586.4,530.7,1.0,0.66332,0.31536,636.8,538.3,0.998,0.55151,0.35168,529.5,600.3,0.95,0.68221,0.36005,654.9,614.6,0.033,0.49691,0.33246,477.0,567.5,0.835,0.6434,0.37562,617.7,641.2,0.005,0.4759,0.33238,456.9,567.4,0.827,0.63412,0.38185,608.8,651.8,0.009,0.48115,0.32492,461.9,554.6,0.823,0.62763,0.37783,602.5,645.0,0.008,0.48967,0.32528,470.1,555.3,0.736,0.63008,0.37596,604.9,641.8,0.009,0.62097,0.4244,596.1,724.4,1.0,0.64201,0.4166,616.3,711.1,0.999,0.54188,0.48991,520.2,836.3,0.965,0.53094,0.41251,509.7,704.2,0.213,0.52426,0.5641,503.3,962.9,0.981,0.60076,0.4709,576.7,803.8,0.323,0.53399,0.57977,512.6,989.7,0.977,0.61152,0.47917,587.1,817.9,0.584,0.45413,0.57103,436.0,974.7,0.94,0.57409,0.4857,551.1,829.1,0.254
715,19.746,960,1707,0.58763,0.30236,564.1,516.1,0.997,0.58921,0.29601,565.6,505.3,0.997,0.5897,0.29541,566.1,504.3,0.998,0.5899,0.29492,566.3,503.4,0.998,0.59174,0.29575,568.1,504.8,0.998,0.59405,0.29492,570.3,503.4,0.998,0.59613,0.29413,572.3,502.1,0.998,0.60084,0.29304,576.8,500.2,0.999,0.60989,0.29197,585.5,498.4,0.997,0.59502,0.30598,571.2,522.3,0.995,0.59715,0.30589,573.3,522.2,0.991,0.61071,0.31075,586.3,530.5,1.0,0.66356,0.31503,637.0,537.8,0.998,0.55199,0.35198,529.9,600.8,0.953,0.68516,0.36038,657.7,615.2,0.033,0.49685,0.33253,477.0,567.6,0.832,0.64233,0.36946,616.6,630.7,0.005,0.47586,0.33235,456.8,567.3,0.822,0.6347,0.3742,609.3,638.8,0.008,0.48126,0.32492,462.0,554.6,0.817,0.62732,0.36893,602.2,629.8,0.008,0.48973,0.3253,470.1,555.3,0.729,0.62938,0.36788,604.2,628.0,0.009,0.617,0.42426,592.3,724.2,1.0,0.64435,0.41784,618.6,713.3,0.999,0.54099,0.48981,519.4,836.1,0.966,0.56879,0.41995,546.0,716.9,0.207,0.52411,0.56403,503.2,962.8,0.982,0.59884,0.47168,574.9,805.2,0.317,0.53419,0.57971,512.8,989.6,0.977,0.60861,0.4806,584.3,820.4,0.584,0.45632,0.57082,438.1,974.4,0.94,0.57395,0.48772,551.0,832.5,0.245
716,19.774,960,1707,0.58676,0.30171,563.3,515.0,0.997,0.58804,0.29515,564.5,503.8,0.998,0.58872,0.29446,565.2,502.6,0.998,0.58914,0.29392,565.6,501.7,0.999,0.59021,0.29504,566.6,503.6,0.998,0.59255,0.29421,568.9,502.2,0.998,0.59464,0.29346,570.9,500.9,0.998,0.60083,0.29166,576.8,497.9,0.999,0.60911,0.29081,584.7,496.4,0.998,0.59479,0.30522,571.0,521.0,0.995,0.59687,0.30519,573.0,521.0,0.992,0.61035,0.3104,585.9,529.8,1.0,0.66391,0.31409,637.4,536.1,0.998,0.5518,0.35232,529.7,601.4,0.955,0.68521,0.36049,657.8,615.4,0.033,0.49657,0.33268,476.7,567.9,0.814,0.63689,0.36756,611.4,627.4,0.004,0.47586,0.33239,456.8,567.4,0.802,0.63068,0.37117,605.5,633.6,0.008,0.48125,0.32498,462.0,554.7,0.797,0.6206,0.36489,595.8,622.9,0.007,0.4896,0.32549,470.0,555.6,0.706,0.62389,0.36529,598.9,623.5,0.008,0.61246,0.42147,588.0,719.4,1.0,0.64528,0.41944,619.5,716.0,0.999,0.5407,0.48975,519.1,836.0,0.961,0.58905,0.43666,565.5,745.4,0.192,0.52397,0.56363,503.0,962.1,0.979,0.59215,0.48037,568.5,820.0,0.296,0.53407,0.57965,512.7,989.5,0.976,0.59591,0.49257,572.1,840.8,0.562,0.45793,0.56981,439.6,972.7,0.933,0.56865,0.49492,545.9,844.8,0.227
717,19.802,960,1707,0.58504,0.30024,561.6,512.5,0.997,0.58606,0.29357,562.6,501.1,0.998,0.58682,0.29295,563.4,500.1,0.998,0.58736,0.29251,563.9,499.3,0.999,0.58776,0.29342,564.3,500.9,0.998,0.58986,0.29263,566.3,499.5,0.998,0.59187,0.2919,568.2,498.3,0.998,0.60027,0.29012,576.3,495.2,0.999,0.60651,0.28893,582.2,493.2,0.998,0.59341,0.30391,569.7,518.8,0.996,0.59511,0.30367,571.3,518.4,0.992,0.61009,0.31037,585.7,529.8,1.0,0.66283,0.31162,636.3,531.9,0.998,0.55163,0.35396,529.6,604.2,0.956,0.68449,0.36054,657.1,615.4,0.033,0.49458,0.33272,474.8,568.0,0.796,0.62111,0.36114,596.3,616.5,0.004,0.47445,0.33248,455.5,567.5,0.782,0.60588,0.36114,581.6,616.5,0.008,0.47971,0.32507,460.5,554.9,0.777,0.59713,0.35591,573.2,607.5,0.007,0.48732,0.32553,467.8,555.7,0.685,0.60216,0.35637,578.1,608.3,0.008,0.61349,0.42115,588.9,718.9,1.0,0.6409,0.4194,615.3,715.9,0.999,0.54136,0.48936,519.7,835.3,0.96,0.57383,0.42993,550.9,733.9,0.182,0.52436,0.56249,503.4,960.2,0.979,0.58275,0.47566,559.4,811.9,0.275,0.53394,0.57875,512.6,987.9,0.977,0.59348,0.4849,569.7,827.7,0.539,0.45813,0.56954,439.8,972.2,0.933,0.56552,0.48351,542.9,825.4,0.212
718,19.829,960,1707,0.58194,0.29891,558.7,510.2,0.998,0.58281,0.2923,559.5,499.0,0.998,0.5838,0.29174,560.4,498.0,0.998,0.58453,0.29139,561.1,497.4,0.999,0.58391,0.29201,560.5,498.5,0.998,0.58573,0.29118,562.3,497.0,0.998,0.58743,0.29043,563.9,495.8,0.998,0.59899,0.2891,575.0,493.5,0.999,0.60282,0.28755,578.7,490.8,0.998,0.59082,0.30255,567.2,516.5,0.996,0.59197,0.30211,568.3,515.7,0.993,0.60985,0.3106,585.5,530.2,1.0,0.66011,0.31067,633.7,530.3,0.998,0.55053,0.35514,528.5,606.2,0.955,0.67883,0.36039,651.7,615.2,0.03,0.49398,0.33296,474.2,568.4,0.774,0.60157,0.35597,577.5,607.6,0.004,0.47411,0.33282,455.2,568.1,0.76,0.59497,0.35566,571.2,607.1,0.007,0.47907,0.3253,459.9,555.3,0.755,0.58521,0.35119,561.8,599.5,0.007,0.48631,0.32572,466.9,556.0,0.662,0.58972,0.35201,566.1,600.9,0.008,0.60962,0.42113,585.2,718.9,1.0,0.63819,0.41929,612.7,715.7,0.999,0.5419,0.48951,520.2,835.6,0.96,0.57487,0.41558,551.9,709.4,0.169,0.52505,0.56263,504.0,960.4,0.979,0.57981,0.46064,556.6,786.3,0.254,0.53407,0.57923,512.7,988.7,0.976,0.59305,0.47801,569.3,816.0,0.509,0.46126,0.57018,442.8,973.3,0.932,0.56157,0.46523,539.1,794.1,0.197
719,19.857,960,1707,0.57769,0.29825,554.6,509.1,0.998,0.57864,0.29178,555.5,498.1,0.998,0.57977,0.29126,556.6,497.2,0.999,0.58067,0.2909,557.4,496.6,0.999,0.5796,0.29132,556.4,497.3,0.998,0.58146,0.29042,558.2,495.7,0.998,0.58315,0.28958,559.8,494.3,0.998,0.59547,0.28847,571.7,492.4,0.999,0.59836,0.28692,574.4,489.8,0.998,0.58646,0.30192,563.0,515.4,0.996,0.58726,0.3013,563.8,514.3,0.993,0.60876,0.31075,584.4,530.5,1.0,0.65742,0.30987,631.1,528.9,0.998,0.54855,0.35585,526.6,607.4,0.955,0.67211,0.35809,645.2,611.3,0.029,0.49401,0.33315,474.2,568.7,0.757,0.59354,0.3505,569.8,598.3,0.004,0.47393,0.33261,455.0,567.8,0.742,0.58633,0.35153,562.9,600.1,0.008,0.47909,0.32524,459.9,555.2,0.737,0.57685,0.34765,553.8,593.4,0.007,0.48638,0.32572,466.9,556.0,0.645,0.58136,0.34863,558.1,595.1,0.008,0.60843,0.42026,584.1,717.4,1.0,0.63632,0.41798,610.9,713.5,0.999,0.54187,0.48958,520.2,835.7,0.962,0.58064,0.4094,557.4,698.8,0.161,0.52563,0.56281,504.6,960.7,0.979,0.57915,0.46194,556.0,788.5,0.245,0.5353,0.5801,513.9,990.2,0.976,0.5909,0.47726,567.3,814.7,0.5,0.46189,0.57027,443.4,973.5,0.934,0.55324,0.46656,531.1,796.4,0.19
720,19.885,960,1707,0.5737,0.29714,550.8,507.2,0.998,0.5756,0.29062,552.6,496.1,0.998,0.57697,0.29008,553.9,495.2,0.999,0.57814,0.28968,555.0,494.5,0.999,0.57625,0.29006,553.2,495.1,0.998,0.57817,0.28909,555.0,493.5,0.999,0.57996,0.28816,556.8,491.9,0.999,0.59284,0.28739,569.1,490.6,1.0,0.5956,0.28582,571.8,487.9,0.998,0.58259,0.30092,559.3,513.7,0.997,0.58276,0.30015,559.4,512.3,0.994,0.60769,0.31073,583.4,530.4,1.0,0.65307,0.30907,626.9,527.6,0.998,0.54816,0.3561,526.2,607.9,0.955,0.6578,0.35578,631.5,607.3,0.027,0.49392,0.33316,474.2,568.7,0.746,0.57805,0.34818,554.9,594.3,0.005,0.47374,0.33273,454.8,568.0,0.731,0.56427,0.34953,541.7,596.7,0.008,0.47894,0.32529,459.8,555.3,0.726,0.55403,0.34632,531.9,591.2,0.008,0.48633,0.32572,466.9,556.0,0.635,0.55891,0.34756,536.6,593.3,0.009,0.60506,0.42007,580.9,717.1,1.0,0.63373,0.41722,608.4,712.2,0.999,0.54162,0.48958,520.0,835.7,0.963,0.5871,0.40953,563.6,699.1,0.151,0.52554,0.56282,504.5,960.7,0.979,0.58022,0.46248,557.0,789.5,0.233,0.53534,0.58042,513.9,990.8,0.976,0.59101,0.47824,567.4,816.4,0.485,0.4617,0.57042,443.2,973.7,0.935,0.5526,0.47,530.5,802.3,0.183
721,19.912,960,1707,0.5679,0.29623,545.2,505.7,0.998,0.57018,0.28987,547.4,494.8,0.999,0.57172,0.28944,548.9,494.1,0.999,0.57307,0.2891,550.1,493.5,0.999,0.5706,0.28913,547.8,493.5,0.999,0.57255,0.28817,549.6,491.9,0.999,0.57447,0.28724,551.5,490.3,0.999,0.58803,0.28688,564.5,489.7,1.0,0.59089,0.28521,567.3,486.8,0.999,0.57732,0.30026,554.2,512.5,0.997,0.57708,0.29933,554.0,511.0,0.995,0.60332,0.31078,579.2,530.5,1.0,0.64928,0.30878,623.3,527.1,0.998,0.54679,0.35714,524.9,609.6,0.956,0.66014,0.35635,633.7,608.3,0.025,0.49374,0.33342,474.0,569.2,0.741,0.58264,0.34836,559.3,594.7,0.005,0.47358,0.33268,454.6,567.9,0.724,0.57432,0.34942,551.3,596.5,0.009,0.47896,0.32531,459.8,555.3,0.719,0.56437,0.34589,541.8,590.4,0.009,0.48639,0.32586,466.9,556.2,0.628,0.56868,0.34708,545.9,592.5,0.01,0.60122,0.42013,577.2,717.2,1.0,0.63179,0.4172,606.5,712.2,0.999,0.54063,0.49022,519.0,836.8,0.964,0.588,0.42047,564.5,717.7,0.145,0.52526,0.56282,504.3,960.7,0.979,0.57828,0.47472,555.1,810.3,0.23,0.53526,0.58064,513.9,991.2,0.975,0.58873,0.49211,565.2,840.0,0.483,0.46143,0.57052,443.0,973.9,0.935,0.55125,0.48935,529.2,835.3,0.181
722,19.94,960,1707,0.56165,0.2957,539.2,504.8,0.998,0.56323,0.28929,540.7,493.8,0.999,0.56456,0.28903,542.0,493.4,0.999,0.56565,0.28882,543.0,493.0,0.999,0.56392,0.28842,541.4,492.3,0.999,0.5658,0.28753,543.2,490.8,0.999,0.56759,0.28667,544.9,489.3,0.999,0.57989,0.28682,556.7,489.6,1.0,0.584,0.28499,560.6,486.5,0.999,0.57048,0.30019,547.7,512.4,0.997,0.57007,0.29915,547.3,510.6,0.995,0.5972,0.31111,573.3,531.1,1.0,0.64384,0.30824,618.1,526.2,0.999,0.54546,0.35827,523.6,611.6,0.955,0.65709,0.35643,630.8,608.4,0.024,0.49373,0.33367,474.0,569.6,0.73,0.58453,0.3507,561.2,598.7,0.006,0.47356,0.33267,454.6,567.9,0.713,0.56982,0.3502,547.0,597.8,0.01,0.47897,0.32534,459.8,555.4,0.708,0.55879,0.34701,536.4,592.3,0.009,0.48642,0.32603,467.0,556.5,0.616,0.56321,0.34808,540.7,594.2,0.011,0.59661,0.42001,572.7,717.0,1.0,0.62872,0.41659,603.6,711.1,0.999,0.53918,0.49064,517.6,837.5,0.965,0.58993,0.41871,566.3,714.7,0.137,0.52441,0.56302,503.4,961.1,0.98,0.57806,0.4747,554.9,810.3,0.222,0.53521,0.58083,513.8,991.5,0.975,0.58905,0.49097,565.5,838.1,0.473,0.46021,0.57074,441.8,974.2,0.936,0.54887,0.4888,526.9,834.4,0.176
723,19.967,960,1707,0.55807,0.29613,535.8,505.5,0.999,0.55952,0.28975,537.1,494.6,0.999,0.56072,0.28942,538.3,494.0,0.999,0.56168,0.28914,539.2,493.6,0.999,0.56043,0.28897,538.0,493.3,0.999,0.56232,0.28808,539.8,491.8,0.999,0.56409,0.2872,541.5,490.3,0.999,0.57464,0.28713,551.7,490.1,1.0,0.57932,0.28542,556.1,487.2,0.999,0.56643,0.30043,543.8,512.8,0.997,0.56616,0.29954,543.5,511.3,0.996,0.5952,0.31186,571.4,532.3,1.0,0.64098,0.30683,615.3,523.8,0.999,0.54453,0.35958,522.7,613.8,0.946,0.62295,0.35265,598.0,602.0,0.022,0.49376,0.33369,474.0,569.6,0.707,0.55673,0.34613,534.5,590.8,0.006,0.47267,0.33266,453.8,567.8,0.691,0.54004,0.34326,518.4,585.9,0.012,0.47875,0.32508,459.6,554.9,0.686,0.52776,0.34144,506.6,582.8,0.011,0.48645,0.326,467.0,556.5,0.593,0.53743,0.3414,515.9,582.8,0.013,0.59285,0.41986,569.1,716.7,1.0,0.62347,0.41578,598.5,709.7,0.999,0.53623,0.48986,514.8,836.2,0.964,0.5905,0.41288,566.9,704.8,0.126,0.5232,0.56296,502.3,961.0,0.977,0.57609,0.47146,553.1,804.8,0.206,0.5349,0.58075,513.5,991.3,0.97,0.58989,0.49104,566.3,838.2,0.447,0.45979,0.57076,441.4,974.3,0.932,0.54625,0.48199,524.4,822.8,0.165
724,19.995,960,1707,0.5527,0.29593,530.6,505.2,0.999,0.5532,0.28918,531.1,493.6,0.999,0.55431,0.28885,532.1,493.1,0.999,0.55509,0.28855,532.9,492.6,0.999,0.55444,0.28842,532.3,492.3,0.999,0.55665,0.28753,534.4,490.8,0.999,0.55882,0.28661,536.5,489.2,0.999,0.57034,0.28664,547.5,489.3,1.0,0.57551,0.28494,552.5,486.4,0.999,0.56064,0.30042,538.2,512.8,0.998,0.56074,0.29948,538.3,511.2,0.996,0.59046,0.31235,566.8,533.2,1.0,0.6374,0.30696,611.9,524.0,0.999,0.54391,0.36139,522.2,616.9,0.941,0.62892,0.35352,603.8,603.5,0.02,0.49375,0.33371,474.0,569.6,0.69,0.57266,0.34872,549.8,595.3,0.007,0.47232,0.33267,453.4,567.9,0.675,0.55912,0.34706,536.8,592.4,0.014,0.4788,0.32501,459.7,554.8,0.669,0.54753,0.34476,525.6,588.5,0.013,0.48649,0.326,467.0,556.5,0.577,0.55261,0.34495,530.5,588.8,0.015,0.58809,0.41994,564.6,716.8,1.0,0.61975,0.41579,595.0,709.8,0.999,0.53529,0.4902,513.9,836.8,0.966,0.58857,0.41339,565.0,705.6,0.122,0.52313,0.5643,502.2,963.3,0.978,0.57251,0.47211,549.6,805.9,0.207,0.53531,0.58108,513.9,991.9,0.967,0.5881,0.49216,564.6,840.1,0.444,0.45959,0.57069,441.2,974.2,0.934,0.53968,0.48122,518.1,821.4,0.169
725,20.023,960,1707,0.55007,0.29603,528.1,505.3,0.999,0.55,0.28916,528.0,493.6,0.999,0.55095,0.28879,528.9,493.0,0.999,0.55158,0.28844,529.5,492.4,0.999,0.55158,0.28839,529.5,492.3,0.999,0.55391,0.28742,531.8,490.6,0.999,0.55623,0.2864,534.0,488.9,0.999,0.5653,0.28662,542.7,489.3,1.0,0.57231,0.28473,549.4,486.0,0.999,0.55751,0.30053,535.2,513.0,0.998,0.55774,0.29957,535.4,511.4,0.996,0.58762,0.31248,564.1,533.4,1.0,0.6341,0.30662,608.7,523.4,0.999,0.5438,0.36177,522.0,617.5,0.944,0.63885,0.35538,613.3,606.6,0.022,0.49346,0.33364,473.7,569.5,0.698,0.57455,0.3525,551.6,601.7,0.009,0.47158,0.33262,452.7,567.8,0.683,0.55691,0.35118,534.6,599.5,0.016,0.47878,0.32455,459.6,554.0,0.677,0.55062,0.34539,528.6,589.6,0.015,0.48642,0.32566,467.0,555.9,0.585,0.55493,0.34837,532.7,594.7,0.018,0.5875,0.41995,564.0,716.9,1.0,0.6078,0.41389,583.5,706.5,0.999,0.53352,0.49012,512.2,836.6,0.968,0.53594,0.41273,514.5,704.5,0.134,0.52411,0.56437,503.1,963.4,0.979,0.57358,0.46737,550.6,797.8,0.213,0.53778,0.57977,516.3,989.7,0.969,0.58895,0.48064,565.4,820.4,0.455,0.45973,0.57104,441.3,974.8,0.938,0.54109,0.48553,519.4,828.8,0.179
726,20.05,960,1707,0.54755,0.29611,525.6,505.5,0.999,0.5474,0.28922,525.5,493.7,0.999,0.54832,0.28883,526.4,493.0,0.999,0.54895,0.28846,527.0,492.4,0.999,0.54896,0.28846,527.0,492.4,0.999,0.55123,0.28748,529.2,490.7,0.999,0.55346,0.28645,531.3,489.0,0.999,0.56265,0.28653,540.1,489.1,1.0,0.56904,0.28476,546.3,486.1,0.999,0.55479,0.30057,532.6,513.1,0.998,0.55508,0.29962,532.9,511.4,0.997,0.58399,0.31197,560.6,532.5,1.0,0.6322,0.30651,606.9,523.2,0.999,0.5438,0.36219,522.0,618.3,0.947,0.64296,0.357,617.2,609.4,0.024,0.49186,0.33432,472.2,570.7,0.704,0.5747,0.35555,551.7,606.9,0.01,0.46958,0.33316,450.8,568.7,0.689,0.56118,0.35593,538.7,607.6,0.017,0.47702,0.32461,457.9,554.1,0.683,0.55525,0.34675,533.0,591.9,0.016,0.48452,0.32587,465.1,556.3,0.59,0.55883,0.35257,536.5,601.8,0.019,0.58375,0.41934,560.4,715.8,1.0,0.60578,0.41352,581.5,705.9,0.999,0.53055,0.49011,509.3,836.6,0.97,0.53947,0.41278,517.9,704.6,0.146,0.52582,0.56486,504.8,964.2,0.98,0.57441,0.46762,551.4,798.2,0.226,0.53854,0.57971,517.0,989.6,0.97,0.58939,0.48058,565.8,820.3,0.473,0.46025,0.57144,441.8,975.4,0.942,0.54174,0.49027,520.1,836.9,0.191
727,20.078,960,1707,0.54584,0.29592,524.0,505.1,0.999,0.54677,0.28878,524.9,492.9,0.999,0.54803,0.28834,526.1,492.2,0.999,0.54901,0.28793,527.1,491.5,0.999,0.54788,0.2881,526.0,491.8,0.999,0.55017,0.28714,528.2,490.2,0.999,0.55246,0.28612,530.4,488.4,0.999,0.56378,0.28616,541.2,488.5,1.0,0.56876,0.28459,546.0,485.8,0.999,0.55316,0.30045,531.0,512.9,0.998,0.55311,0.29955,531.0,511.3,0.997,0.58175,0.31194,558.5,532.5,1.0,0.63237,0.30665,607.1,523.4,0.999,0.54364,0.36186,521.9,617.7,0.949,0.63197,0.357,606.7,609.4,0.025,0.48878,0.335,469.2,571.8,0.704,0.56456,0.35492,542.0,605.8,0.01,0.4657,0.33391,447.1,570.0,0.688,0.55475,0.3566,532.6,608.7,0.018,0.47544,0.32464,456.4,554.2,0.682,0.54981,0.34764,527.8,593.4,0.017,0.48264,0.3259,463.3,556.3,0.588,0.5527,0.3536,530.6,603.6,0.02,0.57998,0.41905,556.8,715.3,1.0,0.60611,0.41347,581.9,705.8,0.999,0.52975,0.49018,508.6,836.7,0.972,0.54524,0.41931,523.4,715.8,0.151,0.52631,0.56527,505.3,964.9,0.982,0.57471,0.47195,551.7,805.6,0.235,0.53835,0.57992,516.8,989.9,0.971,0.58965,0.48093,566.1,820.9,0.485,0.46171,0.57058,443.2,974.0,0.945,0.54333,0.49132,521.6,838.7,0.199
728,20.105,960,1707,0.54628,0.29488,524.4,503.4,0.999,0.54786,0.2881,525.9,491.8,0.999,0.54921,0.2877,527.2,491.1,0.999,0.55026,0.28735,528.3,490.5,1.0,0.5489,0.2874,526.9,490.6,0.999,0.55121,0.28641,529.2,488.9,0.999,0.55351,0.28538,531.4,487.1,0.999,0.56385,0.28577,541.3,487.8,1.0,0.56982,0.28394,547.0,484.7,0.999,0.55435,0.29959,532.2,511.4,0.998,0.55415,0.29861,532.0,509.7,0.997,0.57867,0.31239,555.5,533.2,1.0,0.63257,0.30667,607.3,523.5,0.999,0.54118,0.36217,519.5,618.2,0.952,0.62636,0.35695,601.3,609.3,0.026,0.48655,0.33578,467.1,573.2,0.714,0.56849,0.3568,545.7,609.1,0.01,0.46404,0.33442,445.5,570.8,0.697,0.55253,0.35767,530.4,610.5,0.018,0.47385,0.32517,454.9,555.1,0.691,0.54561,0.35238,523.8,601.5,0.017,0.48057,0.32632,461.3,557.0,0.597,0.55143,0.35482,529.4,605.7,0.021,0.57751,0.41909,554.4,715.4,1.0,0.60317,0.41301,579.0,705.0,0.999,0.5287,0.49064,507.6,837.5,0.974,0.5312,0.41927,509.9,715.7,0.174,0.52655,0.56523,505.5,964.8,0.983,0.57491,0.47149,551.9,804.8,0.256,0.53846,0.57991,516.9,989.9,0.973,0.58818,0.48124,564.7,821.5,0.505,0.46242,0.57039,443.9,973.7,0.949,0.54614,0.49091,524.3,838.0,0.22
729,20.133,960,1707,0.54862,0.29459,526.7,502.9,0.999,0.54999,0.28787,528.0,491.4,0.999,0.55129,0.28749,529.2,490.7,0.999,0.55227,0.28718,530.2,490.2,1.0,0.55108,0.2871,529.0,490.1,0.999,0.55336,0.2861,531.2,488.4,0.999,0.55563,0.28508,533.4,486.6,0.999,0.56561,0.2856,543.0,487.5,1.0,0.57179,0.28351,548.9,483.9,0.999,0.55656,0.29917,534.3,510.7,0.999,0.55662,0.29819,534.4,509.0,0.997,0.5805,0.31242,557.3,533.3,1.0,0.63394,0.30651,608.6,523.2,0.999,0.5413,0.36251,519.6,618.8,0.954,0.62555,0.35695,600.5,609.3,0.027,0.48579,0.33634,466.4,574.1,0.716,0.5686,0.3568,545.9,609.1,0.01,0.46361,0.33486,445.1,571.6,0.699,0.5507,0.35763,528.7,610.5,0.017,0.47309,0.32553,454.2,555.7,0.692,0.54414,0.35307,522.4,602.7,0.017,0.4797,0.32652,460.5,557.4,0.597,0.55043,0.35479,528.4,605.6,0.02,0.57535,0.41918,552.3,715.5,1.0,0.602,0.41309,577.9,705.1,0.999,0.52845,0.49062,507.3,837.5,0.975,0.52769,0.42093,506.6,718.5,0.186,0.52652,0.56509,505.5,964.6,0.984,0.57528,0.47143,552.3,804.7,0.268,0.53842,0.57986,516.9,989.8,0.974,0.58824,0.48102,564.7,821.1,0.517,0.46342,0.57047,444.9,973.8,0.952,0.54795,0.49088,526.0,837.9,0.231
730,20.161,960,1707,0.54996,0.29375,528.0,501.4,0.999,0.55169,0.28719,529.6,490.2,0.999,0.55277,0.28677,530.7,489.5,1.0,0.5536,0.28645,531.5,489.0,1.0,0.55304,0.28648,530.9,489.0,0.999,0.5552,0.28549,533.0,487.3,0.999,0.5573,0.28446,535.0,485.6,0.999,0.56688,0.28495,544.2,486.4,1.0,0.57325,0.28272,550.3,482.6,0.999,0.55694,0.29825,534.7,509.1,0.999,0.55798,0.29708,535.7,507.1,0.998,0.58188,0.31274,558.6,533.8,1.0,0.63474,0.30668,609.4,523.5,0.999,0.54142,0.36334,519.8,620.2,0.957,0.62852,0.3579,603.4,610.9,0.029,0.48619,0.33828,466.7,577.4,0.724,0.57078,0.35958,547.9,613.8,0.01,0.46378,0.33671,445.2,574.8,0.706,0.5545,0.36163,532.3,617.3,0.017,0.47327,0.32668,454.3,557.6,0.699,0.54592,0.35625,524.1,608.1,0.016,0.48001,0.32782,460.8,559.6,0.603,0.55324,0.35697,531.1,609.4,0.02,0.57233,0.41934,549.4,715.8,1.0,0.60325,0.41415,579.1,707.0,0.999,0.52874,0.49066,507.6,837.6,0.977,0.49118,0.42282,471.5,721.8,0.214,0.52656,0.56506,505.5,964.5,0.985,0.57539,0.47139,552.4,804.7,0.289,0.53836,0.57987,516.8,989.8,0.975,0.58788,0.48115,564.4,821.3,0.537,0.46328,0.57031,444.7,973.5,0.956,0.55311,0.49168,531.0,839.3,0.253
731,20.188,960,1707,0.55299,0.29209,530.9,498.6,0.999,0.55569,0.28571,533.5,487.7,0.999,0.55694,0.28535,534.7,487.1,1.0,0.55789,0.28508,535.6,486.6,1.0,0.55635,0.28513,534.1,486.7,0.999,0.55821,0.28428,535.9,485.3,1.0,0.56006,0.28339,537.7,483.8,1.0,0.57232,0.2839,549.4,484.6,1.0,0.5765,0.2819,553.4,481.2,0.999,0.55939,0.29732,537.0,507.5,0.999,0.56036,0.29629,537.9,505.8,0.998,0.58211,0.31378,558.8,535.6,1.0,0.63618,0.30675,610.7,523.6,0.999,0.54201,0.36433,520.3,621.9,0.958,0.62989,0.35862,604.7,612.2,0.03,0.48728,0.33803,467.8,577.0,0.716,0.57407,0.36411,551.1,621.5,0.01,0.46609,0.33654,447.5,574.5,0.697,0.55536,0.36659,533.1,625.8,0.016,0.47527,0.32663,456.3,557.6,0.69,0.54919,0.36355,527.2,620.6,0.016,0.482,0.32772,462.7,559.4,0.593,0.55732,0.36321,535.0,620.0,0.019,0.57158,0.41962,548.7,716.3,1.0,0.60441,0.41473,580.2,707.9,0.999,0.52889,0.49082,507.7,837.8,0.977,0.50996,0.42312,489.6,722.3,0.213,0.52653,0.56494,505.5,964.3,0.986,0.57612,0.47168,553.1,805.2,0.289,0.53833,0.57996,516.8,990.0,0.974,0.59625,0.48659,572.4,830.6,0.537,0.46322,0.57028,444.7,973.5,0.957,0.55732,0.49136,535.0,838.7,0.254
732,20.216,960,1707,0.55797,0.29105,535.7,496.8,0.999,0.56141,0.28441,539.0,485.5,1.0,0.56302,0.28407,540.5,484.9,1.0,0.56436,0.28381,541.8,484.5,1.0,0.56182,0.28394,539.3,484.7,1.0,0.56393,0.28318,541.4,483.4,1.0,0.56626,0.28237,543.6,482.0,1.0,0.58153,0.28289,558.3,482.9,1.0,0.58362,0.28129,560.3,480.2,0.999,0.56569,0.29683,543.1,506.7,0.999,0.56658,0.29602,543.9,505.3,0.998,0.58698,0.31473,563.5,537.3,1.0,0.63776,0.3072,612.2,524.4,0.999,0.54286,0.36514,521.1,623.3,0.956,0.62625,0.3586,601.2,612.1,0.029,0.48837,0.33828,468.8,577.4,0.701,0.55914,0.35718,536.8,609.7,0.01,0.46791,0.33678,449.2,574.9,0.683,0.54808,0.35748,526.2,610.2,0.016,0.47635,0.3271,457.3,558.4,0.676,0.54431,0.35358,522.5,603.6,0.015,0.48318,0.32821,463.9,560.3,0.578,0.54792,0.35262,526.0,601.9,0.019,0.57299,0.42065,550.1,718.1,1.0,0.60493,0.41713,580.7,712.0,0.999,0.52875,0.49122,507.6,838.5,0.974,0.51924,0.42648,498.5,728.0,0.202,0.5262,0.5647,505.2,963.9,0.984,0.57625,0.4728,553.2,807.1,0.273,0.53788,0.57979,516.4,989.7,0.971,0.59081,0.4863,567.2,830.1,0.517,0.46452,0.56976,445.9,972.6,0.954,0.55732,0.49079,535.0,837.8,0.241
733,20.244,960,1707,0.56303,0.28875,540.5,492.9,0.999,0.56699,0.28214,544.3,481.6,1.0,0.56872,0.28198,546.0,481.3,1.0,0.57017,0.28188,547.4,481.2,1.0,0.56768,0.28165,545.0,480.8,1.0,0.57012,0.28112,547.3,479.9,1.0,0.57257,0.28058,549.7,478.9,1.0,0.58714,0.28181,563.7,481.1,1.0,0.58941,0.28059,565.8,479.0,1.0,0.57201,0.29525,549.1,504.0,0.999,0.57301,0.29454,550.1,502.8,0.998,0.59113,0.31618,567.5,539.7,1.0,0.6426,0.30727,616.9,524.5,0.999,0.54311,0.36558,521.4,624.0,0.957,0.62747,0.35858,602.4,612.1,0.03,0.48911,0.33816,469.5,577.2,0.695,0.56362,0.35539,541.1,606.6,0.01,0.46914,0.33669,450.4,574.7,0.678,0.55115,0.35523,529.1,606.4,0.016,0.47705,0.32711,458.0,558.4,0.671,0.54815,0.35169,526.2,600.3,0.015,0.48387,0.32827,464.5,560.4,0.574,0.54809,0.34942,526.2,596.5,0.019,0.57436,0.42095,551.4,718.6,1.0,0.60279,0.41697,578.7,711.8,0.999,0.52756,0.49104,506.5,838.2,0.975,0.48069,0.42653,461.5,728.1,0.231,0.52537,0.56465,504.4,963.9,0.985,0.57634,0.47274,553.3,807.0,0.283,0.53732,0.57957,515.8,989.3,0.972,0.59065,0.47961,567.0,818.7,0.527,0.46393,0.57004,445.4,973.1,0.957,0.55969,0.49083,537.3,837.9,0.254
734,20.271,960,1707,0.57049,0.28815,547.7,491.9,1.0,0.57528,0.28126,552.3,480.1,1.0,0.57721,0.28113,554.1,479.9,1.0,0.57859,0.28107,555.4,479.8,1.0,0.57612,0.28076,553.1,479.3,1.0,0.57865,0.2803,555.5,478.5,1.0,0.58088,0.27984,557.6,477.7,1.0,0.59511,0.28139,571.3,480.3,1.0,0.59773,0.28038,573.8,478.6,1.0,0.57912,0.29484,556.0,503.3,0.999,0.58001,0.29417,556.8,502.1,0.998,0.59738,0.31684,573.5,540.8,1.0,0.64677,0.30874,620.9,527.0,0.999,0.54416,0.36591,522.4,624.6,0.956,0.6284,0.35959,603.3,613.8,0.029,0.48991,0.33808,470.3,577.1,0.682,0.5657,0.35548,543.1,606.8,0.01,0.46916,0.33662,450.4,574.6,0.666,0.55258,0.35549,530.5,606.8,0.016,0.47705,0.32655,458.0,557.4,0.659,0.54998,0.35189,528.0,600.7,0.015,0.4839,0.32772,464.5,559.4,0.56,0.55047,0.35026,528.4,597.9,0.019,0.57515,0.42204,552.1,720.4,1.0,0.60359,0.419,579.4,715.2,0.999,0.52769,0.49107,506.6,838.3,0.97,0.49659,0.427,476.7,728.9,0.221,0.52537,0.56464,504.4,963.8,0.982,0.57568,0.47783,552.6,815.7,0.267,0.53734,0.57956,515.8,989.3,0.966,0.58598,0.48517,562.5,828.2,0.508,0.464,0.56855,445.4,970.5,0.95,0.55898,0.49345,536.6,842.3,0.241
735,20.299,960,1707,0.57445,0.28686,551.5,489.7,1.0,0.57983,0.28015,556.6,478.2,1.0,0.58167,0.28006,558.4,478.1,1.0,0.58288,0.28002,559.6,478.0,1.0,0.58102,0.2796,557.8,477.3,1.0,0.58355,0.27914,560.2,476.5,1.0,0.58563,0.27866,562.2,475.7,1.0,0.59921,0.28075,575.2,479.2,1.0,0.60182,0.27977,577.7,477.6,1.0,0.58248,0.2936,559.2,501.2,0.999,0.58353,0.29279,560.2,499.8,0.999,0.5984,0.31738,574.5,541.8,1.0,0.65136,0.30971,625.3,528.7,0.999,0.5447,0.36654,522.9,625.7,0.955,0.63098,0.36037,605.7,615.1,0.029,0.49045,0.33805,470.8,577.1,0.678,0.5678,0.35841,545.1,611.8,0.01,0.46928,0.33661,450.5,574.6,0.661,0.55668,0.35672,534.4,608.9,0.016,0.47703,0.32654,458.0,557.4,0.654,0.5551,0.3544,532.9,605.0,0.015,0.4839,0.32762,464.5,559.2,0.554,0.55568,0.35349,533.5,603.4,0.019,0.57557,0.42231,552.5,720.9,1.0,0.60486,0.42046,580.7,717.7,0.999,0.52745,0.49107,506.3,838.3,0.966,0.50622,0.42689,486.0,728.7,0.21,0.52506,0.56462,504.1,963.8,0.979,0.57439,0.479,551.4,817.6,0.25,0.53733,0.57947,515.8,989.2,0.959,0.583,0.48738,559.7,832.0,0.486,0.46397,0.5686,445.4,970.6,0.943,0.55451,0.49288,532.3,841.3,0.226
736,20.326,960,1707,0.57625,0.28603,553.2,488.3,1.0,0.58125,0.27939,558.0,476.9,1.0,0.583,0.27939,559.7,476.9,1.0,0.5842,0.27942,560.8,477.0,1.0,0.5828,0.27883,559.5,476.0,1.0,0.58571,0.27846,562.3,475.3,1.0,0.58815,0.27805,564.6,474.6,1.0,0.60035,0.28052,576.3,478.8,1.0,0.6041,0.27952,579.9,477.1,1.0,0.5845,0.29297,561.1,500.1,0.999,0.58589,0.29205,562.5,498.5,0.999,0.59978,0.31821,575.8,543.2,1.0,0.65455,0.31056,628.4,530.1,0.999,0.54484,0.36697,523.0,626.4,0.955,0.6332,0.3605,607.9,615.4,0.03,0.49167,0.338,472.0,577.0,0.662,0.57069,0.35694,547.9,609.3,0.009,0.46993,0.3366,451.1,574.6,0.643,0.56244,0.3552,539.9,606.3,0.015,0.47849,0.32663,459.3,557.6,0.636,0.56045,0.35373,538.0,603.8,0.015,0.48582,0.32772,466.4,559.4,0.535,0.56113,0.35313,538.7,602.8,0.018,0.57513,0.42324,552.1,722.5,1.0,0.60633,0.42158,582.1,719.6,0.999,0.52717,0.49178,506.1,839.5,0.963,0.55081,0.43349,528.8,740.0,0.197,0.52494,0.5644,503.9,963.4,0.975,0.57448,0.48042,551.5,820.1,0.239,0.53731,0.57904,515.8,988.4,0.952,0.58199,0.48902,558.7,834.8,0.471,0.46664,0.56867,448.0,970.7,0.936,0.55453,0.49282,532.4,841.2,0.215
737,20.354,960,1707,0.57776,0.28539,554.7,487.2,1.0,0.58348,0.27876,560.1,475.8,1.0,0.58527,0.27893,561.9,476.1,1.0,0.58649,0.27909,563.0,476.4,1.0,0.58516,0.27816,561.8,474.8,1.0,0.58819,0.27796,564.7,474.5,1.0,0.59071,0.27774,567.1,474.1,1.0,0.60214,0.2806,578.1,479.0,1.0,0.60601,0.27965,581.8,477.4,1.0,0.58644,0.29272,563.0,499.7,0.999,0.58786,0.2918,564.3,498.1,0.999,0.5998,0.3195,575.8,545.4,1.0,0.65618,0.31115,629.9,531.1,0.999,0.54483,0.36718,523.0,626.8,0.955,0.63333,0.36053,608.0,615.4,0.029,0.49272,0.33794,473.0,576.9,0.658,0.57166,0.35568,548.8,607.1,0.009,0.47014,0.33685,451.3,575.0,0.638,0.56342,0.35476,540.9,605.6,0.015,0.47889,0.32676,459.7,557.8,0.63,0.56218,0.3529,539.7,602.4,0.014,0.48651,0.32773,467.1,559.4,0.528,0.56319,0.35263,540.7,601.9,0.017,0.57538,0.42404,552.4,723.8,1.0,0.60752,0.42187,583.2,720.1,0.999,0.52426,0.49178,503.3,839.5,0.963,0.55038,0.43171,528.4,736.9,0.184,0.52475,0.56401,503.8,962.8,0.974,0.57473,0.47941,551.7,818.4,0.227,0.53735,0.57884,515.9,988.1,0.949,0.58228,0.4878,559.0,832.7,0.456,0.46841,0.56856,449.7,970.5,0.932,0.55499,0.49314,532.8,841.8,0.204
738,20.382,960,1707,0.57874,0.28442,555.6,485.5,1.0,0.58508,0.27809,561.7,474.7,1.0,0.58688,0.27829,563.4,475.0,1.0,0.58822,0.27848,564.7,475.4,1.0,0.58678,0.27749,563.3,473.7,1.0,0.58977,0.27734,566.2,473.4,1.0,0.59236,0.27721,568.7,473.2,1.0,0.60466,0.28057,580.5,478.9,1.0,0.60698,0.27969,582.7,477.4,1.0,0.58701,0.29188,563.5,498.2,0.999,0.5886,0.29102,565.1,496.8,0.999,0.60042,0.31989,576.4,546.0,1.0,0.65707,0.31172,630.8,532.1,0.999,0.54484,0.36739,523.0,627.1,0.955,0.63343,0.36052,608.1,615.4,0.029,0.49292,0.33789,473.2,576.8,0.653,0.57215,0.35535,549.3,606.6,0.009,0.47027,0.33697,451.5,575.2,0.633,0.56382,0.35494,541.3,605.9,0.014,0.47888,0.32705,459.7,558.3,0.624,0.56313,0.35284,540.6,602.3,0.013,0.48649,0.32791,467.0,559.7,0.52,0.56438,0.35266,541.8,602.0,0.017,0.57557,0.42411,552.5,724.0,1.0,0.60871,0.42192,584.4,720.2,0.999,0.52421,0.49161,503.2,839.2,0.961,0.55341,0.43077,531.3,735.3,0.174,0.52475,0.56357,503.8,962.0,0.972,0.57515,0.47919,552.1,818.0,0.218,0.53782,0.57798,516.3,986.6,0.944,0.58272,0.48755,559.4,832.2,0.443,0.46879,0.56854,450.0,970.5,0.928,0.55541,0.49337,533.2,842.2,0.196
739,20.409,960,1707,0.57984,0.28407,556.6,484.9,1.0,0.58577,0.27772,562.3,474.1,1.0,0.58744,0.27788,563.9,474.3,1.0,0.58882,0.27806,565.3,474.6,1.0,0.58709,0.27715,563.6,473.1,1.0,0.58967,0.27697,566.1,472.8,1.0,0.59213,0.27682,568.4,472.5,1.0,0.60641,0.28035,582.2,478.6,1.0,0.60773,0.27953,583.4,477.2,1.0,0.58795,0.29148,564.4,497.6,0.999,0.58934,0.29065,565.8,496.1,0.999,0.60066,0.32029,576.6,546.7,1.0,0.65769,0.31214,631.4,532.8,1.0,0.54484,0.368,523.0,628.2,0.955,0.63429,0.36208,608.9,618.1,0.029,0.49339,0.33798,473.7,576.9,0.644,0.5723,0.3554,549.4,606.7,0.008,0.47095,0.33743,452.1,576.0,0.623,0.56377,0.35537,541.2,606.6,0.013,0.47908,0.328,459.9,559.9,0.614,0.56328,0.35287,540.7,602.4,0.013,0.48675,0.32856,467.3,560.8,0.509,0.56456,0.35286,542.0,602.3,0.016,0.57546,0.42451,552.4,724.6,1.0,0.60877,0.42201,584.4,720.4,0.999,0.52422,0.49198,503.3,839.8,0.959,0.54953,0.43087,527.5,735.5,0.168,0.52458,0.56362,503.6,962.1,0.97,0.57536,0.47966,552.3,818.8,0.215,0.53782,0.57819,516.3,987.0,0.94,0.59207,0.49894,568.4,851.7,0.439,0.46863,0.56851,449.9,970.4,0.925,0.5558,0.49398,533.6,843.2,0.194
740,20.437,960,1707,0.5811,0.28384,557.9,484.5,1.0,0.58656,0.27752,563.1,473.7,1.0,0.5881,0.27764,564.6,473.9,1.0,0.58947,0.27779,565.9,474.2,1.0,0.58777,0.27697,564.3,472.8,1.0,0.59016,0.27674,566.5,472.4,1.0,0.59267,0.27654,569.0,472.1,1.0,0.60718,0.28008,582.9,478.1,1.0,0.60895,0.27924,584.6,476.7,1.0,0.58892,0.29109,565.4,496.9,0.999,0.5901,0.29038,566.5,495.7,0.999,0.60135,0.32019,577.3,546.6,1.0,0.65822,0.31249,631.9,533.4,1.0,0.54556,0.36788,523.7,628.0,0.954,0.63593,0.36275,610.5,619.2,0.029,0.49424,0.33795,474.5,576.9,0.629,0.57873,0.359,555.6,612.8,0.008,0.47129,0.33781,452.4,576.6,0.606,0.56463,0.35876,542.0,612.4,0.013,0.47919,0.328,460.0,559.9,0.597,0.56398,0.35345,541.4,603.3,0.012,0.48709,0.32855,467.6,560.8,0.49,0.56577,0.35381,543.1,604.0,0.015,0.57508,0.42443,552.1,724.5,1.0,0.60882,0.42214,584.5,720.6,0.999,0.52443,0.49221,503.5,840.2,0.951,0.55015,0.43421,528.1,741.2,0.156,0.5241,0.56361,503.1,962.1,0.965,0.57542,0.48095,552.4,821.0,0.201,0.53723,0.57834,515.7,987.2,0.93,0.58893,0.4958,565.4,846.3,0.417,0.46839,0.56825,449.7,970.0,0.914,0.55775,0.49437,535.4,843.9,0.182
741,20.465,960,1707,0.58133,0.28377,558.1,484.4,1.0,0.58684,0.2774,563.4,473.5,1.0,0.58825,0.27751,564.7,473.7,1.0,0.58951,0.27765,565.9,473.9,1.0,0.588,0.27688,564.5,472.6,1.0,0.59021,0.27666,566.6,472.3,1.0,0.5926,0.27646,568.9,471.9,1.0,0.60692,0.27967,582.6,477.4,1.0,0.60903,0.27896,584.7,476.2,1.0,0.58913,0.29107,565.6,496.9,0.999,0.59033,0.29037,566.7,495.7,0.999,0.60191,0.32009,577.8,546.4,1.0,0.65914,0.31266,632.8,533.7,1.0,0.54594,0.36778,524.1,627.8,0.955,0.63752,0.36275,612.0,619.2,0.029,0.4948,0.33793,475.0,576.9,0.628,0.57985,0.35884,556.7,612.5,0.008,0.47182,0.33786,453.0,576.7,0.604,0.56662,0.35903,544.0,612.9,0.012,0.4793,0.32798,460.1,559.9,0.595,0.56772,0.3538,545.0,603.9,0.011,0.48737,0.32845,467.9,560.7,0.487,0.56789,0.35411,545.2,604.5,0.014,0.57482,0.42434,551.8,724.4,1.0,0.60887,0.42198,584.5,720.3,0.999,0.52439,0.4922,503.4,840.2,0.951,0.5485,0.43316,526.6,739.4,0.148,0.52414,0.56355,503.2,962.0,0.964,0.5757,0.48057,552.7,820.3,0.192,0.5373,0.57835,515.8,987.2,0.927,0.58849,0.49275,565.0,841.1,0.405,0.46824,0.56816,449.5,969.8,0.913,0.55786,0.49441,535.5,843.9,0.174
742,20.492,960,1707,0.58212,0.28381,558.8,484.5,1.0,0.58746,0.27735,564.0,473.4,1.0,0.58866,0.27753,565.1,473.7,1.0,0.58964,0.27773,566.1,474.1,1.0,0.58859,0.27681,565.0,472.5,1.0,0.59063,0.27665,567.0,472.2,1.0,0.59279,0.27651,569.1,472.0,1.0,0.60639,0.27974,582.1,477.5,1.0,0.60876,0.279,584.4,476.3,1.0,0.58953,0.29122,566.0,497.1,1.0,0.59075,0.29049,567.1,495.9,0.999,0.60242,0.31998,578.3,546.2,1.0,0.65946,0.3126,633.1,533.6,1.0,0.54624,0.36773,524.4,627.7,0.955,0.63909,0.36296,613.5,619.6,0.029,0.49482,0.33754,475.0,576.2,0.626,0.58559,0.36056,562.2,615.5,0.007,0.47187,0.3373,453.0,575.8,0.601,0.56972,0.36095,546.9,616.1,0.012,0.47968,0.32753,460.5,559.1,0.592,0.57039,0.35677,547.6,609.0,0.011,0.48766,0.3282,468.2,560.2,0.483,0.57018,0.35523,547.4,606.4,0.014,0.57489,0.42414,551.9,724.0,1.0,0.60891,0.4219,584.6,720.2,0.999,0.52443,0.49209,503.5,840.0,0.953,0.54472,0.43274,522.9,738.7,0.153,0.52429,0.56355,503.3,962.0,0.965,0.57633,0.47779,553.3,815.6,0.2,0.5373,0.57835,515.8,987.2,0.93,0.59245,0.4949,568.7,844.8,0.414,0.46812,0.56817,449.4,969.9,0.917,0.55838,0.49428,536.0,843.7,0.18
743,20.52,960,1707,0.58176,0.28386,558.5,484.5,1.0,0.58695,0.27745,563.5,473.6,1.0,0.58816,0.27764,564.6,473.9,1.0,0.5891,0.27785,565.5,474.3,1.0,0.58804,0.27691,564.5,472.7,1.0,0.59006,0.27675,566.5,472.4,1.0,0.59214,0.27661,568.5,472.2,1.0,0.60581,0.2798,581.6,477.6,1.0,0.60837,0.27904,584.0,476.3,1.0,0.58909,0.29121,565.5,497.1,1.0,0.59022,0.29046,566.6,495.8,0.999,0.60336,0.31939,579.2,545.2,1.0,0.65911,0.31255,632.7,533.5,1.0,0.54624,0.36771,524.4,627.7,0.952,0.63918,0.36307,613.6,619.8,0.028,0.4948,0.33733,475.0,575.8,0.612,0.58532,0.36048,561.9,615.3,0.007,0.47187,0.33689,453.0,575.1,0.589,0.56934,0.36112,546.6,616.4,0.011,0.47993,0.32742,460.7,558.9,0.579,0.56964,0.35675,546.9,609.0,0.011,0.48784,0.32808,468.3,560.0,0.471,0.56977,0.35524,547.0,606.4,0.013,0.57481,0.42384,551.8,723.5,1.0,0.60715,0.42163,582.9,719.7,0.999,0.52472,0.49195,503.7,839.8,0.951,0.52104,0.43184,500.2,737.2,0.157,0.52477,0.56338,503.8,961.7,0.965,0.57635,0.47607,553.3,812.7,0.197,0.53753,0.5781,516.0,986.8,0.928,0.59151,0.48549,567.8,828.7,0.411,0.46828,0.56768,449.5,969.0,0.916,0.55868,0.49415,536.3,843.5,0.179
744,20.547,960,1707,0.58128,0.28391,558.0,484.6,1.0,0.58646,0.27747,563.0,473.6,1.0,0.58772,0.27766,564.2,474.0,1.0,0.58867,0.27786,565.1,474.3,1.0,0.5875,0.27692,564.0,472.7,1.0,0.58955,0.27676,566.0,472.4,1.0,0.59168,0.27661,568.0,472.2,1.0,0.60538,0.27985,581.2,477.7,1.0,0.6079,0.27907,583.6,476.4,1.0,0.5887,0.2912,565.2,497.1,1.0,0.59,0.2904,566.4,495.7,0.999,0.60373,0.3188,579.6,544.2,1.0,0.65884,0.31252,632.5,533.5,1.0,0.54629,0.36765,524.4,627.6,0.95,0.63919,0.36305,613.6,619.7,0.028,0.49452,0.33733,474.7,575.8,0.595,0.58355,0.36033,560.2,615.1,0.007,0.47152,0.33685,452.7,575.0,0.574,0.56897,0.36116,546.2,616.5,0.011,0.47992,0.32741,460.7,558.9,0.563,0.56938,0.35657,546.6,608.7,0.01,0.48783,0.32807,468.3,560.0,0.456,0.56966,0.35529,546.9,606.5,0.013,0.57428,0.42346,551.3,722.9,1.0,0.60647,0.42156,582.2,719.6,0.999,0.5257,0.49194,504.7,839.7,0.95,0.52443,0.43163,503.5,736.8,0.155,0.52548,0.56338,504.5,961.7,0.965,0.57686,0.47566,553.8,812.0,0.193,0.53792,0.57796,516.4,986.6,0.925,0.59232,0.4913,568.6,838.7,0.405,0.47102,0.56726,452.2,968.3,0.915,0.55903,0.49401,536.7,843.3,0.175
745,20.575,960,1707,0.58035,0.28397,557.1,484.7,1.0,0.58636,0.27744,562.9,473.6,1.0,0.58761,0.27763,564.1,473.9,1.0,0.58854,0.27782,565.0,474.2,1.0,0.58704,0.27686,563.6,472.6,1.0,0.58899,0.27669,565.4,472.3,1.0,0.59084,0.27651,567.2,472.0,1.0,0.6051,0.27986,580.9,477.7,1.0,0.60773,0.27905,583.4,476.3,1.0,0.58742,0.2912,563.9,497.1,1.0,0.58829,0.29036,564.8,495.6,0.999,0.6036,0.31874,579.5,544.1,1.0,0.65808,0.31184,631.8,532.3,1.0,0.54741,0.36763,525.5,627.5,0.95,0.63772,0.36294,612.2,619.5,0.027,0.49449,0.33736,474.7,575.9,0.589,0.58309,0.36029,559.8,615.0,0.006,0.47142,0.33686,452.6,575.0,0.568,0.56801,0.36065,545.3,615.6,0.01,0.47997,0.32741,460.8,558.9,0.557,0.56704,0.35568,544.4,607.1,0.01,0.48793,0.32806,468.4,560.0,0.449,0.56807,0.35481,545.4,605.7,0.012,0.57372,0.423,550.8,722.1,1.0,0.60652,0.42069,582.3,718.1,0.999,0.52606,0.49216,505.0,840.1,0.95,0.52538,0.431,504.4,735.7,0.156,0.52606,0.56338,505.0,961.7,0.965,0.57726,0.47484,554.2,810.5,0.193,0.53843,0.57783,516.9,986.3,0.924,0.59021,0.48824,566.6,833.4,0.404,0.47267,0.56641,453.8,966.9,0.916,0.56058,0.49399,538.2,843.2,0.176
746,20.603,960,1707,0.57671,0.28402,553.6,484.8,1.0,0.58326,0.27748,559.9,473.7,1.0,0.58499,0.27763,561.6,473.9,1.0,0.58649,0.27777,563.0,474.2,1.0,0.5833,0.27691,560.0,472.7,1.0,0.58506,0.27671,561.7,472.3,1.0,0.58688,0.27649,563.4,472.0,1.0,0.60372,0.27974,579.6,477.5,1.0,0.60508,0.27898,580.9,476.2,1.0,0.58408,0.29124,560.7,497.1,1.0,0.5841,0.29039,560.7,495.7,0.999,0.60357,0.3185,579.4,543.7,1.0,0.65519,0.31076,629.0,530.5,1.0,0.54872,0.36659,526.8,625.8,0.949,0.6371,0.36044,611.6,615.3,0.027,0.49448,0.33749,474.7,576.1,0.586,0.582,0.35859,558.7,612.1,0.006,0.47142,0.33696,452.6,575.2,0.565,0.56407,0.35859,541.5,612.1,0.01,0.48002,0.32745,460.8,559.0,0.554,0.563,0.3542,540.5,604.6,0.01,0.48804,0.32815,468.5,560.2,0.446,0.56252,0.35317,540.0,602.9,0.012,0.57301,0.42235,550.1,721.0,1.0,0.60507,0.41919,580.9,715.6,0.999,0.52561,0.49216,504.6,840.1,0.951,0.50901,0.42828,488.7,731.1,0.17,0.52633,0.56338,505.3,961.7,0.966,0.57748,0.47345,554.4,808.2,0.2,0.53885,0.57752,517.3,985.8,0.925,0.59019,0.48065,566.6,820.5,0.411,0.47299,0.56626,454.1,966.6,0.918,0.56214,0.49434,539.7,843.8,0.185
747,20.63,960,1707,0.57335,0.28399,550.4,484.8,1.0,0.57996,0.27745,556.8,473.6,1.0,0.5818,0.27753,558.5,473.7,1.0,0.5835,0.27762,560.2,473.9,1.0,0.57962,0.27689,556.4,472.7,1.0,0.58113,0.27663,557.9,472.2,1.0,0.58262,0.27632,559.3,471.7,1.0,0.60112,0.27948,577.1,477.1,1.0,0.60107,0.27865,577.0,475.6,1.0,0.58105,0.29106,557.8,496.8,1.0,0.58039,0.29016,557.2,495.3,0.999,0.60212,0.3172,578.0,541.5,1.0,0.65256,0.30919,626.5,527.8,1.0,0.54924,0.36646,527.3,625.5,0.95,0.63628,0.35927,610.8,613.3,0.026,0.49449,0.33777,474.7,576.6,0.586,0.57916,0.35733,556.0,610.0,0.006,0.47152,0.33732,452.7,575.8,0.565,0.55999,0.35705,537.6,609.5,0.01,0.48012,0.32755,460.9,559.1,0.554,0.55657,0.35261,534.3,601.9,0.009,0.48815,0.32825,468.6,560.3,0.446,0.55874,0.35202,536.4,600.9,0.012,0.57141,0.42196,548.6,720.3,1.0,0.60262,0.41818,578.5,713.8,0.999,0.52552,0.49211,504.5,840.0,0.952,0.49014,0.42621,470.5,727.5,0.184,0.52644,0.56338,505.4,961.7,0.968,0.57749,0.47241,554.4,806.4,0.211,0.53884,0.57738,517.3,985.6,0.926,0.59011,0.47846,566.5,816.7,0.422,0.47318,0.56598,454.2,966.1,0.922,0.56262,0.49434,540.1,843.8,0.197
748,20.658,960,1707,0.56913,0.28386,546.4,484.5,1.0,0.57555,0.27729,552.5,473.3,1.0,0.57762,0.27727,554.5,473.3,1.0,0.57937,0.27725,556.2,473.3,1.0,0.57494,0.27679,551.9,472.5,1.0,0.57655,0.27646,553.5,471.9,1.0,0.57795,0.27605,554.8,471.2,1.0,0.59735,0.27908,573.5,476.4,1.0,0.59582,0.27813,572.0,474.8,1.0,0.57748,0.29081,554.4,496.4,1.0,0.57636,0.28985,553.3,494.8,0.999,0.59716,0.3161,573.3,539.6,1.0,0.64943,0.30757,623.5,525.0,1.0,0.54943,0.36616,527.5,625.0,0.95,0.63565,0.35762,610.2,610.5,0.026,0.49434,0.33784,474.6,576.7,0.587,0.57097,0.35278,548.1,602.2,0.006,0.47135,0.33761,452.5,576.3,0.566,0.55821,0.3542,535.9,604.6,0.01,0.47988,0.32762,460.7,559.2,0.554,0.55363,0.34822,531.5,594.4,0.009,0.48797,0.32825,468.4,560.3,0.446,0.55659,0.348,534.3,594.0,0.012,0.57081,0.42128,548.0,719.1,1.0,0.59944,0.41597,575.5,710.1,0.999,0.52523,0.49188,504.2,839.6,0.954,0.48139,0.42508,462.1,725.6,0.204,0.5265,0.56338,505.4,961.7,0.97,0.57757,0.46933,554.5,801.1,0.226,0.5388,0.57712,517.2,985.1,0.93,0.59163,0.47416,568.0,809.4,0.436,0.47313,0.56647,454.2,967.0,0.927,0.56326,0.4943,540.7,843.8,0.213
749,20.685,960,1707,0.56333,0.28386,540.8,484.6,1.0,0.5686,0.2773,545.9,473.4,1.0,0.57118,0.27727,548.3,473.3,1.0,0.57339,0.27724,550.5,473.3,1.0,0.56769,0.27682,545.0,472.5,1.0,0.56955,0.27648,546.8,472.0,1.0,0.57139,0.27608,548.5,471.3,1.0,0.59267,0.27901,569.0,476.3,1.0,0.59176,0.27812,568.1,474.8,1.0,0.57248,0.29081,549.6,496.4,1.0,0.5712,0.28987,548.3,494.8,0.999,0.59368,0.31553,569.9,538.6,1.0,0.64638,0.30658,620.5,523.3,1.0,0.54972,0.36603,527.7,624.8,0.949,0.63153,0.35747,606.3,610.2,0.025,0.49405,0.33808,474.3,577.1,0.585,0.56933,0.35299,546.6,602.5,0.006,0.47118,0.33824,452.3,577.4,0.565,0.55241,0.3536,530.3,603.6,0.01,0.4798,0.32783,460.6,559.6,0.552,0.54763,0.34835,525.7,594.6,0.009,0.48791,0.32831,468.4,560.4,0.444,0.55138,0.34804,529.3,594.1,0.012,0.5704,0.42105,547.6,718.7,1.0,0.59757,0.41521,573.7,708.8,1.0,0.52335,0.49124,502.4,838.6,0.957,0.47802,0.42451,458.9,724.6,0.224,0.52647,0.56343,505.4,961.8,0.972,0.57713,0.46743,554.0,797.9,0.237,0.53823,0.5771,516.7,985.1,0.934,0.59187,0.46903,568.2,800.6,0.448,0.47211,0.56834,453.2,970.2,0.932,0.56327,0.49429,540.7,843.7,0.227
750,20.713,960,1707,0.55988,0.28382,537.5,484.5,1.0,0.56484,0.27716,542.2,473.1,1.0,0.56749,0.27716,544.8,473.1,1.0,0.56977,0.27717,547.0,473.1,1.0,0.56393,0.27675,541.4,472.4,1.0,0.56595,0.27646,543.3,471.9,1.0,0.56806,0.27609,545.3,471.3,1.0,0.58874,0.27894,565.2,476.1,1.0,0.58901,0.27813,565.5,474.8,1.0,0.569,0.29076,546.2,496.3,1.0,0.56807,0.28988,545.3,494.8,0.999,0.5871,0.31535,563.6,538.3,1.0,0.64489,0.30679,619.1,523.7,1.0,0.54978,0.36593,527.8,624.6,0.951,0.62748,0.35708,602.4,609.5,0.026,0.49404,0.33902,474.3,578.7,0.594,0.56512,0.3513,542.5,599.7,0.006,0.47128,0.33843,452.4,577.7,0.572,0.5527,0.3522,530.6,601.2,0.01,0.48001,0.32839,460.8,560.6,0.56,0.54829,0.34726,526.4,592.8,0.009,0.48796,0.32898,468.4,561.6,0.452,0.55165,0.34694,529.6,592.2,0.012,0.56945,0.42106,546.7,718.7,1.0,0.598,0.41532,574.1,708.9,1.0,0.52327,0.49124,502.3,838.5,0.959,0.52341,0.42521,502.5,725.8,0.225,0.52649,0.56341,505.4,961.7,0.973,0.57681,0.46816,553.7,799.2,0.245,0.5381,0.57712,516.6,985.1,0.936,0.5888,0.4721,565.2,805.9,0.458,0.47206,0.56815,453.2,969.8,0.936,0.56219,0.49147,539.7,838.9,0.235
751,20.741,960,1707,0.55561,0.28407,533.4,484.9,1.0,0.55953,0.27722,537.2,473.2,1.0,0.56188,0.27725,539.4,473.3,1.0,0.56399,0.27732,541.4,473.4,1.0,0.55904,0.27685,536.7,472.6,1.0,0.56126,0.27664,538.8,472.2,1.0,0.56375,0.27639,541.2,471.8,1.0,0.58288,0.27899,559.6,476.2,1.0,0.58451,0.27823,561.1,474.9,1.0,0.56544,0.29131,542.8,497.3,1.0,0.56492,0.29049,542.3,495.9,0.999,0.58407,0.315,560.7,537.7,1.0,0.64307,0.3067,617.3,523.5,1.0,0.5495,0.36585,527.5,624.5,0.952,0.62794,0.35725,602.8,609.8,0.026,0.49282,0.339,473.1,578.7,0.597,0.56373,0.35177,541.2,600.5,0.006,0.47117,0.33786,452.3,576.7,0.574,0.55258,0.35406,530.5,604.4,0.009,0.47991,0.32819,460.7,560.2,0.561,0.54948,0.34946,527.5,596.5,0.009,0.48771,0.32898,468.2,561.6,0.452,0.5514,0.34809,529.3,594.2,0.011,0.56817,0.42107,545.4,718.8,1.0,0.59793,0.41554,574.0,709.3,1.0,0.52331,0.4914,502.4,838.8,0.96,0.51168,0.42328,491.2,722.5,0.231,0.52628,0.56341,505.2,961.7,0.975,0.57677,0.46876,553.7,800.2,0.257,0.53803,0.57714,516.5,985.2,0.938,0.58795,0.47403,564.4,809.2,0.469,0.46996,0.56807,451.2,969.7,0.939,0.5622,0.49149,539.7,839.0,0.247
752,20.768,960,1707,0.55235,0.28498,530.3,486.5,1.0,0.55469,0.27782,532.5,474.2,1.0,0.55644,0.27771,534.2,474.0,1.0,0.55772,0.27767,535.4,474.0,1.0,0.55549,0.27752,533.3,473.7,1.0,0.55815,0.27722,535.8,473.2,1.0,0.56101,0.2769,538.6,472.7,1.0,0.5757,0.27899,552.7,476.2,1.0,0.58125,0.27825,558.0,475.0,1.0,0.56061,0.29178,538.2,498.1,1.0,0.56145,0.29102,539.0,496.8,0.999,0.57987,0.31315,556.7,534.5,1.0,0.64169,0.30626,616.0,522.8,1.0,0.54953,0.36561,527.5,624.1,0.954,0.62491,0.35716,599.9,609.7,0.027,0.49241,0.33915,472.7,578.9,0.605,0.56451,0.35289,541.9,602.4,0.006,0.47115,0.3383,452.3,577.5,0.581,0.54935,0.35423,527.4,604.7,0.009,0.47979,0.32847,460.6,560.7,0.568,0.54559,0.3495,523.8,596.6,0.009,0.48754,0.32926,468.0,562.1,0.458,0.54839,0.34839,526.5,594.7,0.011,0.56678,0.42109,544.1,718.8,1.0,0.59796,0.41559,574.0,709.4,1.0,0.52414,0.49158,503.2,839.1,0.962,0.5242,0.42432,503.2,724.3,0.233,0.52608,0.56344,505.0,961.8,0.976,0.57694,0.46883,553.9,800.3,0.271,0.53755,0.57738,516.1,985.6,0.941,0.58796,0.47419,564.4,809.4,0.484,0.46844,0.56805,449.7,969.7,0.942,0.56243,0.49176,539.9,839.4,0.259
753,20.796,960,1707,0.54776,0.28547,525.8,487.3,1.0,0.54936,0.27802,527.4,474.6,1.0,0.55115,0.27785,529.1,474.3,1.0,0.55233,0.27776,530.2,474.1,1.0,0.55071,0.27782,528.7,474.2,1.0,0.55376,0.27752,531.6,473.7,1.0,0.55681,0.27721,534.5,473.2,1.0,0.57104,0.27901,548.2,476.3,1.0,0.57728,0.27826,554.2,475.0,1.0,0.55582,0.29215,533.6,498.7,1.0,0.55728,0.29151,535.0,497.6,1.0,0.57518,0.31262,552.2,533.6,1.0,0.6376,0.30587,612.1,522.1,1.0,0.54997,0.36546,528.0,623.8,0.955,0.61994,0.35601,595.1,607.7,0.027,0.49187,0.33979,472.2,580.0,0.614,0.55902,0.3523,536.7,601.4,0.006,0.47114,0.33904,452.3,578.7,0.59,0.54065,0.35272,519.0,602.1,0.01,0.47979,0.32927,460.6,562.1,0.577,0.53626,0.34757,514.8,593.3,0.009,0.48743,0.33022,467.9,563.7,0.467,0.54011,0.34672,518.5,591.9,0.012,0.56629,0.42134,543.6,719.2,1.0,0.59771,0.41573,573.8,709.7,1.0,0.52338,0.49234,502.4,840.4,0.965,0.52593,0.42434,504.9,724.3,0.241,0.52519,0.56356,504.2,962.0,0.978,0.57715,0.46835,554.1,799.5,0.29,0.53712,0.57758,515.6,985.9,0.944,0.58863,0.47292,565.1,807.3,0.501,0.46773,0.56877,449.0,970.9,0.946,0.56191,0.49225,539.4,840.3,0.278
754,20.824,960,1707,0.54519,0.28543,523.4,487.2,1.0,0.54787,0.27793,526.0,474.4,1.0,0.54983,0.27777,527.8,474.2,1.0,0.55152,0.2777,529.5,474.0,1.0,0.54816,0.27771,526.2,474.1,1.0,0.55041,0.27743,528.4,473.6,1.0,0.55273,0.27712,530.6,473.0,1.0,0.57044,0.27883,547.6,476.0,1.0,0.57411,0.27811,551.1,474.7,1.0,0.55371,0.29207,531.6,498.6,1.0,0.55432,0.29149,532.1,497.6,1.0,0.5728,0.3119,549.9,532.4,1.0,0.63331,0.30531,608.0,521.2,1.0,0.54966,0.36534,527.7,623.6,0.955,0.61524,0.35568,590.6,607.1,0.027,0.49014,0.33955,470.5,579.6,0.614,0.55783,0.35245,535.5,601.6,0.006,0.46971,0.3382,450.9,577.3,0.59,0.53876,0.35253,517.2,601.8,0.01,0.47915,0.32875,460.0,561.2,0.576,0.53503,0.34635,513.6,591.2,0.01,0.48607,0.32989,466.6,563.1,0.466,0.53611,0.34527,514.7,589.4,0.012,0.56506,0.42143,542.5,719.4,1.0,0.5952,0.4157,571.4,709.6,1.0,0.52241,0.49284,501.5,841.3,0.966,0.50735,0.42363,487.1,723.1,0.248,0.52499,0.56396,504.0,962.7,0.979,0.57618,0.46848,553.1,799.7,0.3,0.53733,0.57822,515.8,987.0,0.946,0.58708,0.47368,563.6,808.6,0.513,0.46786,0.56884,449.1,971.0,0.949,0.56183,0.49229,539.4,840.3,0.288
755,20.851,960,1707,0.5421,0.28533,520.4,487.1,1.0,0.54527,0.27777,523.5,474.2,1.0,0.5472,0.27763,525.3,473.9,1.0,0.54901,0.27758,527.1,473.8,1.0,0.54533,0.27751,523.5,473.7,1.0,0.54732,0.27721,525.4,473.2,1.0,0.54952,0.2769,527.5,472.7,1.0,0.56792,0.27864,545.2,475.6,1.0,0.57054,0.27787,547.7,474.3,1.0,0.55092,0.29177,528.9,498.1,1.0,0.55103,0.29123,529.0,497.1,1.0,0.56928,0.31137,546.5,531.5,1.0,0.63288,0.30443,607.6,519.7,1.0,0.5493,0.36521,527.3,623.4,0.956,0.61323,0.35183,588.7,600.6,0.028,0.48975,0.33977,470.2,580.0,0.619,0.55575,0.35053,533.5,598.4,0.006,0.46925,0.33922,450.5,579.0,0.595,0.53646,0.35062,515.0,598.5,0.01,0.47745,0.33002,458.4,563.3,0.581,0.53397,0.34488,512.6,588.7,0.009,0.4848,0.33056,465.4,564.3,0.471,0.53406,0.34396,512.7,587.1,0.012,0.56365,0.42135,541.1,719.2,1.0,0.59367,0.41541,569.9,709.1,1.0,0.52216,0.49282,501.3,841.2,0.968,0.49166,0.42377,472.0,723.4,0.261,0.52483,0.56441,503.8,963.4,0.981,0.57369,0.46866,550.7,800.0,0.31,0.53736,0.57884,515.9,988.1,0.949,0.58631,0.47408,562.9,809.3,0.522,0.46815,0.56916,449.4,971.6,0.952,0.56179,0.49233,539.3,840.4,0.299
756,20.879,960,1707,0.54061,0.28527,519.0,487.0,1.0,0.54356,0.27767,521.8,474.0,1.0,0.54543,0.27753,523.6,473.7,1.0,0.54703,0.27746,525.1,473.6,1.0,0.54373,0.27742,522.0,473.6,1.0,0.54588,0.27711,524.0,473.0,1.0,0.54811,0.27679,526.2,472.5,1.0,0.5655,0.27828,542.9,475.0,1.0,0.56825,0.27748,545.5,473.7,1.0,0.5496,0.29155,527.6,497.7,1.0,0.54967,0.29093,527.7,496.6,0.999,0.57093,0.31047,548.1,530.0,1.0,0.62987,0.30313,604.7,517.4,1.0,0.54938,0.36519,527.4,623.4,0.946,0.59701,0.34775,573.1,593.6,0.025,0.4898,0.34078,470.2,581.7,0.614,0.52964,0.34348,508.5,586.3,0.007,0.46909,0.34147,450.3,582.9,0.592,0.52014,0.34506,499.3,589.0,0.012,0.47641,0.3323,457.4,567.2,0.578,0.5122,0.34006,491.7,580.5,0.012,0.48414,0.33229,464.8,567.2,0.468,0.51779,0.33945,497.1,579.4,0.015,0.56314,0.42112,540.6,718.8,1.0,0.5894,0.41408,565.8,706.8,1.0,0.52171,0.49278,500.8,841.2,0.966,0.47305,0.42558,454.1,726.5,0.256,0.52397,0.56439,503.0,963.4,0.981,0.57314,0.46872,550.2,800.1,0.3,0.53725,0.57894,515.8,988.2,0.946,0.58637,0.47409,562.9,809.3,0.507,0.46601,0.56955,447.4,972.2,0.952,0.56177,0.49319,539.3,841.9,0.294
757,20.906,960,1707,0.53862,0.28533,517.1,487.1,1.0,0.54159,0.27771,519.9,474.0,1.0,0.54355,0.27754,521.8,473.8,1.0,0.54529,0.27747,523.5,473.6,1.0,0.54155,0.27747,519.9,473.6,1.0,0.54359,0.27713,521.8,473.1,1.0,0.54573,0.27679,523.9,472.5,1.0,0.56365,0.27807,541.1,474.7,1.0,0.56565,0.27735,543.0,473.4,1.0,0.54796,0.29153,526.0,497.6,1.0,0.54788,0.2909,526.0,496.6,0.999,0.57193,0.30958,549.0,528.5,1.0,0.62587,0.30318,600.8,517.5,1.0,0.54922,0.36514,527.3,623.3,0.938,0.59292,0.34553,569.2,589.8,0.023,0.48943,0.34108,469.9,582.2,0.61,0.52369,0.34199,502.7,583.8,0.008,0.4691,0.34223,450.3,584.2,0.591,0.51634,0.34377,495.7,586.8,0.015,0.4763,0.33342,457.3,569.1,0.577,0.50726,0.33886,487.0,578.4,0.014,0.48389,0.33306,464.5,568.5,0.468,0.5133,0.33825,492.8,577.4,0.018,0.56268,0.42104,540.2,718.7,1.0,0.58874,0.41405,565.2,706.8,1.0,0.52163,0.49263,500.8,840.9,0.963,0.4746,0.42562,455.6,726.5,0.249,0.52311,0.56445,502.2,963.5,0.98,0.57323,0.46884,550.3,800.3,0.287,0.53712,0.57926,515.6,988.8,0.943,0.58655,0.47356,563.1,808.4,0.489,0.46501,0.5701,446.4,973.2,0.952,0.56221,0.49364,539.7,842.7,0.286
758,20.934,960,1707,0.53753,0.28496,516.0,486.4,1.0,0.54145,0.27728,519.8,473.3,1.0,0.54349,0.27702,521.8,472.9,1.0,0.54512,0.27687,523.3,472.6,1.0,0.54156,0.27703,519.9,472.9,1.0,0.5438,0.27661,522.0,472.2,1.0,0.54589,0.2762,524.1,471.5,1.0,0.56307,0.27741,540.5,473.5,1.0,0.5651,0.27675,542.5,472.4,1.0,0.54695,0.2909,525.1,496.6,1.0,0.54699,0.29024,525.1,495.4,0.999,0.5716,0.30944,548.7,528.2,1.0,0.6241,0.30314,599.1,517.5,1.0,0.54927,0.36528,527.3,623.5,0.929,0.59246,0.3442,568.8,587.5,0.021,0.48944,0.34263,469.9,584.9,0.605,0.52453,0.3405,503.6,581.2,0.008,0.46857,0.34393,449.8,587.1,0.587,0.51642,0.34256,495.8,584.8,0.016,0.47534,0.33398,456.3,570.1,0.573,0.50705,0.33683,486.8,575.0,0.015,0.48326,0.33388,463.9,569.9,0.464,0.51365,0.33644,493.1,574.3,0.019,0.56241,0.42104,539.9,718.7,1.0,0.58605,0.41311,562.6,705.2,1.0,0.52062,0.49271,499.8,841.1,0.959,0.46602,0.42758,447.4,729.9,0.244,0.52293,0.56457,502.0,963.7,0.979,0.57261,0.46783,549.7,798.6,0.276,0.53713,0.57935,515.6,988.9,0.938,0.58698,0.46999,563.5,802.3,0.473,0.46516,0.57088,446.6,974.5,0.95,0.5628,0.49375,540.3,842.8,0.279
759,20.962,960,1707,0.53787,0.28411,516.4,485.0,1.0,0.54197,0.27638,520.3,471.8,1.0,0.54397,0.27616,522.2,471.4,1.0,0.5455,0.27605,523.7,471.2,1.0,0.54236,0.27602,520.7,471.2,1.0,0.54472,0.27557,522.9,470.4,1.0,0.54689,0.27514,525.0,469.7,1.0,0.56341,0.27678,540.9,472.5,1.0,0.56587,0.27602,543.2,471.2,1.0,0.5475,0.29022,525.6,495.4,1.0,0.54757,0.2895,525.7,494.2,0.999,0.57061,0.30892,547.8,527.3,1.0,0.62523,0.30298,600.2,517.2,1.0,0.54915,0.36557,527.2,624.0,0.924,0.59171,0.34524,568.0,589.3,0.019,0.48945,0.34348,469.9,586.3,0.605,0.52419,0.34132,503.2,582.6,0.009,0.46859,0.34494,449.8,588.8,0.589,0.51436,0.34348,493.8,586.3,0.018,0.47545,0.33562,456.4,572.9,0.575,0.50503,0.33765,484.8,576.4,0.018,0.48333,0.3353,464.0,572.4,0.468,0.5121,0.3372,491.6,575.6,0.022,0.56217,0.42101,539.7,718.7,1.0,0.58468,0.41304,561.3,705.1,1.0,0.52018,0.4926,499.4,840.9,0.956,0.46274,0.42864,444.2,731.7,0.249,0.52293,0.56457,502.0,963.7,0.978,0.57217,0.46728,549.3,797.6,0.27,0.5371,0.57935,515.6,989.0,0.936,0.58719,0.46909,563.7,800.7,0.464,0.46422,0.57081,445.7,974.4,0.95,0.56393,0.49312,541.4,841.7,0.279
760,20.989,960,1707,0.53775,0.28402,516.2,484.8,1.0,0.54191,0.27639,520.2,471.8,1.0,0.54401,0.27617,522.2,471.4,1.0,0.54564,0.27606,523.8,471.2,1.0,0.54229,0.27601,520.6,471.2,1.0,0.54478,0.27551,523.0,470.3,1.0,0.54711,0.27501,525.2,469.4,1.0,0.5637,0.2766,541.1,472.2,1.0,0.56628,0.27567,543.6,470.6,1.0,0.54795,0.29018,526.0,495.3,1.0,0.54788,0.28936,526.0,493.9,0.999,0.57131,0.30877,548.5,527.1,1.0,0.62508,0.30288,600.1,517.0,1.0,0.54902,0.36575,527.1,624.3,0.917,0.59243,0.34487,568.7,588.7,0.018,0.48947,0.34329,469.9,586.0,0.598,0.52223,0.34141,501.3,582.8,0.01,0.46857,0.34483,449.8,588.6,0.583,0.51373,0.34355,493.2,586.4,0.02,0.47576,0.3358,456.7,573.2,0.57,0.50432,0.33789,484.1,576.8,0.02,0.4836,0.33555,464.3,572.8,0.464,0.5107,0.33743,490.3,576.0,0.025,0.56197,0.42101,539.5,718.7,1.0,0.58214,0.41276,558.8,704.6,1.0,0.51914,0.49228,498.4,840.3,0.951,0.45769,0.43101,439.4,735.7,0.249,0.52308,0.56451,502.2,963.6,0.977,0.57204,0.46571,549.2,795.0,0.258,0.53793,0.57923,516.4,988.7,0.932,0.58914,0.46703,565.6,797.2,0.449,0.46322,0.5708,444.7,974.3,0.948,0.56432,0.49312,541.8,841.8,0.27
761,21.017,960,1707,0.5382,0.28362,516.7,484.1,1.0,0.54241,0.2763,520.7,471.6,1.0,0.54452,0.2761,522.7,471.3,1.0,0.54624,0.276,524.4,471.1,1.0,0.54264,0.2759,520.9,471.0,1.0,0.54508,0.27539,523.3,470.1,1.0,0.54746,0.27485,525.6,469.2,1.0,0.5645,0.27647,541.9,471.9,1.0,0.56698,0.27537,544.3,470.1,1.0,0.54833,0.28993,526.4,494.9,1.0,0.54809,0.28907,526.2,493.4,0.999,0.57364,0.30877,550.7,527.1,1.0,0.62584,0.30279,600.8,516.9,1.0,0.54902,0.36648,527.1,625.6,0.922,0.59676,0.34709,572.9,592.5,0.019,0.4901,0.3432,470.5,585.8,0.61,0.53547,0.34228,514.0,584.3,0.01,0.46907,0.34456,450.3,588.2,0.593,0.51511,0.34364,494.5,586.6,0.019,0.47708,0.33571,458.0,573.1,0.58,0.50667,0.33839,486.4,577.6,0.019,0.48529,0.33555,465.9,572.8,0.475,0.51343,0.33795,492.9,576.9,0.024,0.56155,0.4209,539.1,718.5,1.0,0.58205,0.41253,558.8,704.2,1.0,0.5185,0.49213,497.8,840.1,0.954,0.4585,0.43207,440.2,737.5,0.28,0.52324,0.5645,502.3,963.6,0.979,0.57209,0.46602,549.2,795.5,0.28,0.53931,0.579,517.7,988.4,0.937,0.59028,0.4674,566.7,797.9,0.47,0.46376,0.5708,445.2,974.4,0.952,0.56415,0.49415,541.6,843.5,0.294
762,21.044,960,1707,0.53863,0.28275,517.1,482.6,1.0,0.54298,0.2759,521.3,471.0,1.0,0.54506,0.27572,523.3,470.7,1.0,0.54677,0.27565,524.9,470.5,1.0,0.54324,0.27547,521.5,470.2,1.0,0.54564,0.27495,523.8,469.3,1.0,0.54802,0.2744,526.1,468.4,1.0,0.56504,0.27618,542.4,471.4,1.0,0.5675,0.27495,544.8,469.3,1.0,0.54862,0.28939,526.7,494.0,1.0,0.54841,0.28856,526.5,492.6,0.999,0.57333,0.30887,550.4,527.2,1.0,0.62611,0.30282,601.1,516.9,1.0,0.54871,0.36671,526.8,626.0,0.926,0.60036,0.34732,576.3,592.9,0.02,0.49145,0.34349,471.8,586.3,0.615,0.54056,0.34254,518.9,584.7,0.009,0.47029,0.34473,451.5,588.4,0.598,0.51691,0.34385,496.2,587.0,0.018,0.47884,0.33635,459.7,574.2,0.585,0.50998,0.33879,489.6,578.3,0.018,0.48716,0.33634,467.7,574.1,0.481,0.51424,0.33833,493.7,577.5,0.023,0.56101,0.42076,538.6,718.2,1.0,0.58186,0.41241,558.6,704.0,1.0,0.51796,0.49205,497.2,839.9,0.957,0.45877,0.43228,440.4,737.9,0.31,0.52326,0.56438,502.3,963.4,0.98,0.57186,0.46622,549.0,795.8,0.298,0.54,0.57806,518.4,986.7,0.941,0.59039,0.46792,566.8,798.7,0.487,0.46475,0.57077,446.2,974.3,0.955,0.56403,0.4946,541.5,844.3,0.315
763,21.072,960,1707,0.53893,0.2824,517.4,482.1,1.0,0.54327,0.27573,521.5,470.7,1.0,0.54534,0.27556,523.5,470.4,1.0,0.54702,0.27549,525.1,470.3,1.0,0.54347,0.27529,521.7,469.9,1.0,0.5458,0.27476,524.0,469.0,1.0,0.54807,0.2742,526.1,468.1,1.0,0.56534,0.27607,542.7,471.2,1.0,0.56762,0.27473,544.9,469.0,1.0,0.54884,0.28921,526.9,493.7,1.0,0.54862,0.28835,526.7,492.2,1.0,0.57345,0.30896,550.5,527.4,1.0,0.62676,0.30283,601.7,516.9,1.0,0.54894,0.36709,527.0,626.6,0.927,0.60065,0.3471,576.6,592.5,0.02,0.49175,0.34346,472.1,586.3,0.613,0.54297,0.34298,521.3,585.5,0.009,0.47095,0.34457,452.1,588.2,0.595,0.51814,0.34389,497.4,587.0,0.018,0.47982,0.33612,460.6,573.8,0.582,0.51021,0.33903,489.8,578.7,0.017,0.48812,0.33614,468.6,573.8,0.479,0.51531,0.33857,494.7,577.9,0.022,0.56033,0.42076,537.9,718.2,1.0,0.58252,0.41249,559.2,704.1,1.0,0.51803,0.49205,497.3,839.9,0.956,0.46047,0.43194,442.1,737.3,0.313,0.52324,0.56424,502.3,963.2,0.98,0.57141,0.46732,548.6,797.7,0.294,0.54029,0.57764,518.7,986.0,0.942,0.58941,0.4686,565.8,799.9,0.484,0.46517,0.57041,446.6,973.7,0.955,0.56272,0.49456,540.2,844.2,0.312
764,21.1,960,1707,0.54079,0.28241,519.2,482.1,1.0,0.54463,0.27573,522.8,470.7,1.0,0.54664,0.27555,524.8,470.4,1.0,0.54819,0.27548,526.3,470.2,1.0,0.54516,0.2753,523.4,469.9,1.0,0.54774,0.27478,525.8,469.0,1.0,0.55015,0.27422,528.1,468.1,1.0,0.5662,0.27598,543.5,471.1,1.0,0.56924,0.27469,546.5,468.9,1.0,0.55035,0.28921,528.3,493.7,1.0,0.55055,0.28836,528.5,492.2,1.0,0.57692,0.30902,553.8,527.5,1.0,0.6282,0.30286,603.1,517.0,1.0,0.54963,0.3675,527.6,627.3,0.93,0.60581,0.34863,581.6,595.1,0.021,0.49382,0.34341,474.1,586.2,0.608,0.54694,0.34435,525.1,587.8,0.009,0.47241,0.34432,453.5,587.7,0.59,0.52106,0.34422,500.2,587.6,0.017,0.48207,0.33587,462.8,573.3,0.577,0.51435,0.33916,493.8,578.9,0.017,0.49043,0.33607,470.8,573.7,0.475,0.51999,0.3386,499.2,578.0,0.021,0.55972,0.42079,537.3,718.3,1.0,0.58267,0.41291,559.4,704.8,1.0,0.51799,0.49202,497.3,839.9,0.957,0.46285,0.43104,444.3,735.8,0.313,0.52314,0.56423,502.2,963.1,0.981,0.57107,0.4681,548.2,799.0,0.295,0.54025,0.57765,518.6,986.0,0.944,0.58703,0.47212,563.5,805.9,0.489,0.46516,0.57004,446.6,973.1,0.957,0.5606,0.49444,538.2,844.0,0.312
765,21.127,960,1707,0.5449,0.28233,523.1,481.9,1.0,0.54813,0.27564,526.2,470.5,1.0,0.54986,0.27546,527.9,470.2,1.0,0.55106,0.27538,529.0,470.1,1.0,0.54897,0.27523,527.0,469.8,1.0,0.5514,0.27471,529.3,468.9,1.0,0.5536,0.27417,531.5,468.0,1.0,0.56818,0.27573,545.5,470.7,1.0,0.57184,0.27448,549.0,468.5,1.0,0.55424,0.28906,532.1,493.4,1.0,0.55475,0.28823,532.6,492.0,1.0,0.57908,0.30903,555.9,527.5,1.0,0.62912,0.30298,604.0,517.2,1.0,0.5497,0.36762,527.7,627.5,0.933,0.60928,0.3518,584.9,600.5,0.022,0.49474,0.34339,474.9,586.2,0.607,0.54944,0.34726,527.5,592.8,0.008,0.47262,0.34411,453.7,587.4,0.589,0.52356,0.34669,502.6,591.8,0.016,0.48271,0.33572,463.4,573.1,0.577,0.51764,0.33997,496.9,580.3,0.016,0.49149,0.33604,471.8,573.6,0.475,0.5234,0.33966,502.5,579.8,0.02,0.55856,0.42078,536.2,718.3,1.0,0.5831,0.41376,559.8,706.3,1.0,0.51782,0.49186,497.1,839.6,0.958,0.4638,0.43132,445.3,736.3,0.321,0.52316,0.56423,502.2,963.1,0.982,0.57046,0.46918,547.6,800.9,0.297,0.54024,0.57765,518.6,986.0,0.947,0.58583,0.47391,562.4,809.0,0.496,0.46482,0.5699,446.2,972.8,0.959,0.56031,0.49461,537.9,844.3,0.316
766,21.155,960,1707,0.54863,0.28161,526.7,480.7,1.0,0.5521,0.27496,530.0,469.4,1.0,0.55353,0.27487,531.4,469.2,1.0,0.55453,0.27485,532.3,469.2,1.0,0.55267,0.27448,530.6,468.5,1.0,0.5546,0.27406,532.4,467.8,1.0,0.55631,0.27363,534.1,467.1,1.0,0.57237,0.27537,549.5,470.1,1.0,0.5746,0.27426,551.6,468.2,1.0,0.5575,0.28853,535.2,492.5,1.0,0.55775,0.28778,535.4,491.2,1.0,0.58082,0.31011,557.6,529.4,1.0,0.62924,0.30321,604.1,517.6,1.0,0.54951,0.36788,527.5,628.0,0.936,0.60893,0.35228,584.6,601.3,0.023,0.49468,0.34316,474.9,585.8,0.608,0.54967,0.34784,527.7,593.8,0.008,0.47257,0.34354,453.7,586.4,0.589,0.52438,0.34768,503.4,593.5,0.016,0.4826,0.33461,463.3,571.2,0.577,0.51834,0.33999,497.6,580.4,0.015,0.49135,0.3351,471.7,572.0,0.475,0.52441,0.33982,503.4,580.1,0.02,0.55844,0.42063,536.1,718.0,1.0,0.58011,0.41353,556.9,705.9,1.0,0.51765,0.49159,496.9,839.2,0.958,0.46069,0.43273,442.3,738.7,0.336,0.52333,0.56426,502.4,963.2,0.982,0.57006,0.46918,547.3,800.9,0.301,0.54027,0.57765,518.7,986.1,0.949,0.58676,0.4728,563.3,807.1,0.502,0.46459,0.57007,446.0,973.1,0.96,0.56209,0.4946,539.6,844.3,0.321
767,21.183,960,1707,0.54987,0.28067,527.9,479.1,1.0,0.55382,0.27408,531.7,467.8,1.0,0.55531,0.27405,533.1,467.8,1.0,0.55641,0.2741,534.1,467.9,1.0,0.55415,0.27352,532.0,466.9,1.0,0.55598,0.27316,533.7,466.3,1.0,0.55758,0.27281,535.3,465.7,1.0,0.57607,0.2748,553.0,469.1,1.0,0.57644,0.27398,553.4,467.7,1.0,0.55883,0.28805,536.5,491.7,1.0,0.55888,0.28739,536.5,490.6,1.0,0.58174,0.31239,558.5,533.3,1.0,0.62936,0.30337,604.2,517.9,1.0,0.54897,0.36802,527.0,628.2,0.937,0.60828,0.35273,584.0,602.1,0.024,0.49463,0.341,474.8,582.1,0.591,0.54944,0.34784,527.5,593.8,0.008,0.47255,0.34045,453.6,581.2,0.571,0.52477,0.3477,503.8,593.5,0.015,0.48274,0.33024,463.4,563.7,0.559,0.52012,0.34208,499.3,583.9,0.015,0.49139,0.33131,471.7,565.6,0.459,0.52464,0.33979,503.7,580.0,0.019,0.55858,0.42057,536.2,717.9,1.0,0.57544,0.40963,552.4,699.2,1.0,0.51695,0.49123,496.3,838.5,0.959,0.45848,0.43323,440.1,739.5,0.352,0.52358,0.5642,502.6,963.1,0.983,0.56931,0.46926,546.5,801.0,0.305,0.54025,0.57744,518.6,985.7,0.95,0.58715,0.4721,563.7,805.9,0.506,0.46435,0.57013,445.8,973.2,0.961,0.56208,0.49462,539.6,844.3,0.325
768,21.21,960,1707,0.55244,0.27987,530.3,477.7,1.0,0.55693,0.27331,534.7,466.5,1.0,0.55841,0.27338,536.1,466.7,1.0,0.55958,0.27351,537.2,466.9,1.0,0.55701,0.27264,534.7,465.4,1.0,0.55857,0.27232,536.2,464.9,1.0,0.56005,0.272,537.6,464.3,1.0,0.57813,0.27464,555.0,468.8,1.0,0.57899,0.27364,555.8,467.1,1.0,0.56053,0.28768,538.1,491.1,1.0,0.56048,0.28688,538.1,489.7,1.0,0.58174,0.3134,558.5,535.0,1.0,0.63034,0.30338,605.1,517.9,1.0,0.54848,0.36801,526.5,628.2,0.927,0.60649,0.35138,582.2,599.8,0.021,0.49454,0.34075,474.8,581.7,0.578,0.54816,0.34604,526.2,590.7,0.008,0.47247,0.34029,453.6,580.9,0.561,0.52543,0.34519,504.4,589.2,0.015,0.48272,0.33021,463.4,563.7,0.549,0.52031,0.34185,499.5,583.5,0.015,0.49134,0.3311,471.7,565.2,0.45,0.52385,0.3391,502.9,578.8,0.019,0.5584,0.42046,536.1,717.7,1.0,0.57621,0.41011,553.2,700.1,1.0,0.51683,0.49074,496.2,837.7,0.956,0.45988,0.43305,441.5,739.2,0.344,0.5242,0.5642,503.2,963.1,0.982,0.56935,0.46954,546.6,801.5,0.299,0.54024,0.57726,518.6,985.4,0.945,0.58724,0.47128,563.8,804.5,0.494,0.46428,0.5709,445.7,974.5,0.959,0.56135,0.49493,538.9,844.9,0.319
769,21.238,960,1707,0.55526,0.27969,533.0,477.4,1.0,0.55953,0.27313,537.2,466.2,1.0,0.56093,0.27321,538.5,466.4,1.0,0.56195,0.27336,539.5,466.6,1.0,0.56044,0.27243,538.0,465.0,1.0,0.5626,0.27209,540.1,464.5,1.0,0.56468,0.27175,542.1,463.9,1.0,0.58045,0.27456,557.2,468.7,1.0,0.5827,0.27348,559.4,466.8,1.0,0.5637,0.28751,541.1,490.8,1.0,0.56437,0.2867,541.8,489.4,1.0,0.5865,0.31331,563.0,534.8,1.0,0.63274,0.30357,607.4,518.2,1.0,0.5483,0.3678,526.4,627.8,0.932,0.60653,0.35217,582.3,601.1,0.024,0.49451,0.34048,474.7,581.2,0.591,0.54822,0.34627,526.3,591.1,0.008,0.47244,0.33986,453.5,580.1,0.572,0.52564,0.34548,504.6,589.7,0.015,0.48265,0.32999,463.3,563.3,0.559,0.52043,0.34112,499.6,582.3,0.015,0.49125,0.33085,471.6,564.8,0.461,0.52526,0.33913,504.2,578.9,0.019,0.55842,0.42033,536.1,717.5,1.0,0.57718,0.41075,554.1,701.2,1.0,0.51686,0.49046,496.2,837.2,0.958,0.45873,0.43314,440.4,739.4,0.366,0.52467,0.56416,503.7,963.0,0.983,0.56943,0.46875,546.7,800.2,0.315,0.54023,0.57703,518.6,985.0,0.949,0.5883,0.4698,564.8,801.9,0.511,0.46421,0.57107,445.6,974.8,0.962,0.56134,0.49491,538.9,844.8,0.338
770,21.265,960,1707,0.5592,0.27932,536.8,476.8,1.0,0.56342,0.27274,540.9,465.6,1.0,0.56481,0.27281,542.2,465.7,1.0,0.56577,0.27296,543.1,465.9,1.0,0.56457,0.27204,542.0,464.4,1.0,0.56686,0.27168,544.2,463.8,1.0,0.56899,0.2713,546.2,463.1,1.0,0.58389,0.27447,560.5,468.5,1.0,0.58575,0.27331,562.3,466.5,1.0,0.56764,0.28713,544.9,490.1,1.0,0.56837,0.28638,545.6,488.8,1.0,0.58859,0.31319,565.1,534.6,1.0,0.63675,0.3036,611.3,518.2,1.0,0.54806,0.36752,526.1,627.4,0.935,0.60762,0.35252,583.3,601.8,0.025,0.49449,0.34073,474.7,581.6,0.597,0.54921,0.3469,527.2,592.2,0.008,0.47241,0.34037,453.5,581.0,0.578,0.52672,0.34615,505.6,590.9,0.015,0.48261,0.33032,463.3,563.9,0.565,0.52269,0.34112,501.8,582.3,0.014,0.49119,0.33105,471.5,565.1,0.467,0.52842,0.33948,507.3,579.5,0.018,0.55846,0.42031,536.1,717.5,1.0,0.57844,0.41258,555.3,704.3,1.0,0.51643,0.49077,495.8,837.7,0.96,0.45945,0.43314,441.1,739.4,0.382,0.52553,0.56418,504.5,963.1,0.984,0.569,0.46956,546.2,801.5,0.326,0.54028,0.57703,518.7,985.0,0.951,0.58831,0.47,564.8,802.3,0.522,0.46618,0.57105,447.5,974.8,0.964,0.55953,0.49465,537.2,844.4,0.35
771,21.293,960,1707,0.56186,0.27931,539.4,476.8,1.0,0.56652,0.27269,543.9,465.5,1.0,0.5678,0.27274,545.1,465.6,1.0,0.56862,0.27288,545.9,465.8,1.0,0.56799,0.27201,545.3,464.3,1.0,0.57036,0.27164,547.5,463.7,1.0,0.57238,0.27126,549.5,463.0,1.0,0.58594,0.27448,562.5,468.5,1.0,0.5876,0.27333,564.1,466.6,1.0,0.57006,0.28708,547.3,490.0,1.0,0.57094,0.28635,548.1,488.8,1.0,0.58875,0.31313,565.2,534.5,1.0,0.63859,0.3046,613.0,520.0,1.0,0.54775,0.36697,525.8,626.4,0.94,0.61339,0.35303,588.9,602.6,0.027,0.49446,0.34075,474.7,581.7,0.614,0.55238,0.34909,530.3,595.9,0.008,0.47261,0.3409,453.7,581.9,0.594,0.53229,0.34678,511.0,592.0,0.015,0.48259,0.33067,463.3,564.4,0.582,0.5342,0.34403,512.8,587.3,0.014,0.49117,0.33131,471.5,565.5,0.485,0.53413,0.34037,512.8,581.0,0.018,0.55844,0.42014,536.1,717.2,1.0,0.57882,0.41321,555.7,705.4,1.0,0.51645,0.49067,495.8,837.6,0.962,0.45995,0.43324,441.6,739.5,0.401,0.52553,0.56418,504.5,963.1,0.985,0.56913,0.47079,546.4,803.6,0.339,0.5401,0.577,518.5,984.9,0.954,0.5889,0.47401,565.3,809.1,0.536,0.46639,0.57088,447.7,974.5,0.966,0.55955,0.4953,537.2,845.5,0.364
772,21.321,960,1707,0.56448,0.27938,541.9,476.9,1.0,0.569,0.27272,546.2,465.5,1.0,0.57035,0.27277,547.5,465.6,1.0,0.57122,0.2729,548.4,465.8,1.0,0.57061,0.27206,547.8,464.4,1.0,0.57315,0.27168,550.2,463.8,1.0,0.57522,0.27131,552.2,463.1,1.0,0.58877,0.27451,565.2,468.6,1.0,0.59021,0.27335,566.6,466.6,1.0,0.57254,0.2871,549.6,490.1,1.0,0.5735,0.28636,550.6,488.8,1.0,0.58992,0.31313,566.3,534.5,1.0,0.63932,0.30491,613.7,520.5,1.0,0.5477,0.36672,525.8,626.0,0.943,0.61288,0.35298,588.4,602.5,0.028,0.49474,0.34103,474.9,582.1,0.626,0.55213,0.34903,530.0,595.8,0.008,0.47302,0.3415,454.1,582.9,0.606,0.53156,0.34684,510.3,592.1,0.014,0.48271,0.33111,463.4,565.2,0.595,0.53384,0.34258,512.5,584.8,0.014,0.49132,0.33166,471.7,566.1,0.497,0.5334,0.33989,512.1,580.2,0.018,0.55847,0.42014,536.1,717.2,1.0,0.58147,0.41457,558.2,707.7,1.0,0.51796,0.49048,497.2,837.3,0.963,0.46064,0.43315,442.2,739.4,0.406,0.52557,0.56406,504.6,962.9,0.986,0.56892,0.47102,546.2,804.0,0.344,0.53968,0.57701,518.1,985.0,0.956,0.58825,0.47507,564.7,810.9,0.544,0.46638,0.5704,447.7,973.7,0.968,0.55847,0.49491,536.1,844.8,0.37
773,21.348,960,1707,0.56651,0.27939,543.9,476.9,1.0,0.57117,0.27273,548.3,465.5,1.0,0.57253,0.27275,549.6,465.6,1.0,0.57338,0.27285,550.4,465.8,1.0,0.5732,0.27208,550.3,464.4,1.0,0.57594,0.27171,552.9,463.8,1.0,0.57812,0.27134,555.0,463.2,1.0,0.59034,0.2744,566.7,468.4,1.0,0.5941,0.27334,570.3,466.6,1.0,0.57465,0.28712,551.7,490.1,1.0,0.57608,0.28638,553.0,488.8,1.0,0.59312,0.31309,569.4,534.4,1.0,0.64078,0.30539,615.1,521.3,1.0,0.54765,0.36658,525.7,625.8,0.944,0.61347,0.35384,588.9,604.0,0.029,0.49533,0.34111,475.5,582.3,0.627,0.55242,0.34948,530.3,596.6,0.008,0.47345,0.34154,454.5,583.0,0.608,0.53303,0.34709,511.7,592.5,0.014,0.48291,0.33112,463.6,565.2,0.597,0.53312,0.34255,511.8,584.7,0.014,0.49173,0.33184,472.1,566.5,0.499,0.53489,0.34064,513.5,581.5,0.018,0.55849,0.41999,536.1,716.9,1.0,0.58298,0.41507,559.7,708.5,1.0,0.51932,0.49045,498.6,837.2,0.963,0.46393,0.43245,445.4,738.2,0.404,0.52561,0.564,504.6,962.8,0.986,0.56936,0.47097,546.6,804.0,0.342,0.5395,0.57699,517.9,984.9,0.957,0.58846,0.47498,564.9,810.8,0.545,0.46639,0.57036,447.7,973.6,0.969,0.55851,0.49489,536.2,844.8,0.368
774,21.376,960,1707,0.56773,0.27944,545.0,477.0,1.0,0.57269,0.27275,549.8,465.6,1.0,0.57422,0.27277,551.2,465.6,1.0,0.57527,0.27285,552.3,465.8,1.0,0.57451,0.27212,551.5,464.5,1.0,0.57732,0.27174,554.2,463.9,1.0,0.57959,0.27137,556.4,463.2,1.0,0.59285,0.27438,569.1,468.4,1.0,0.59555,0.27335,571.7,466.6,1.0,0.57617,0.28713,553.1,490.1,1.0,0.57744,0.28637,554.3,488.8,1.0,0.59535,0.31304,571.5,534.4,1.0,0.64263,0.30546,616.9,521.4,1.0,0.54776,0.3665,525.8,625.6,0.948,0.61758,0.35383,592.9,604.0,0.031,0.49519,0.34118,475.4,582.4,0.642,0.55249,0.3473,530.4,592.8,0.008,0.47344,0.34156,454.5,583.0,0.622,0.53818,0.34687,516.6,592.1,0.014,0.48256,0.33116,463.3,565.3,0.612,0.5403,0.34254,518.7,584.7,0.014,0.49117,0.33193,471.5,566.6,0.515,0.53918,0.3407,517.6,581.6,0.018,0.55852,0.41989,536.2,716.7,1.0,0.58349,0.41538,560.1,709.1,1.0,0.51983,0.49059,499.0,837.4,0.963,0.46404,0.43236,445.5,738.0,0.413,0.52561,0.56411,504.6,962.9,0.986,0.56917,0.47096,546.4,803.9,0.342,0.53848,0.5777,516.9,986.1,0.958,0.58845,0.47486,564.9,810.6,0.548,0.46628,0.57035,447.6,973.6,0.969,0.55879,0.49514,536.4,845.2,0.369
775,21.404,960,1707,0.57027,0.27934,547.5,476.8,1.0,0.57503,0.27266,552.0,465.4,1.0,0.57633,0.27266,553.3,465.4,1.0,0.57715,0.27273,554.1,465.6,1.0,0.57714,0.27207,554.1,464.4,1.0,0.57996,0.27171,556.8,463.8,1.0,0.5822,0.27134,558.9,463.2,1.0,0.5946,0.27431,570.8,468.2,1.0,0.59739,0.27331,573.5,466.5,1.0,0.57833,0.28692,555.2,489.8,1.0,0.57984,0.28622,556.7,488.6,1.0,0.59674,0.313,572.9,534.3,1.0,0.64368,0.30592,617.9,522.2,1.0,0.54846,0.36658,526.5,625.8,0.943,0.61726,0.35411,592.6,604.5,0.028,0.49516,0.34123,475.4,582.5,0.648,0.55107,0.34794,529.0,593.9,0.008,0.47341,0.34194,454.5,583.7,0.63,0.53744,0.34767,515.9,593.5,0.016,0.48186,0.33191,462.6,566.6,0.619,0.53881,0.34394,517.3,587.1,0.016,0.49025,0.33247,470.6,567.5,0.522,0.53837,0.34357,516.8,586.5,0.02,0.55884,0.41972,536.5,716.5,1.0,0.58366,0.4154,560.3,709.1,1.0,0.51991,0.49039,499.1,837.1,0.959,0.46405,0.43254,445.5,738.3,0.4,0.52548,0.56444,504.5,963.5,0.985,0.5695,0.47084,546.7,803.7,0.328,0.53787,0.57788,516.4,986.4,0.953,0.5889,0.47474,565.3,810.4,0.529,0.46506,0.57097,446.5,974.6,0.967,0.55882,0.49596,536.5,846.6,0.358
776,21.431,960,1707,0.57262,0.27867,549.7,475.7,1.0,0.57739,0.27221,554.3,464.7,1.0,0.57865,0.27224,555.5,464.7,1.0,0.57943,0.27231,556.3,464.8,1.0,0.57935,0.27171,556.2,463.8,1.0,0.5821,0.2714,558.8,463.3,1.0,0.58433,0.27107,561.0,462.7,1.0,0.59664,0.27414,572.8,468.0,1.0,0.59919,0.27322,575.2,466.4,1.0,0.5802,0.28656,557.0,489.2,1.0,0.58172,0.28585,558.4,487.9,1.0,0.59641,0.31301,572.6,534.3,1.0,0.64551,0.3063,619.7,522.8,1.0,0.54846,0.36665,526.5,625.9,0.924,0.61883,0.35497,594.1,605.9,0.025,0.49534,0.34214,475.5,584.0,0.627,0.55961,0.35113,537.2,599.4,0.008,0.47363,0.34229,454.7,584.3,0.613,0.54769,0.35031,525.8,598.0,0.016,0.48215,0.33335,462.9,569.0,0.602,0.54679,0.34774,524.9,593.6,0.016,0.4905,0.33407,470.9,570.3,0.504,0.545,0.34705,523.2,592.4,0.02,0.55865,0.41969,536.3,716.4,1.0,0.5873,0.41672,563.8,711.3,1.0,0.52081,0.49094,500.0,838.0,0.944,0.47245,0.43063,453.5,735.1,0.371,0.52557,0.56453,504.5,963.7,0.977,0.56966,0.47114,546.9,804.2,0.304,0.53787,0.57799,516.4,986.6,0.932,0.58838,0.477,564.8,814.2,0.496,0.46556,0.57099,446.9,974.7,0.952,0.55827,0.49557,535.9,845.9,0.333
777,21.459,960,1707,0.57444,0.27825,551.5,475.0,1.0,0.57915,0.27194,556.0,464.2,1.0,0.5803,0.272,557.1,464.3,1.0,0.58095,0.27211,557.7,464.5,1.0,0.58102,0.27148,557.8,463.4,1.0,0.58367,0.27121,560.3,463.0,1.0,0.58581,0.27092,562.4,462.5,1.0,0.59737,0.27407,573.5,467.8,1.0,0.60036,0.27316,576.3,466.3,1.0,0.58146,0.28622,558.2,488.6,1.0,0.58316,0.28561,559.8,487.5,1.0,0.59693,0.31316,573.1,534.6,1.0,0.64658,0.30675,620.7,523.6,1.0,0.54848,0.36665,526.5,625.9,0.91,0.61952,0.35545,594.7,606.8,0.023,0.49532,0.34214,475.5,584.0,0.614,0.5623,0.3525,539.8,601.7,0.008,0.47364,0.3422,454.7,584.1,0.603,0.55131,0.35142,529.3,599.9,0.017,0.48216,0.33334,462.9,569.0,0.592,0.54964,0.34895,527.7,595.7,0.016,0.49048,0.33405,470.9,570.2,0.492,0.55058,0.34884,528.6,595.5,0.02,0.55866,0.41982,536.3,716.6,1.0,0.58949,0.41754,565.9,712.7,1.0,0.52172,0.49151,500.8,839.0,0.93,0.47505,0.42836,456.1,731.2,0.347,0.52544,0.56502,504.4,964.5,0.97,0.56962,0.47132,546.8,804.5,0.285,0.53717,0.57892,515.7,988.2,0.912,0.58798,0.47784,564.5,815.7,0.469,0.46556,0.57078,446.9,974.3,0.938,0.55585,0.49478,533.6,844.6,0.313
778,21.486,960,1707,0.57534,0.27808,552.3,474.7,1.0,0.57996,0.27177,556.8,463.9,1.0,0.58109,0.27185,557.8,464.0,1.0,0.58173,0.27196,558.5,464.2,1.0,0.58184,0.27136,558.6,463.2,1.0,0.58451,0.27113,561.1,462.8,1.0,0.5867,0.27086,563.2,462.4,1.0,0.59809,0.27399,574.2,467.7,1.0,0.60123,0.27311,577.2,466.2,1.0,0.58232,0.28615,559.0,488.5,1.0,0.58403,0.28555,560.7,487.4,1.0,0.59921,0.31305,575.2,534.4,1.0,0.64671,0.3073,620.8,524.6,1.0,0.54852,0.36663,526.6,625.8,0.906,0.61895,0.35756,594.2,610.4,0.021,0.49517,0.34208,475.4,583.9,0.614,0.5602,0.35243,537.8,601.6,0.009,0.47319,0.34207,454.3,583.9,0.604,0.54949,0.35161,527.5,600.2,0.019,0.48147,0.33317,462.2,568.7,0.593,0.54675,0.34929,524.9,596.2,0.018,0.48904,0.33396,469.5,570.1,0.492,0.54786,0.34859,525.9,595.0,0.022,0.55921,0.42052,536.8,717.8,1.0,0.58932,0.41794,565.7,713.4,1.0,0.52188,0.49174,501.0,839.4,0.925,0.47282,0.42859,453.9,731.6,0.342,0.52531,0.56521,504.3,964.8,0.967,0.56831,0.47466,545.6,810.2,0.277,0.53708,0.57931,515.6,988.9,0.904,0.58727,0.49167,563.8,839.3,0.459,0.46549,0.57016,446.9,973.3,0.932,0.55309,0.49503,531.0,845.0,0.305
779,21.514,960,1707,0.57531,0.27809,552.3,474.7,1.0,0.57997,0.27174,556.8,463.9,1.0,0.58121,0.27182,558.0,464.0,1.0,0.58208,0.27193,558.8,464.2,1.0,0.58157,0.27134,558.3,463.2,1.0,0.58417,0.27113,560.8,462.8,1.0,0.58659,0.27087,563.1,462.4,1.0,0.59892,0.27399,575.0,467.7,1.0,0.60162,0.27317,577.6,466.3,1.0,0.58232,0.28608,559.0,488.3,1.0,0.58396,0.28552,560.6,487.4,1.0,0.59972,0.31306,575.7,534.4,1.0,0.64664,0.30797,620.8,525.7,1.0,0.54863,0.36658,526.7,625.7,0.912,0.62067,0.35886,595.8,612.6,0.022,0.494,0.34199,474.2,583.8,0.623,0.5613,0.35332,538.8,603.1,0.009,0.47261,0.34204,453.7,583.9,0.612,0.54738,0.35334,525.5,603.1,0.018,0.48036,0.33306,461.1,568.5,0.601,0.54637,0.3495,524.5,596.6,0.018,0.48739,0.3339,467.9,570.0,0.5,0.54649,0.34845,524.6,594.8,0.022,0.55934,0.42053,537.0,717.8,1.0,0.58928,0.41784,565.7,713.2,1.0,0.52156,0.49162,500.7,839.2,0.927,0.47122,0.42874,452.4,731.9,0.35,0.52505,0.56521,504.0,964.8,0.969,0.56835,0.47432,545.6,809.7,0.28,0.53704,0.57928,515.6,988.8,0.908,0.588,0.48951,564.5,835.6,0.467,0.4649,0.57049,446.3,973.8,0.935,0.55316,0.49611,531.0,846.9,0.309
780,21.542,960,1707,0.57554,0.27832,552.5,475.1,1.0,0.58,0.27187,556.8,464.1,1.0,0.58126,0.27194,558.0,464.2,1.0,0.58218,0.27202,558.9,464.3,1.0,0.5815,0.27151,558.2,463.5,1.0,0.58406,0.27133,560.7,463.2,1.0,0.58659,0.27113,563.1,462.8,1.0,0.599,0.27412,575.0,467.9,1.0,0.60201,0.27342,577.9,466.7,1.0,0.58265,0.28615,559.3,488.5,1.0,0.58438,0.28557,561.0,487.5,1.0,0.59994,0.31306,575.9,534.4,1.0,0.64702,0.30856,621.1,526.7,1.0,0.54886,0.36647,526.9,625.6,0.905,0.62012,0.35847,595.3,611.9,0.02,0.49378,0.342,474.0,583.8,0.616,0.56086,0.35306,538.4,602.7,0.009,0.47242,0.34232,453.5,584.3,0.606,0.54632,0.35294,524.5,602.5,0.019,0.48008,0.33334,460.9,569.0,0.594,0.54533,0.34906,523.5,595.8,0.019,0.48702,0.33405,467.5,570.2,0.492,0.54557,0.34812,523.7,594.2,0.023,0.55955,0.42052,537.2,717.8,1.0,0.58984,0.4179,566.2,713.4,1.0,0.52173,0.49167,500.9,839.3,0.921,0.47153,0.42791,452.7,730.4,0.334,0.52467,0.56526,503.7,964.9,0.965,0.56893,0.47417,546.2,809.4,0.268,0.53698,0.5795,515.5,989.2,0.897,0.58818,0.48629,564.7,830.1,0.451,0.46446,0.57049,445.9,973.8,0.928,0.55349,0.49608,531.3,846.8,0.296
781,21.569,960,1707,0.57594,0.27808,552.9,474.7,1.0,0.58073,0.27166,557.5,463.7,1.0,0.58193,0.27176,558.6,463.9,1.0,0.5828,0.27187,559.5,464.1,1.0,0.58179,0.27133,558.5,463.2,1.0,0.58395,0.27119,560.6,462.9,1.0,0.58617,0.271,562.7,462.6,1.0,0.59961,0.27412,575.6,467.9,1.0,0.60164,0.27334,577.6,466.6,1.0,0.58299,0.28599,559.7,488.2,1.0,0.58449,0.28548,561.1,487.3,1.0,0.59997,0.31308,576.0,534.4,1.0,0.64729,0.30849,621.4,526.6,1.0,0.54898,0.36622,527.0,625.1,0.9,0.61977,0.35811,595.0,611.3,0.018,0.49351,0.34199,473.8,583.8,0.61,0.55547,0.34972,533.3,597.0,0.01,0.47235,0.34242,453.5,584.5,0.601,0.54564,0.35094,523.8,599.1,0.02,0.47991,0.33333,460.7,569.0,0.59,0.54339,0.34731,521.7,592.9,0.02,0.48676,0.33404,467.3,570.2,0.486,0.5452,0.34665,523.4,591.7,0.024,0.55967,0.4202,537.3,717.3,1.0,0.59091,0.41793,567.3,713.4,1.0,0.52171,0.4916,500.8,839.2,0.914,0.47235,0.42743,453.5,729.6,0.317,0.52441,0.5653,503.4,965.0,0.962,0.56942,0.47386,546.6,808.9,0.254,0.53682,0.5795,515.3,989.2,0.887,0.5883,0.48509,564.8,828.0,0.433,0.46424,0.57052,445.7,973.9,0.921,0.55366,0.49584,531.5,846.4,0.281
782,21.597,960,1707,0.5755,0.27792,552.5,474.4,1.0,0.5806,0.27152,557.4,463.5,1.0,0.58185,0.27162,558.6,463.7,1.0,0.58277,0.27175,559.5,463.9,1.0,0.5815,0.2712,558.2,462.9,1.0,0.58358,0.27107,560.2,462.7,1.0,0.58572,0.27088,562.3,462.4,1.0,0.5998,0.2741,575.8,467.9,1.0,0.60143,0.27324,577.4,466.4,1.0,0.58267,0.28579,559.4,487.8,1.0,0.58406,0.28534,560.7,487.1,1.0,0.6006,0.31306,576.6,534.4,1.0,0.64713,0.30846,621.2,526.5,1.0,0.54903,0.36596,527.1,624.7,0.892,0.61609,0.35752,591.5,610.3,0.017,0.49311,0.34199,473.4,583.8,0.601,0.55099,0.34905,528.9,595.8,0.01,0.47215,0.34255,453.3,584.7,0.595,0.54205,0.3506,520.4,598.5,0.021,0.47974,0.3333,460.5,568.9,0.583,0.53913,0.34673,517.6,591.9,0.021,0.4865,0.33397,467.0,570.1,0.478,0.54012,0.34574,518.5,590.2,0.025,0.55998,0.42004,537.6,717.0,1.0,0.59111,0.41789,567.5,713.3,1.0,0.5217,0.49138,500.8,838.8,0.907,0.4725,0.42709,453.6,729.0,0.299,0.52425,0.56532,503.3,965.0,0.959,0.56982,0.47364,547.0,808.5,0.239,0.53651,0.57963,515.1,989.4,0.875,0.58831,0.48489,564.8,827.7,0.414,0.46408,0.57036,445.5,973.6,0.915,0.5531,0.49542,531.0,845.7,0.266
783,21.624,960,1707,0.57535,0.27766,552.3,474.0,1.0,0.58063,0.27138,557.4,463.2,1.0,0.5819,0.2715,558.6,463.5,1.0,0.58281,0.27165,559.5,463.7,1.0,0.58144,0.27108,558.2,462.7,1.0,0.58344,0.27098,560.1,462.6,1.0,0.58549,0.27081,562.1,462.3,1.0,0.59965,0.27409,575.7,467.9,1.0,0.60117,0.27321,577.1,466.4,1.0,0.58267,0.28563,559.4,487.6,1.0,0.58385,0.28523,560.5,486.9,1.0,0.60069,0.31297,576.7,534.2,1.0,0.64694,0.3084,621.1,526.4,1.0,0.54921,0.36536,527.2,623.7,0.886,0.61362,0.35693,589.1,609.3,0.015,0.49278,0.34199,473.1,583.8,0.596,0.54845,0.34876,526.5,595.3,0.011,0.47203,0.34261,453.2,584.8,0.591,0.53949,0.35022,517.9,597.8,0.023,0.47969,0.33329,460.5,568.9,0.58,0.53581,0.34622,514.4,591.0,0.023,0.4864,0.33397,466.9,570.1,0.474,0.53667,0.34511,515.2,589.1,0.027,0.56028,0.41998,537.9,716.9,1.0,0.59093,0.41766,567.3,712.9,1.0,0.52169,0.49115,500.8,838.4,0.901,0.47237,0.42701,453.5,728.9,0.285,0.52415,0.56533,503.2,965.0,0.957,0.56993,0.47292,547.1,807.3,0.227,0.53634,0.57979,514.9,989.7,0.868,0.58832,0.48412,564.8,826.4,0.398,0.46397,0.57022,445.4,973.4,0.91,0.55331,0.49518,531.2,845.3,0.254
784,21.652,960,1707,0.5752,0.2777,552.2,474.0,1.0,0.58045,0.27139,557.2,463.3,1.0,0.58171,0.27151,558.4,463.5,1.0,0.58258,0.27165,559.3,463.7,1.0,0.58135,0.27109,558.1,462.7,1.0,0.58339,0.27098,560.1,462.6,1.0,0.5854,0.27081,562.0,462.3,1.0,0.59939,0.27408,575.4,467.8,1.0,0.60099,0.2732,576.9,466.4,1.0,0.58259,0.28561,559.3,487.5,1.0,0.58375,0.2852,560.4,486.8,1.0,0.60051,0.31282,576.5,534.0,1.0,0.6469,0.30838,621.0,526.4,1.0,0.54965,0.36495,527.7,623.0,0.883,0.61181,0.35575,587.3,607.3,0.014,0.49277,0.342,473.1,583.8,0.597,0.54351,0.34759,521.8,593.3,0.011,0.47196,0.34284,453.1,585.2,0.593,0.5329,0.34947,511.6,596.5,0.025,0.47954,0.3333,460.4,569.0,0.582,0.5326,0.34554,511.3,589.8,0.024,0.48623,0.33398,466.8,570.1,0.475,0.5336,0.34434,512.3,587.8,0.029,0.5603,0.4197,537.9,716.4,1.0,0.59093,0.41763,567.3,712.9,1.0,0.52169,0.49093,500.8,838.0,0.895,0.47292,0.4265,454.0,728.0,0.271,0.52408,0.56533,503.1,965.0,0.954,0.57005,0.4729,547.3,807.2,0.215,0.53622,0.57981,514.8,989.7,0.86,0.58829,0.48328,564.8,825.0,0.383,0.46384,0.57019,445.3,973.3,0.905,0.55253,0.49484,530.4,844.7,0.242
785,21.68,960,1707,0.57507,0.27756,552.1,473.8,1.0,0.58027,0.27135,557.1,463.2,1.0,0.58152,0.27148,558.3,463.4,1.0,0.58239,0.27162,559.1,463.7,1.0,0.58132,0.27103,558.1,462.6,1.0,0.58322,0.27093,559.9,462.5,1.0,0.58499,0.27077,561.6,462.2,1.0,0.59922,0.27402,575.3,467.8,1.0,0.6009,0.27319,576.9,466.3,1.0,0.58256,0.28544,559.3,487.2,1.0,0.58341,0.28502,560.1,486.5,1.0,0.59975,0.31281,575.8,534.0,1.0,0.64617,0.30837,620.3,526.4,1.0,0.55047,0.36486,528.5,622.8,0.88,0.60992,0.35524,585.5,606.4,0.013,0.49279,0.342,473.1,583.8,0.601,0.54036,0.34671,518.7,591.8,0.012,0.47196,0.34295,453.1,585.4,0.597,0.5287,0.34902,507.6,595.8,0.027,0.47947,0.3333,460.3,568.9,0.586,0.52746,0.34467,506.4,588.3,0.027,0.48614,0.33397,466.7,570.1,0.477,0.53138,0.3436,510.1,586.5,0.031,0.56027,0.41969,537.9,716.4,1.0,0.59073,0.41761,567.1,712.9,1.0,0.52168,0.49091,500.8,838.0,0.89,0.47312,0.42656,454.2,728.1,0.26,0.52398,0.56538,503.0,965.1,0.952,0.57006,0.4736,547.3,808.4,0.206,0.53609,0.58001,514.6,990.1,0.853,0.58828,0.49262,564.7,840.9,0.371,0.46372,0.57018,445.2,973.3,0.902,0.55269,0.49482,530.6,844.7,0.234
786,21.707,960,1707,0.57389,0.27752,550.9,473.7,1.0,0.5797,0.27133,556.5,463.2,1.0,0.58103,0.27144,557.8,463.4,1.0,0.58188,0.27158,558.6,463.6,1.0,0.58053,0.27099,557.3,462.6,1.0,0.58246,0.27088,559.2,462.4,1.0,0.58419,0.27071,560.8,462.1,1.0,0.59842,0.2739,574.5,467.6,1.0,0.60026,0.2731,576.2,466.2,1.0,0.58159,0.28531,558.3,487.0,1.0,0.58222,0.28488,558.9,486.3,1.0,0.59593,0.31281,572.1,534.0,1.0,0.64595,0.30834,620.1,526.3,1.0,0.55064,0.36453,528.6,622.3,0.887,0.61136,0.3559,586.9,607.5,0.013,0.49277,0.34201,473.1,583.8,0.611,0.54096,0.34809,519.3,594.2,0.013,0.47191,0.34325,453.0,585.9,0.606,0.52927,0.35042,508.1,598.2,0.027,0.47929,0.33336,460.1,569.0,0.595,0.52779,0.34597,506.7,590.6,0.026,0.48596,0.33399,466.5,570.1,0.486,0.53376,0.34528,512.4,589.4,0.031,0.56018,0.41929,537.8,715.7,1.0,0.59079,0.41745,567.2,712.6,1.0,0.52167,0.49088,500.8,837.9,0.895,0.47401,0.42639,455.0,727.8,0.262,0.52398,0.56544,503.0,965.2,0.955,0.57031,0.47349,547.5,808.3,0.208,0.53607,0.58002,514.6,990.1,0.859,0.58826,0.49382,564.7,842.9,0.376,0.46373,0.57018,445.2,973.3,0.906,0.55261,0.49474,530.5,844.5,0.236
787,21.735,960,1707,0.57216,0.27794,549.3,474.4,1.0,0.57754,0.27165,554.4,463.7,1.0,0.57925,0.27173,556.1,463.8,1.0,0.58043,0.27181,557.2,464.0,1.0,0.57749,0.27124,554.4,463.0,1.0,0.57927,0.27106,556.1,462.7,1.0,0.58084,0.27083,557.6,462.3,1.0,0.59693,0.27405,573.1,467.8,1.0,0.59833,0.27324,574.4,466.4,1.0,0.57985,0.28542,556.7,487.2,1.0,0.57982,0.28492,556.6,486.4,1.0,0.59454,0.31208,570.8,532.7,1.0,0.64579,0.30782,620.0,525.4,1.0,0.55098,0.36426,528.9,621.8,0.886,0.61062,0.3553,586.2,606.5,0.012,0.49272,0.34204,473.0,583.9,0.612,0.54201,0.34809,520.3,594.2,0.013,0.47189,0.34334,453.0,586.1,0.607,0.52865,0.35042,507.5,598.2,0.028,0.47925,0.33337,460.1,569.1,0.596,0.52869,0.34616,507.5,590.9,0.027,0.48588,0.33401,466.4,570.2,0.487,0.53291,0.34525,511.6,589.3,0.032,0.56017,0.41924,537.8,715.6,1.0,0.59072,0.41743,567.1,712.5,1.0,0.52167,0.49083,500.8,837.9,0.896,0.47391,0.42661,454.9,728.2,0.263,0.52391,0.56549,503.0,965.3,0.955,0.57032,0.47339,547.5,808.1,0.208,0.53595,0.58008,514.5,990.2,0.86,0.58825,0.4872,564.7,831.7,0.375,0.46372,0.57011,445.2,973.2,0.908,0.55266,0.49474,530.6,844.5,0.238
788,21.763,960,1707,0.57015,0.27807,547.3,474.7,1.0,0.57531,0.27171,552.3,463.8,1.0,0.57717,0.27176,554.1,463.9,1.0,0.57847,0.27182,555.3,464.0,1.0,0.57505,0.27132,552.0,463.1,1.0,0.57685,0.27112,553.8,462.8,1.0,0.57843,0.27087,555.3,462.4,1.0,0.59449,0.27401,570.7,467.7,1.0,0.59616,0.27324,572.3,466.4,1.0,0.57829,0.28543,555.2,487.2,1.0,0.57798,0.28494,554.9,486.4,1.0,0.59278,0.31093,569.1,530.8,1.0,0.64491,0.30694,619.1,523.9,1.0,0.55192,0.36395,529.8,621.3,0.892,0.61099,0.35502,586.5,606.0,0.013,0.49272,0.34211,473.0,584.0,0.619,0.54247,0.34805,520.8,594.1,0.013,0.47187,0.34352,453.0,586.4,0.614,0.52845,0.35042,507.3,598.2,0.028,0.47924,0.33342,460.1,569.1,0.603,0.52918,0.34626,508.0,591.1,0.027,0.48586,0.33405,466.4,570.2,0.494,0.53226,0.34524,511.0,589.3,0.032,0.56005,0.41905,537.6,715.3,1.0,0.59068,0.41739,567.1,712.5,1.0,0.5216,0.49075,500.7,837.7,0.903,0.47266,0.42724,453.7,729.3,0.283,0.52383,0.56549,502.9,965.3,0.958,0.56962,0.47441,546.8,809.8,0.226,0.53591,0.58009,514.5,990.2,0.868,0.58825,0.48474,564.7,827.5,0.395,0.46363,0.57005,445.1,973.1,0.914,0.55098,0.49573,528.9,846.2,0.256
789,21.79,960,1707,0.56695,0.27818,544.3,474.9,1.0,0.57218,0.27172,549.3,463.8,1.0,0.57417,0.27176,551.2,463.9,1.0,0.57577,0.27182,552.7,464.0,1.0,0.57185,0.27135,549.0,463.2,1.0,0.5736,0.27114,550.7,462.8,1.0,0.57527,0.2709,552.3,462.4,1.0,0.59252,0.27397,568.8,467.7,1.0,0.59426,0.27323,570.5,466.4,1.0,0.57506,0.28545,552.1,487.3,1.0,0.57454,0.28495,551.6,486.4,1.0,0.59277,0.3101,569.1,529.3,1.0,0.6428,0.30663,617.1,523.4,1.0,0.55261,0.36377,530.5,621.0,0.893,0.60804,0.35409,583.7,604.4,0.012,0.49274,0.3426,473.0,584.8,0.619,0.53834,0.34805,516.8,594.1,0.013,0.47187,0.34407,453.0,587.3,0.614,0.52481,0.35053,503.8,598.4,0.028,0.47927,0.33399,460.1,570.1,0.603,0.52393,0.34627,503.0,591.1,0.028,0.48591,0.33462,466.5,571.2,0.495,0.52905,0.3453,507.9,589.4,0.033,0.56012,0.41899,537.7,715.2,1.0,0.58916,0.41703,565.6,711.9,1.0,0.52119,0.49063,500.3,837.5,0.907,0.46995,0.42851,451.1,731.5,0.298,0.52381,0.56541,502.9,965.2,0.96,0.56855,0.47428,545.8,809.6,0.235,0.53595,0.57996,514.5,990.0,0.873,0.5883,0.48208,564.8,822.9,0.405,0.46361,0.57004,445.1,973.1,0.917,0.55115,0.49648,529.1,847.5,0.266
790,21.818,960,1707,0.56334,0.27819,540.8,474.9,1.0,0.56848,0.27171,545.7,463.8,1.0,0.57046,0.27174,547.6,463.9,1.0,0.57209,0.27177,549.2,463.9,1.0,0.5684,0.27135,545.7,463.2,1.0,0.57034,0.27114,547.5,462.8,1.0,0.57227,0.27089,549.4,462.4,1.0,0.58888,0.27391,565.3,467.6,1.0,0.59157,0.27319,567.9,466.3,1.0,0.57166,0.28545,548.8,487.3,1.0,0.57121,0.28494,548.4,486.4,1.0,0.58868,0.30918,565.1,527.8,1.0,0.64018,0.30608,614.6,522.5,1.0,0.55261,0.36265,530.5,619.0,0.902,0.60871,0.3541,584.4,604.4,0.015,0.49274,0.34308,473.0,585.6,0.632,0.53814,0.3481,516.6,594.2,0.013,0.47181,0.34465,452.9,588.3,0.626,0.52468,0.35228,503.7,601.3,0.027,0.47927,0.33464,460.1,571.2,0.614,0.52337,0.3464,502.4,591.3,0.027,0.48596,0.3351,466.5,572.0,0.508,0.52882,0.3455,507.7,589.8,0.032,0.55955,0.41889,537.2,715.1,1.0,0.58861,0.41702,565.1,711.9,1.0,0.52119,0.49074,500.3,837.7,0.915,0.46881,0.42906,450.1,732.4,0.332,0.52381,0.5654,502.9,965.1,0.964,0.56785,0.47421,545.1,809.5,0.267,0.53602,0.57981,514.6,989.7,0.883,0.58829,0.4804,564.8,820.0,0.437,0.46368,0.57017,445.1,973.3,0.924,0.55126,0.49727,529.2,848.8,0.298
791,21.845,960,1707,0.56027,0.27835,537.9,475.1,1.0,0.56552,0.27176,542.9,463.9,1.0,0.56758,0.27176,544.9,463.9,1.0,0.56924,0.27179,546.5,463.9,1.0,0.56553,0.27142,542.9,463.3,1.0,0.56764,0.27119,544.9,462.9,1.0,0.56963,0.27093,546.8,462.5,1.0,0.58608,0.27389,562.6,467.5,1.0,0.58855,0.27318,565.0,466.3,1.0,0.5694,0.2855,546.6,487.4,1.0,0.5689,0.28499,546.1,486.5,1.0,0.58552,0.30855,562.1,526.7,1.0,0.63831,0.3053,612.8,521.2,1.0,0.5525,0.3613,530.4,616.7,0.91,0.60852,0.35159,584.2,600.2,0.019,0.49239,0.34312,472.7,585.7,0.65,0.53868,0.34751,517.1,593.2,0.013,0.47157,0.34481,452.7,588.6,0.642,0.52537,0.3517,504.4,600.3,0.026,0.47916,0.33473,460.0,571.4,0.631,0.5241,0.34616,503.1,590.9,0.026,0.48588,0.3351,466.4,572.0,0.526,0.52869,0.34501,507.5,588.9,0.031,0.55952,0.41856,537.1,714.5,1.0,0.58843,0.4165,564.9,711.0,1.0,0.5211,0.49079,500.3,837.8,0.921,0.46746,0.42933,448.8,732.9,0.362,0.52382,0.56535,502.9,965.1,0.967,0.56789,0.47383,545.2,808.8,0.294,0.53626,0.57974,514.8,989.6,0.892,0.58894,0.47929,565.4,818.1,0.465,0.46358,0.57047,445.0,973.8,0.93,0.55147,0.49802,529.4,850.1,0.324
792,21.873,960,1707,0.55774,0.27835,535.4,475.1,1.0,0.56286,0.27176,540.3,463.9,1.0,0.56504,0.27175,542.4,463.9,1.0,0.5668,0.27176,544.1,463.9,1.0,0.56253,0.27144,540.0,463.3,1.0,0.5645,0.2712,541.9,462.9,1.0,0.56628,0.27093,543.6,462.5,1.0,0.5837,0.2737,560.4,467.2,1.0,0.58503,0.27303,561.6,466.1,1.0,0.56698,0.28537,544.3,487.1,1.0,0.56611,0.28492,543.5,486.4,1.0,0.58276,0.30801,559.4,525.8,1.0,0.63741,0.30514,611.9,520.9,1.0,0.55244,0.36031,530.3,615.1,0.917,0.61095,0.35159,586.5,600.2,0.021,0.4919,0.34328,472.2,586.0,0.666,0.53997,0.34756,518.4,593.3,0.013,0.47147,0.34552,452.6,589.8,0.657,0.5258,0.35164,504.8,600.3,0.026,0.47914,0.33589,460.0,573.4,0.646,0.52456,0.3462,503.6,591.0,0.025,0.48585,0.33596,466.4,573.5,0.543,0.52882,0.34503,507.7,589.0,0.031,0.55952,0.41808,537.1,713.7,1.0,0.58832,0.41583,564.8,709.8,1.0,0.52087,0.48988,500.0,836.2,0.928,0.46522,0.43028,446.6,734.5,0.381,0.52388,0.56489,502.9,964.3,0.969,0.5684,0.47188,545.7,805.5,0.31,0.53637,0.57937,514.9,989.0,0.902,0.59056,0.4741,566.9,809.3,0.486,0.46358,0.57124,445.0,975.1,0.936,0.55338,0.49796,531.2,850.0,0.342
793,21.901,960,1707,0.55563,0.27859,533.4,475.5,1.0,0.55987,0.2719,537.5,464.1,1.0,0.56185,0.27185,539.4,464.0,1.0,0.56335,0.27183,540.8,464.0,1.0,0.55988,0.27161,537.5,463.6,1.0,0.56195,0.27133,539.5,463.2,1.0,0.56382,0.27103,541.3,462.7,1.0,0.57974,0.27359,556.5,467.0,1.0,0.58294,0.27297,559.6,466.0,1.0,0.56479,0.28538,542.2,487.1,1.0,0.56434,0.28492,541.8,486.4,1.0,0.58004,0.30708,556.8,524.2,1.0,0.6367,0.30469,611.2,520.1,1.0,0.55218,0.35936,530.1,613.4,0.918,0.60879,0.34975,584.4,597.0,0.02,0.49184,0.34336,472.2,586.1,0.675,0.54027,0.3475,518.7,593.2,0.013,0.47146,0.34557,452.6,589.9,0.666,0.53209,0.35162,510.8,600.2,0.026,0.47916,0.33623,460.0,573.9,0.655,0.52506,0.34621,504.1,591.0,0.026,0.48586,0.33621,466.4,573.9,0.554,0.52865,0.34502,507.5,589.0,0.031,0.55947,0.41804,537.1,713.6,1.0,0.58665,0.41548,563.2,709.2,1.0,0.52076,0.48962,499.9,835.8,0.93,0.46499,0.43024,446.4,734.4,0.376,0.52388,0.56488,502.9,964.3,0.97,0.56632,0.47205,543.7,805.8,0.303,0.5364,0.57917,514.9,988.6,0.903,0.58883,0.47494,565.3,810.7,0.478,0.46358,0.57116,445.0,975.0,0.938,0.55296,0.49792,530.8,850.0,0.337
794,21.928,960,1707,0.55224,0.2795,530.1,477.1,1.0,0.55524,0.27267,533.0,465.4,1.0,0.55706,0.27255,534.8,465.3,1.0,0.55849,0.2725,536.1,465.2,1.0,0.55536,0.27242,533.1,465.0,1.0,0.55742,0.27211,535.1,464.5,1.0,0.55935,0.27178,537.0,463.9,1.0,0.57449,0.27366,551.5,467.1,1.0,0.57876,0.27308,555.6,466.1,1.0,0.56132,0.28623,538.9,488.6,1.0,0.56096,0.28556,538.5,487.4,1.0,0.57507,0.30719,552.1,524.4,1.0,0.63498,0.30446,609.6,519.7,1.0,0.55217,0.35916,530.1,613.1,0.92,0.60566,0.34382,581.4,586.9,0.018,0.49083,0.34303,471.2,585.5,0.684,0.54235,0.34649,520.7,591.5,0.012,0.47096,0.34555,452.1,589.9,0.675,0.53245,0.34906,511.2,595.9,0.025,0.47874,0.33611,459.6,573.7,0.664,0.5253,0.34348,504.3,586.3,0.025,0.48538,0.33572,466.0,573.1,0.563,0.52748,0.34212,506.4,584.0,0.03,0.55949,0.41804,537.1,713.6,1.0,0.58666,0.41547,563.2,709.2,1.0,0.52086,0.48983,500.0,836.1,0.93,0.46737,0.42886,448.7,732.1,0.366,0.52384,0.56488,502.9,964.3,0.969,0.56643,0.47156,543.8,804.9,0.291,0.53582,0.57948,514.4,989.2,0.9,0.58806,0.47564,564.5,811.9,0.466,0.4632,0.57073,444.7,974.2,0.936,0.55297,0.49539,530.8,845.6,0.327
795,21.956,960,1707,0.54977,0.28053,527.8,478.9,1.0,0.5518,0.27365,529.7,467.1,1.0,0.55332,0.27344,531.2,466.8,1.0,0.55442,0.27334,532.2,466.6,1.0,0.55272,0.27342,530.6,466.7,1.0,0.55507,0.27301,532.9,466.0,1.0,0.55726,0.27261,535.0,465.3,1.0,0.56992,0.27392,547.1,467.6,1.0,0.57652,0.27322,553.5,466.4,1.0,0.55885,0.28695,536.5,489.8,1.0,0.55925,0.2862,536.9,488.6,1.0,0.57358,0.30616,550.6,522.6,1.0,0.63368,0.30349,608.3,518.0,1.0,0.55215,0.35855,530.1,612.0,0.926,0.61095,0.34536,586.5,589.5,0.021,0.48965,0.34319,470.1,585.8,0.701,0.54969,0.34831,527.7,594.6,0.012,0.47016,0.34615,451.4,590.9,0.691,0.53424,0.35067,512.9,598.6,0.024,0.47781,0.33675,458.7,574.8,0.681,0.52765,0.3454,506.5,589.6,0.024,0.48448,0.33608,465.1,573.7,0.582,0.53161,0.3447,510.3,588.4,0.029,0.55938,0.41766,537.0,712.9,1.0,0.58661,0.41507,563.1,708.5,1.0,0.52153,0.48983,500.7,836.1,0.935,0.46639,0.4298,447.7,733.7,0.395,0.5243,0.5648,503.3,964.1,0.972,0.5667,0.47038,544.0,802.9,0.315,0.53585,0.5794,514.4,989.0,0.908,0.58841,0.4722,564.9,806.0,0.49,0.4632,0.57014,444.7,973.2,0.942,0.55462,0.49531,532.4,845.5,0.349
796,21.983,960,1707,0.54763,0.28066,525.7,479.1,1.0,0.55027,0.27373,528.3,467.3,1.0,0.55189,0.27353,529.8,466.9,1.0,0.55306,0.27343,530.9,466.7,1.0,0.55091,0.27356,528.9,467.0,1.0,0.5531,0.27322,531.0,466.4,1.0,0.55511,0.27287,532.9,465.8,1.0,0.56883,0.27391,546.1,467.6,1.0,0.57425,0.27325,551.3,466.4,1.0,0.55675,0.28698,534.5,489.9,1.0,0.5571,0.2863,534.8,488.7,1.0,0.57337,0.3049,550.4,520.5,1.0,0.63276,0.30307,607.5,517.3,1.0,0.55237,0.35722,530.3,609.8,0.932,0.61898,0.34593,594.2,590.5,0.024,0.48966,0.3431,470.1,585.7,0.715,0.55387,0.34854,531.7,595.0,0.011,0.47023,0.34613,451.4,590.9,0.705,0.5366,0.3504,515.1,598.1,0.023,0.47774,0.33682,458.6,574.9,0.695,0.52952,0.34534,508.3,589.5,0.022,0.48445,0.33607,465.1,573.7,0.598,0.53522,0.34438,513.8,587.9,0.028,0.55942,0.41586,537.0,709.9,1.0,0.5883,0.41448,564.8,707.5,1.0,0.52241,0.48916,501.5,835.0,0.94,0.46858,0.42962,449.8,733.4,0.406,0.52429,0.56472,503.3,964.0,0.974,0.57104,0.46691,548.2,797.0,0.324,0.53561,0.57916,514.2,988.6,0.916,0.59238,0.46657,568.7,796.4,0.505,0.46342,0.57088,444.9,974.5,0.946,0.56008,0.49511,537.7,845.2,0.359
797,22.011,960,1707,0.54408,0.28091,522.3,479.5,1.0,0.54693,0.27383,525.1,467.4,1.0,0.54855,0.27359,526.6,467.0,1.0,0.54967,0.27347,527.7,466.8,1.0,0.54777,0.27373,525.9,467.3,1.0,0.55013,0.27339,528.1,466.7,1.0,0.55229,0.27305,530.2,466.1,1.0,0.56574,0.27387,543.1,467.5,1.0,0.57126,0.27325,548.4,466.4,1.0,0.55316,0.28701,531.0,489.9,1.0,0.55387,0.28648,531.7,489.0,1.0,0.57188,0.30364,549.0,518.3,1.0,0.63171,0.30215,606.4,515.8,1.0,0.55256,0.35594,530.5,607.6,0.937,0.62355,0.34648,598.6,591.4,0.026,0.48876,0.3423,469.2,584.3,0.725,0.55708,0.3496,534.8,596.8,0.011,0.46964,0.34495,450.9,588.8,0.714,0.53829,0.35064,516.8,598.5,0.022,0.47711,0.3361,458.0,573.7,0.703,0.5359,0.34675,514.5,591.9,0.021,0.48382,0.33531,464.5,572.4,0.607,0.53768,0.34565,516.2,590.0,0.027,0.55906,0.41547,536.7,709.2,1.0,0.5889,0.4141,565.3,706.9,1.0,0.52233,0.48918,501.4,835.0,0.945,0.4688,0.42969,450.1,733.5,0.425,0.52439,0.56441,503.4,963.5,0.976,0.57132,0.46736,548.5,797.8,0.34,0.53568,0.57888,514.3,988.1,0.922,0.59225,0.46814,568.6,799.1,0.523,0.46405,0.57083,445.5,974.4,0.95,0.56008,0.49513,537.7,845.2,0.37
798,22.039,960,1707,0.54349,0.28103,521.7,479.7,1.0,0.54601,0.27408,524.2,467.9,1.0,0.54754,0.27382,525.6,467.4,1.0,0.54858,0.27368,526.6,467.2,1.0,0.54681,0.27395,524.9,467.6,1.0,0.54908,0.27357,527.1,467.0,1.0,0.55116,0.27317,529.1,466.3,1.0,0.56457,0.27388,542.0,467.5,1.0,0.57023,0.27323,547.4,466.4,1.0,0.55264,0.28708,530.5,490.0,1.0,0.55327,0.28652,531.1,489.1,1.0,0.56867,0.30314,545.9,517.5,1.0,0.63201,0.30156,606.7,514.8,1.0,0.55213,0.35491,530.0,605.8,0.941,0.62786,0.34622,602.7,591.0,0.028,0.4887,0.34217,469.1,584.1,0.731,0.56497,0.34695,542.4,592.2,0.011,0.46958,0.3448,450.8,588.6,0.719,0.5494,0.35044,527.4,598.2,0.021,0.47705,0.33625,458.0,574.0,0.708,0.5447,0.34601,522.9,590.6,0.021,0.48383,0.33545,464.5,572.6,0.612,0.54821,0.34552,526.3,589.8,0.026,0.55837,0.41536,536.0,709.0,1.0,0.59079,0.41368,567.2,706.2,1.0,0.52231,0.48881,501.4,834.4,0.949,0.47959,0.42738,460.4,729.5,0.419,0.52479,0.56395,503.8,962.7,0.978,0.57197,0.46656,549.1,796.4,0.338,0.53581,0.57858,514.4,987.6,0.928,0.59209,0.46888,568.4,800.4,0.531,0.46524,0.5704,446.6,973.7,0.953,0.55976,0.49287,537.4,841.3,0.365
799,22.066,960,1707,0.54278,0.281,521.1,479.7,1.0,0.54578,0.274,523.9,467.7,1.0,0.54739,0.27375,525.5,467.3,1.0,0.54855,0.27361,526.6,467.1,1.0,0.54617,0.27385,524.3,467.5,1.0,0.54816,0.27346,526.2,466.8,1.0,0.54997,0.27306,528.0,466.1,1.0,0.56466,0.27372,542.1,467.2,1.0,0.56891,0.27298,546.2,466.0,1.0,0.55185,0.287,529.8,489.9,1.0,0.55195,0.28647,529.9,489.0,1.0,0.56926,0.30302,546.5,517.2,1.0,0.63072,0.30131,605.5,514.3,1.0,0.55205,0.3545,530.0,605.1,0.945,0.62607,0.3457,601.0,590.1,0.031,0.48684,0.34221,467.4,584.2,0.742,0.56253,0.34722,540.0,592.7,0.011,0.46776,0.34525,449.1,589.3,0.73,0.54767,0.35084,525.8,598.9,0.021,0.47588,0.33676,456.8,574.9,0.719,0.54303,0.34671,521.3,591.8,0.02,0.48274,0.3358,463.4,573.2,0.625,0.54665,0.34582,524.8,590.3,0.025,0.55825,0.41543,535.9,709.1,1.0,0.59051,0.41348,566.9,705.8,1.0,0.51956,0.48883,498.8,834.4,0.953,0.47158,0.42889,452.7,732.1,0.44,0.52479,0.56394,503.8,962.6,0.98,0.57191,0.46675,549.0,796.7,0.357,0.53591,0.57856,514.5,987.6,0.934,0.59205,0.46823,568.4,799.3,0.55,0.46613,0.57088,447.5,974.5,0.957,0.55981,0.4931,537.4,841.7,0.382
800,22.094,960,1707,0.54083,0.28062,519.2,479.0,1.0,0.54369,0.27358,521.9,467.0,1.0,0.54518,0.27332,523.4,466.6,1.0,0.54618,0.27316,524.3,466.3,1.0,0.54415,0.27339,522.4,466.7,1.0,0.54607,0.27297,524.2,466.0,1.0,0.54776,0.27253,525.8,465.2,1.0,0.56165,0.27311,539.2,466.2,1.0,0.5663,0.2722,543.7,464.6,1.0,0.54961,0.28634,527.6,488.8,1.0,0.54984,0.28587,527.8,488.0,1.0,0.56793,0.30267,545.2,516.7,1.0,0.62952,0.30033,604.3,512.7,1.0,0.55091,0.35418,528.9,604.6,0.949,0.62503,0.34289,600.0,585.3,0.035,0.48659,0.34221,467.1,584.1,0.757,0.561,0.34713,538.6,592.5,0.011,0.46726,0.34526,448.6,589.4,0.744,0.54726,0.35064,525.4,598.5,0.021,0.47546,0.33712,456.4,575.5,0.734,0.54152,0.3467,519.9,591.8,0.02,0.48254,0.33606,463.2,573.7,0.643,0.54575,0.34485,523.9,588.7,0.025,0.55733,0.41548,535.0,709.2,1.0,0.58976,0.41321,566.2,705.4,1.0,0.51694,0.48884,496.3,834.4,0.957,0.46855,0.42953,449.8,733.2,0.458,0.52502,0.56372,504.0,962.3,0.981,0.57147,0.46692,548.6,797.0,0.372,0.53658,0.57799,515.1,986.6,0.939,0.59198,0.46896,568.3,800.5,0.567,0.46741,0.57049,448.7,973.8,0.96,0.55962,0.49323,537.2,842.0,0.394
801,22.122,960,1707,0.53927,0.28058,517.7,479.0,1.0,0.54192,0.27357,520.2,467.0,1.0,0.54333,0.27332,521.6,466.6,1.0,0.54425,0.27316,522.5,466.3,1.0,0.54286,0.27338,521.1,466.7,1.0,0.54509,0.27296,523.3,465.9,1.0,0.54717,0.27249,525.3,465.1,1.0,0.55972,0.27298,537.3,466.0,1.0,0.56565,0.27192,543.0,464.2,1.0,0.54837,0.28621,526.4,488.6,1.0,0.54897,0.28567,527.0,487.6,1.0,0.56817,0.30158,545.4,514.8,1.0,0.62822,0.29967,603.1,511.5,1.0,0.55009,0.35426,528.1,604.7,0.953,0.61723,0.34362,592.5,586.6,0.038,0.48625,0.34218,466.8,584.1,0.767,0.56007,0.34737,537.7,593.0,0.011,0.46669,0.34542,448.0,589.6,0.754,0.53998,0.3511,518.4,599.3,0.021,0.47491,0.3374,455.9,575.9,0.744,0.53698,0.34707,515.5,592.4,0.02,0.48165,0.33611,462.4,573.7,0.655,0.53842,0.34507,516.9,589.0,0.025,0.55724,0.41528,535.0,708.9,1.0,0.58876,0.41207,565.2,703.4,1.0,0.5146,0.48837,494.0,833.6,0.96,0.46511,0.42968,446.5,733.5,0.481,0.52502,0.56319,504.0,961.4,0.983,0.56942,0.46702,546.6,797.2,0.392,0.53708,0.57683,515.6,984.6,0.944,0.59139,0.46942,567.7,801.3,0.585,0.46677,0.57017,448.1,973.3,0.963,0.55953,0.4931,537.1,841.7,0.412
802,22.149,960,1707,0.53818,0.28065,516.7,479.1,1.0,0.53995,0.27378,518.4,467.3,1.0,0.54121,0.27349,519.6,466.9,1.0,0.54203,0.27329,520.3,466.5,1.0,0.54112,0.27356,519.5,467.0,1.0,0.5434,0.27308,521.7,466.1,1.0,0.54558,0.27255,523.8,465.2,1.0,0.55741,0.27295,535.1,465.9,1.0,0.56394,0.27182,541.4,464.0,1.0,0.54741,0.28629,525.5,488.7,1.0,0.54811,0.28569,526.2,487.7,1.0,0.5685,0.30127,545.8,514.3,1.0,0.62526,0.29866,600.2,509.8,1.0,0.54985,0.35417,527.9,604.6,0.956,0.61029,0.34386,585.9,587.0,0.041,0.48557,0.34204,466.1,583.9,0.78,0.53733,0.34477,515.8,588.5,0.013,0.46564,0.34541,447.0,589.6,0.767,0.52282,0.35078,501.9,598.8,0.022,0.4742,0.33737,455.2,575.9,0.759,0.51772,0.34356,497.0,586.5,0.022,0.48068,0.33597,461.4,573.5,0.672,0.52436,0.34278,503.4,585.1,0.027,0.55665,0.4153,534.4,708.9,1.0,0.58645,0.41172,563.0,702.8,1.0,0.51303,0.48839,492.5,833.7,0.963,0.45914,0.43207,440.8,737.5,0.504,0.52501,0.5632,504.0,961.4,0.984,0.56922,0.46707,546.5,797.3,0.407,0.53759,0.57614,516.1,983.5,0.948,0.5913,0.46863,567.6,799.9,0.6,0.46638,0.57015,447.7,973.2,0.966,0.5598,0.4932,537.4,841.9,0.426
803,22.177,960,1707,0.53721,0.28084,515.7,479.4,1.0,0.53827,0.27388,516.7,467.5,1.0,0.53939,0.27356,517.8,467.0,1.0,0.54016,0.27334,518.6,466.6,1.0,0.53967,0.27366,518.1,467.1,1.0,0.54193,0.27314,520.3,466.2,1.0,0.54417,0.27258,522.4,465.3,1.0,0.55572,0.27295,533.5,465.9,1.0,0.56259,0.2718,540.1,464.0,1.0,0.54621,0.28642,524.4,488.9,1.0,0.54712,0.28576,525.2,487.8,1.0,0.56784,0.30064,545.1,513.2,1.0,0.62538,0.29821,600.4,509.0,1.0,0.54941,0.354,527.4,604.3,0.959,0.60803,0.3441,583.7,587.4,0.045,0.48455,0.34204,465.2,583.9,0.789,0.54001,0.34502,518.4,589.0,0.013,0.46518,0.34541,446.6,589.6,0.776,0.52358,0.34922,502.6,596.1,0.023,0.47344,0.33735,454.5,575.9,0.768,0.51788,0.34196,497.2,583.7,0.022,0.47977,0.33595,460.6,573.5,0.683,0.52107,0.34112,500.2,582.3,0.028,0.55602,0.41532,533.8,708.9,1.0,0.58519,0.41151,561.8,702.5,1.0,0.51176,0.48838,491.3,833.7,0.966,0.45832,0.43276,440.0,738.7,0.527,0.525,0.56318,504.0,961.4,0.985,0.56836,0.46725,545.6,797.6,0.424,0.53792,0.57593,516.4,983.1,0.952,0.59091,0.46888,567.3,800.4,0.617,0.46624,0.57006,447.6,973.1,0.969,0.5588,0.49327,536.4,842.0,0.443
804,22.204,960,1707,0.53686,0.28158,515.4,480.7,1.0,0.53777,0.27432,516.3,468.3,1.0,0.53879,0.27391,517.2,467.6,1.0,0.53945,0.27362,517.9,467.1,1.0,0.53948,0.27403,517.9,467.8,1.0,0.54187,0.27336,520.2,466.6,1.0,0.54423,0.27271,522.5,465.5,1.0,0.55456,0.27296,532.4,465.9,1.0,0.56236,0.2718,539.9,464.0,1.0,0.54571,0.28684,523.9,489.6,1.0,0.54693,0.28607,525.1,488.3,1.0,0.56754,0.29997,544.8,512.0,1.0,0.62564,0.29813,600.6,508.9,1.0,0.5493,0.35353,527.3,603.5,0.962,0.60818,0.34658,583.9,591.6,0.048,0.48444,0.34202,465.1,583.8,0.798,0.54489,0.34662,523.1,591.7,0.013,0.4652,0.34542,446.6,589.6,0.784,0.52454,0.34989,503.6,597.3,0.023,0.4735,0.33756,454.6,576.2,0.776,0.51993,0.34397,499.1,587.1,0.022,0.47985,0.3361,460.7,573.7,0.693,0.52149,0.34271,500.6,585.0,0.028,0.55513,0.41533,532.9,709.0,1.0,0.58511,0.41154,561.7,702.5,1.0,0.51139,0.48838,490.9,833.7,0.969,0.45909,0.43297,440.7,739.1,0.546,0.52483,0.5632,503.8,961.4,0.987,0.56832,0.46728,545.6,797.6,0.442,0.53792,0.57598,516.4,983.2,0.956,0.59087,0.46911,567.2,800.8,0.634,0.46601,0.5702,447.4,973.3,0.971,0.55797,0.49332,535.7,842.1,0.457
805,22.232,960,1707,0.53561,0.28231,514.2,481.9,1.0,0.53605,0.27518,514.6,469.7,1.0,0.53696,0.27468,515.5,468.9,1.0,0.53755,0.27432,516.1,468.3,1.0,0.53786,0.27487,516.3,469.2,1.0,0.54018,0.27406,518.6,467.8,1.0,0.54248,0.27329,520.8,466.5,1.0,0.55191,0.27321,529.8,466.4,1.0,0.56016,0.27196,537.8,464.2,1.0,0.54466,0.28726,522.9,490.4,1.0,0.54601,0.28642,524.2,488.9,1.0,0.56476,0.30013,542.2,512.3,1.0,0.62477,0.29818,599.8,509.0,1.0,0.54905,0.3534,527.1,603.3,0.964,0.6078,0.3467,583.5,591.8,0.051,0.48419,0.34202,464.8,583.8,0.803,0.54523,0.34664,523.4,591.7,0.013,0.46515,0.3457,446.5,590.1,0.79,0.52531,0.34981,504.3,597.1,0.023,0.4728,0.33799,453.9,576.9,0.782,0.51927,0.34396,498.5,587.1,0.022,0.47935,0.33634,460.2,574.1,0.699,0.52299,0.34237,502.1,584.4,0.028,0.55382,0.41568,531.7,709.6,1.0,0.58376,0.41144,560.4,702.3,1.0,0.51161,0.48839,491.2,833.7,0.971,0.45961,0.43295,441.2,739.0,0.559,0.5248,0.56322,503.8,961.4,0.988,0.56832,0.46731,545.6,797.7,0.453,0.53781,0.57601,516.3,983.3,0.959,0.59091,0.46916,567.3,800.9,0.648,0.46522,0.57047,446.6,973.8,0.973,0.55763,0.49325,535.3,842.0,0.467
806,22.26,960,1707,0.5335,0.28226,512.2,481.8,1.0,0.53387,0.27503,512.5,469.5,1.0,0.53503,0.27453,513.6,468.6,1.0,0.53593,0.27417,514.5,468.0,1.0,0.53516,0.2747,513.8,468.9,1.0,0.53738,0.27392,515.9,467.6,1.0,0.53959,0.27317,518.0,466.3,1.0,0.55184,0.27307,529.8,466.1,1.0,0.55816,0.27186,535.8,464.1,1.0,0.54341,0.28726,521.7,490.3,1.0,0.54435,0.28641,522.6,488.9,1.0,0.56353,0.30019,541.0,512.4,1.0,0.62339,0.29805,598.5,508.8,1.0,0.54897,0.35338,527.0,603.2,0.966,0.61234,0.34671,587.8,591.8,0.052,0.48397,0.3421,464.6,584.0,0.808,0.54701,0.34683,525.1,592.0,0.014,0.46508,0.34604,446.5,590.7,0.795,0.5254,0.34979,504.4,597.1,0.023,0.47229,0.3382,453.4,577.3,0.787,0.52228,0.34429,501.4,587.7,0.022,0.47895,0.33647,459.8,574.3,0.705,0.52331,0.34241,502.4,584.5,0.028,0.55288,0.41581,530.8,709.8,1.0,0.58244,0.41135,559.1,702.2,1.0,0.51165,0.48849,491.2,833.9,0.972,0.45999,0.43287,441.6,738.9,0.563,0.52478,0.56321,503.8,961.4,0.988,0.56832,0.46737,545.6,797.8,0.457,0.53775,0.57602,516.2,983.3,0.962,0.59094,0.46925,567.3,801.0,0.653,0.46477,0.57051,446.2,973.9,0.975,0.55823,0.49328,535.9,842.0,0.471
807,22.287,960,1707,0.53157,0.28276,510.3,482.7,1.0,0.53157,0.27528,510.3,469.9,1.0,0.53267,0.27474,511.4,469.0,1.0,0.53349,0.27432,512.1,468.3,1.0,0.53314,0.27504,511.8,469.5,1.0,0.53549,0.27426,514.1,468.2,1.0,0.53782,0.27349,516.3,466.8,1.0,0.54978,0.27309,527.8,466.2,1.0,0.55642,0.27201,534.2,464.3,1.0,0.54117,0.2876,519.5,490.9,1.0,0.54256,0.28698,520.9,489.9,1.0,0.56098,0.30004,538.5,512.2,1.0,0.6227,0.29803,597.8,508.7,1.0,0.54799,0.35292,526.1,602.4,0.967,0.61702,0.34659,592.3,591.6,0.053,0.48377,0.34209,464.4,584.0,0.804,0.55303,0.34694,530.9,592.2,0.013,0.46511,0.34603,446.5,590.7,0.79,0.5348,0.34969,513.4,596.9,0.022,0.47216,0.33829,453.3,577.5,0.783,0.52922,0.34458,508.1,588.2,0.021,0.47879,0.33657,459.6,574.5,0.7,0.5342,0.34387,512.8,587.0,0.028,0.55222,0.41579,530.1,709.7,1.0,0.58215,0.41135,558.9,702.2,1.0,0.51173,0.4885,491.3,833.9,0.974,0.46079,0.43285,442.4,738.9,0.568,0.52478,0.56322,503.8,961.4,0.989,0.5684,0.46742,545.7,797.9,0.466,0.53775,0.57603,516.2,983.3,0.964,0.59118,0.46914,567.5,800.8,0.662,0.46475,0.57055,446.2,973.9,0.976,0.55967,0.49393,537.3,843.1,0.475
808,22.315,960,1707,0.53103,0.28327,509.8,483.5,1.0,0.53046,0.27554,509.2,470.4,1.0,0.53129,0.27492,510.0,469.3,1.0,0.53185,0.27444,510.6,468.5,1.0,0.5325,0.27535,511.2,470.0,1.0,0.53488,0.27449,513.5,468.5,1.0,0.53719,0.27365,515.7,467.1,1.0,0.54704,0.27309,525.2,466.2,1.0,0.55548,0.27201,533.3,464.3,1.0,0.54021,0.28777,518.6,491.2,1.0,0.54191,0.28727,520.2,490.4,1.0,0.56088,0.29949,538.4,511.2,1.0,0.6219,0.2979,597.0,508.5,1.0,0.54751,0.35261,525.6,601.9,0.968,0.61777,0.34635,593.1,591.2,0.056,0.48377,0.34212,464.4,584.0,0.8,0.55296,0.34699,530.8,592.3,0.013,0.46507,0.34602,446.5,590.7,0.788,0.53452,0.34905,513.1,595.8,0.022,0.47217,0.33837,453.3,577.6,0.78,0.52967,0.34461,508.5,588.3,0.021,0.4788,0.33665,459.6,574.7,0.697,0.53411,0.3431,512.7,585.7,0.028,0.55224,0.41579,530.2,709.7,1.0,0.58172,0.41137,558.5,702.2,1.0,0.51194,0.48843,491.5,833.8,0.976,0.46081,0.43297,442.4,739.1,0.574,0.52478,0.56322,503.8,961.4,0.99,0.56822,0.46744,545.5,797.9,0.472,0.53777,0.57606,516.3,983.3,0.967,0.59112,0.46899,567.5,800.6,0.67,0.46471,0.5705,446.1,973.9,0.977,0.56,0.49533,537.6,845.5,0.478
809,22.343,960,1707,0.53114,0.28406,509.9,484.9,1.0,0.5306,0.2764,509.4,471.8,1.0,0.53144,0.27564,510.2,470.5,1.0,0.532,0.27504,510.7,469.5,1.0,0.53269,0.27633,511.4,471.7,1.0,0.53507,0.27539,513.7,470.1,1.0,0.53736,0.27444,515.9,468.5,1.0,0.54661,0.27321,524.7,466.4,1.0,0.55529,0.27218,533.1,464.6,1.0,0.54026,0.28804,518.6,491.7,1.0,0.542,0.28775,520.3,491.2,1.0,0.56136,0.29913,538.9,510.6,1.0,0.62163,0.29775,596.8,508.3,1.0,0.54749,0.35242,525.6,601.6,0.969,0.61763,0.34612,592.9,590.8,0.059,0.48394,0.34219,464.6,584.1,0.798,0.5529,0.34694,530.8,592.2,0.013,0.46534,0.3465,446.7,591.5,0.786,0.53355,0.34797,512.2,594.0,0.022,0.47219,0.33946,453.3,579.5,0.778,0.52966,0.34285,508.5,585.2,0.021,0.47883,0.33737,459.7,575.9,0.694,0.53331,0.34189,512.0,583.6,0.027,0.55229,0.41579,530.2,709.7,1.0,0.58145,0.41137,558.2,702.2,1.0,0.51193,0.48836,491.4,833.6,0.977,0.46053,0.43372,442.1,740.4,0.586,0.52479,0.56323,503.8,961.4,0.99,0.56829,0.46745,545.6,797.9,0.478,0.53787,0.57609,516.4,983.4,0.969,0.59145,0.46879,567.8,800.2,0.68,0.4647,0.57051,446.1,973.9,0.979,0.56095,0.49654,538.5,847.6,0.48
810,22.37,960,1707,0.53138,0.284,510.1,484.8,1.0,0.53069,0.27636,509.5,471.7,1.0,0.53137,0.27561,510.1,470.5,1.0,0.53174,0.27502,510.5,469.5,1.0,0.53305,0.2763,511.7,471.6,1.0,0.53547,0.27536,514.1,470.0,1.0,0.53778,0.27442,516.3,468.4,1.0,0.54553,0.27312,523.7,466.2,1.0,0.5554,0.27213,533.2,464.5,1.0,0.54026,0.28804,518.7,491.7,1.0,0.54213,0.28773,520.4,491.2,1.0,0.5615,0.2986,539.0,509.7,1.0,0.62101,0.29767,596.2,508.1,1.0,0.54741,0.3521,525.5,601.0,0.97,0.61681,0.34565,592.1,590.0,0.06,0.48397,0.34224,464.6,584.2,0.795,0.54967,0.34665,527.7,591.7,0.013,0.4654,0.34698,446.8,592.3,0.784,0.52967,0.34749,508.5,593.2,0.022,0.47211,0.34012,453.2,580.6,0.776,0.52253,0.34144,501.6,582.8,0.021,0.47871,0.33787,459.6,576.7,0.691,0.52965,0.34123,508.5,582.5,0.027,0.55231,0.41579,530.2,709.8,1.0,0.58111,0.41134,557.9,702.1,1.0,0.51192,0.48838,491.4,833.7,0.978,0.46046,0.43391,442.0,740.7,0.586,0.5248,0.56324,503.8,961.5,0.991,0.56856,0.46747,545.8,798.0,0.473,0.53809,0.5761,516.6,983.4,0.971,0.59185,0.47057,568.2,803.3,0.68,0.46465,0.57066,446.1,974.1,0.979,0.56124,0.49731,538.8,848.9,0.47
811,22.398,960,1707,0.53037,0.28396,509.2,484.7,1.0,0.52928,0.27631,508.1,471.7,1.0,0.52991,0.27558,508.7,470.4,1.0,0.53025,0.275,509.0,469.4,1.0,0.53172,0.27624,510.5,471.6,1.0,0.53412,0.27532,512.8,470.0,1.0,0.5364,0.2744,514.9,468.4,1.0,0.54384,0.27304,522.1,466.1,1.0,0.55384,0.27209,531.7,464.5,1.0,0.53924,0.28804,517.7,491.7,1.0,0.5411,0.28772,519.5,491.1,1.0,0.55983,0.29852,537.4,509.6,1.0,0.61967,0.29731,594.9,507.5,1.0,0.54735,0.35208,525.5,601.0,0.971,0.60801,0.34423,583.7,587.6,0.06,0.48398,0.34238,464.6,584.4,0.802,0.53898,0.3454,517.4,589.6,0.014,0.4656,0.34759,447.0,593.3,0.791,0.52013,0.34644,499.3,591.4,0.023,0.47209,0.34108,453.2,582.2,0.783,0.51576,0.34023,495.1,580.8,0.022,0.47868,0.33855,459.5,577.9,0.699,0.51932,0.33987,498.5,580.2,0.028,0.55218,0.41569,530.1,709.6,1.0,0.57964,0.41121,556.5,701.9,1.0,0.51129,0.48854,490.8,833.9,0.979,0.45903,0.43467,440.7,742.0,0.587,0.52481,0.56322,503.8,961.4,0.991,0.56908,0.46748,546.3,798.0,0.468,0.53828,0.576,516.7,983.2,0.972,0.59321,0.47056,569.5,803.2,0.68,0.46459,0.57108,446.0,974.8,0.98,0.5618,0.49746,539.3,849.2,0.465
812,22.425,960,1707,0.52955,0.28407,508.4,484.9,1.0,0.52857,0.2763,507.4,471.6,1.0,0.5292,0.27559,508.0,470.4,1.0,0.52955,0.27504,508.4,469.5,1.0,0.53097,0.27621,509.7,471.5,1.0,0.53329,0.2753,512.0,469.9,1.0,0.53548,0.27438,514.1,468.4,1.0,0.54273,0.27306,521.0,466.1,1.0,0.55192,0.27209,529.8,464.5,1.0,0.53809,0.28817,516.6,491.9,1.0,0.54004,0.28784,518.4,491.4,1.0,0.55776,0.29842,535.5,509.4,1.0,0.61945,0.29687,594.7,506.8,1.0,0.54733,0.35163,525.4,600.2,0.972,0.60864,0.3431,584.3,585.7,0.061,0.48413,0.34236,464.8,584.4,0.806,0.53945,0.34504,517.9,589.0,0.014,0.46596,0.34757,447.3,593.3,0.795,0.52108,0.3458,500.2,590.3,0.022,0.47212,0.34122,453.2,582.5,0.788,0.51603,0.33991,495.4,580.2,0.021,0.47871,0.3387,459.6,578.2,0.704,0.52068,0.33942,499.8,579.4,0.028,0.55169,0.41574,529.6,709.7,1.0,0.57852,0.41122,555.4,702.0,1.0,0.51099,0.48896,490.5,834.7,0.978,0.4577,0.43521,439.4,742.9,0.578,0.52481,0.56308,503.8,961.2,0.991,0.56936,0.4677,546.6,798.4,0.453,0.53849,0.57575,517.0,982.8,0.972,0.59364,0.47082,569.9,803.7,0.672,0.46441,0.57151,445.8,975.6,0.979,0.56214,0.49795,539.7,850.0,0.449
813,22.453,960,1707,0.52887,0.28452,507.7,485.7,1.0,0.52782,0.27661,506.7,472.2,1.0,0.52834,0.27593,507.2,471.0,1.0,0.52859,0.27542,507.4,470.1,1.0,0.53041,0.2764,509.2,471.8,1.0,0.53273,0.27545,511.4,470.2,1.0,0.53489,0.27453,513.5,468.6,1.0,0.54108,0.27339,519.4,466.7,1.0,0.55033,0.27224,528.3,464.7,1.0,0.537,0.28844,515.5,492.4,1.0,0.53919,0.28808,517.6,491.8,1.0,0.5555,0.29834,533.3,509.3,1.0,0.61837,0.2966,593.6,506.3,1.0,0.54541,0.35084,523.6,598.9,0.973,0.60906,0.34193,584.7,583.7,0.063,0.48449,0.34235,465.1,584.4,0.807,0.54526,0.34415,523.4,587.5,0.014,0.4674,0.34757,448.7,593.3,0.797,0.53036,0.34595,509.1,590.5,0.022,0.47286,0.34144,453.9,582.8,0.789,0.52417,0.34105,503.2,582.2,0.021,0.47911,0.3389,459.9,578.5,0.706,0.53029,0.33991,509.1,580.2,0.028,0.55127,0.41609,529.2,710.3,1.0,0.57748,0.41137,554.4,702.2,1.0,0.51055,0.48924,490.1,835.1,0.979,0.4567,0.43606,438.4,744.3,0.578,0.52479,0.56308,503.8,961.2,0.991,0.56926,0.46771,546.5,798.4,0.445,0.5385,0.57565,517.0,982.6,0.973,0.5936,0.47061,569.9,803.3,0.67,0.46429,0.57169,445.7,975.9,0.979,0.56267,0.49833,540.2,850.6,0.439
814,22.481,960,1707,0.52794,0.28467,506.8,485.9,1.0,0.5269,0.2767,505.8,472.3,1.0,0.52747,0.276,506.4,471.1,1.0,0.5278,0.27547,506.7,470.2,1.0,0.52936,0.27651,508.2,472.0,1.0,0.53163,0.27556,510.4,470.4,1.0,0.53378,0.27463,512.4,468.8,1.0,0.54078,0.2734,519.1,466.7,1.0,0.55019,0.27226,528.2,464.7,1.0,0.53632,0.28846,514.9,492.4,1.0,0.53849,0.28812,517.0,491.8,1.0,0.55614,0.2976,533.9,508.0,1.0,0.61693,0.29636,592.3,505.9,1.0,0.54541,0.35072,523.6,598.7,0.974,0.60947,0.34149,585.1,582.9,0.064,0.48494,0.34139,465.5,582.8,0.816,0.54627,0.34426,524.4,587.6,0.014,0.46775,0.34671,449.0,591.8,0.805,0.53174,0.34593,510.5,590.5,0.023,0.47294,0.34088,454.0,581.9,0.799,0.52454,0.34081,503.6,581.8,0.022,0.47918,0.33845,460.0,577.7,0.717,0.53122,0.34002,510.0,580.4,0.028,0.55128,0.41614,529.2,710.4,1.0,0.57723,0.41105,554.1,701.7,1.0,0.51069,0.48947,490.3,835.5,0.98,0.4569,0.43579,438.6,743.9,0.591,0.52478,0.56307,503.8,961.2,0.992,0.56931,0.46783,546.5,798.6,0.454,0.53863,0.57556,517.1,982.5,0.975,0.59356,0.47185,569.8,805.5,0.679,0.46419,0.57166,445.6,975.8,0.98,0.56122,0.49878,538.8,851.4,0.448
815,22.508,960,1707,0.52758,0.28464,506.5,485.9,1.0,0.52602,0.27663,505.0,472.2,1.0,0.52639,0.27594,505.3,471.0,1.0,0.52647,0.27543,505.4,470.2,1.0,0.52894,0.27639,507.8,471.8,1.0,0.53136,0.27539,510.1,470.1,1.0,0.53362,0.27443,512.3,468.4,1.0,0.53916,0.27331,517.6,466.5,1.0,0.55024,0.27189,528.2,464.1,1.0,0.53572,0.28839,514.3,492.3,1.0,0.53828,0.28804,516.8,491.7,1.0,0.55517,0.29707,533.0,507.1,1.0,0.6172,0.29598,592.5,505.2,1.0,0.54521,0.35056,523.4,598.4,0.975,0.62062,0.34147,595.8,582.9,0.065,0.48746,0.34131,468.0,582.6,0.815,0.55887,0.34391,536.5,587.1,0.015,0.47138,0.34663,452.5,591.7,0.804,0.54503,0.34602,523.2,590.6,0.023,0.4766,0.34084,457.5,581.8,0.797,0.54081,0.34176,519.2,583.4,0.022,0.48225,0.33846,463.0,577.8,0.715,0.542,0.34033,520.3,580.9,0.028,0.55108,0.41646,529.0,710.9,1.0,0.57849,0.41116,555.4,701.9,1.0,0.51127,0.49016,490.8,836.7,0.98,0.46051,0.4325,442.1,738.3,0.585,0.52448,0.56309,503.5,961.2,0.992,0.56958,0.46857,546.8,799.9,0.454,0.53861,0.57561,517.1,982.6,0.975,0.59276,0.47353,569.1,808.3,0.682,0.46425,0.57114,445.7,974.9,0.98,0.56011,0.49857,537.7,851.1,0.443
816,22.536,960,1707,0.5272,0.28458,506.1,485.8,1.0,0.5256,0.27656,504.6,472.1,1.0,0.52605,0.27588,505.0,470.9,1.0,0.52624,0.27538,505.2,470.1,1.0,0.52837,0.27632,507.2,471.7,1.0,0.53075,0.27533,509.5,470.0,1.0,0.533,0.27436,511.7,468.3,1.0,0.53954,0.27325,518.0,466.4,1.0,0.54992,0.2718,527.9,464.0,1.0,0.53533,0.28828,513.9,492.1,1.0,0.53779,0.28793,516.3,491.5,1.0,0.55518,0.29687,533.0,506.8,1.0,0.61739,0.29568,592.7,504.7,1.0,0.54514,0.35044,523.3,598.2,0.975,0.61989,0.34157,595.1,583.1,0.067,0.48955,0.34099,470.0,582.1,0.82,0.56368,0.34354,541.1,586.4,0.015,0.47323,0.34651,454.3,591.5,0.809,0.54576,0.346,523.9,590.6,0.024,0.47844,0.34075,459.3,581.7,0.803,0.54397,0.34158,522.2,583.1,0.023,0.48442,0.33841,465.0,577.7,0.722,0.54431,0.34038,522.5,581.0,0.029,0.55111,0.41653,529.1,711.0,1.0,0.57885,0.41117,555.7,701.9,1.0,0.51134,0.49027,490.9,836.9,0.981,0.46045,0.43251,442.0,738.3,0.598,0.52415,0.56311,503.2,961.2,0.992,0.56998,0.46794,547.2,798.8,0.47,0.53855,0.57562,517.0,982.6,0.977,0.59275,0.47326,569.0,807.9,0.695,0.46424,0.57099,445.7,974.7,0.981,0.55939,0.49831,537.0,850.6,0.455
817,22.563,960,1707,0.52668,0.28357,505.6,484.1,1.0,0.52526,0.27564,504.3,470.5,1.0,0.52581,0.27501,504.8,469.4,1.0,0.52608,0.27454,505.0,468.6,1.0,0.52782,0.27544,506.7,470.2,1.0,0.53013,0.27455,508.9,468.7,1.0,0.5323,0.27367,511.0,467.2,1.0,0.53981,0.27244,518.2,465.1,1.0,0.5495,0.27121,527.5,463.0,1.0,0.53491,0.28741,513.5,490.6,1.0,0.53719,0.28705,515.7,490.0,1.0,0.55546,0.29611,533.2,505.5,1.0,0.61732,0.29541,592.6,504.3,1.0,0.54506,0.34902,523.3,595.8,0.976,0.61962,0.34168,594.8,583.2,0.07,0.49147,0.34101,471.8,582.1,0.827,0.56494,0.34383,542.3,586.9,0.016,0.4751,0.34651,456.1,591.5,0.817,0.54785,0.34679,525.9,592.0,0.025,0.48036,0.34088,461.1,581.9,0.811,0.5451,0.34329,523.3,586.0,0.024,0.4868,0.33888,467.3,578.5,0.733,0.54565,0.34294,523.8,585.4,0.031,0.55136,0.41646,529.3,710.9,1.0,0.57884,0.41104,555.7,701.6,1.0,0.5113,0.49008,490.8,836.6,0.983,0.45839,0.43416,440.1,741.1,0.617,0.52351,0.56241,502.6,960.0,0.993,0.56998,0.46759,547.2,798.2,0.486,0.53849,0.57554,516.9,982.4,0.979,0.59302,0.47056,569.3,803.2,0.707,0.46019,0.57097,441.8,974.6,0.982,0.55705,0.49826,534.8,850.5,0.472
818,22.591,960,1707,0.52676,0.28281,505.7,482.8,1.0,0.52541,0.27495,504.4,469.3,1.0,0.52596,0.27438,504.9,468.4,1.0,0.52623,0.27396,505.2,467.6,1.0,0.52795,0.27469,506.8,468.9,1.0,0.53025,0.27382,509.0,467.4,1.0,0.53244,0.27295,511.1,465.9,1.0,0.53992,0.27197,518.3,464.2,1.0,0.54958,0.27059,527.6,461.9,1.0,0.53488,0.28687,513.5,489.7,1.0,0.53716,0.2864,515.7,488.9,1.0,0.55566,0.29544,533.4,504.3,1.0,0.61742,0.2949,592.7,503.4,1.0,0.54481,0.34785,523.0,593.8,0.977,0.61922,0.34174,594.5,583.3,0.071,0.49238,0.34102,472.7,582.1,0.83,0.56629,0.34734,543.6,592.9,0.017,0.47601,0.34629,457.0,591.1,0.821,0.54956,0.34865,527.6,595.2,0.026,0.48132,0.34087,462.1,581.9,0.815,0.54647,0.34608,524.6,590.8,0.025,0.4879,0.33907,468.4,578.8,0.738,0.5498,0.34667,527.8,591.8,0.032,0.55137,0.41646,529.3,710.9,1.0,0.57912,0.41106,556.0,701.7,1.0,0.5117,0.49005,491.2,836.5,0.983,0.45842,0.43415,440.1,741.1,0.625,0.52323,0.56226,502.3,959.8,0.993,0.56996,0.46759,547.2,798.2,0.497,0.53832,0.57554,516.8,982.5,0.98,0.59247,0.47059,568.8,803.3,0.715,0.45891,0.57097,440.6,974.6,0.983,0.55578,0.49757,533.6,849.4,0.48
819,22.619,960,1707,0.52671,0.28273,505.6,482.6,1.0,0.52527,0.2748,504.3,469.1,1.0,0.52578,0.27423,504.8,468.1,1.0,0.52601,0.2738,505.0,467.4,1.0,0.52789,0.27452,506.8,468.6,1.0,0.53024,0.27362,509.0,467.1,1.0,0.53247,0.27273,511.2,465.6,1.0,0.53939,0.27187,517.8,464.1,1.0,0.54953,0.27038,527.5,461.5,1.0,0.53471,0.28674,513.3,489.5,1.0,0.53709,0.28631,515.6,488.7,0.999,0.55581,0.29519,533.6,503.9,1.0,0.61862,0.29457,593.9,502.8,1.0,0.54466,0.34719,522.9,592.7,0.976,0.62612,0.34087,601.1,581.9,0.069,0.49212,0.34061,472.4,581.4,0.821,0.56693,0.34544,544.3,589.7,0.017,0.47567,0.3454,456.6,589.6,0.811,0.55094,0.34813,528.9,594.3,0.026,0.481,0.34048,461.8,581.2,0.805,0.54791,0.34504,526.0,589.0,0.024,0.48768,0.3389,468.2,578.5,0.725,0.55183,0.34632,529.8,591.2,0.031,0.55177,0.41646,529.7,710.9,1.0,0.58234,0.41112,559.0,701.8,1.0,0.51374,0.48979,493.2,836.1,0.982,0.47023,0.4291,451.4,732.5,0.589,0.52322,0.56214,502.3,959.6,0.993,0.57023,0.46737,547.4,797.8,0.473,0.53849,0.57553,516.9,982.4,0.98,0.59236,0.4707,568.7,803.5,0.7,0.46042,0.57057,442.0,974.0,0.981,0.55535,0.49647,533.1,847.5,0.454
820,22.646,960,1707,0.52679,0.28212,505.7,481.6,1.0,0.52535,0.27397,504.3,467.7,1.0,0.52588,0.27338,504.8,466.7,1.0,0.52612,0.27295,505.1,465.9,1.0,0.52791,0.27371,506.8,467.2,1.0,0.53032,0.27281,509.1,465.7,1.0,0.53263,0.27192,511.3,464.2,1.0,0.53958,0.27131,518.0,463.1,1.0,0.54964,0.26991,527.7,460.7,1.0,0.53477,0.28612,513.4,488.4,1.0,0.53717,0.28571,515.7,487.7,0.999,0.55589,0.29474,533.7,503.1,1.0,0.61864,0.29422,593.9,502.2,1.0,0.54426,0.34679,522.5,592.0,0.975,0.62474,0.34096,599.8,582.0,0.068,0.49182,0.34008,472.1,580.5,0.813,0.56757,0.34517,544.9,589.2,0.016,0.47558,0.34487,456.6,588.7,0.803,0.55175,0.3476,529.7,593.3,0.025,0.48022,0.34006,461.0,580.5,0.798,0.54868,0.34435,526.7,587.8,0.023,0.48591,0.33847,466.5,577.8,0.714,0.55269,0.34604,530.6,590.7,0.03,0.55221,0.41579,530.1,709.7,1.0,0.5845,0.41092,561.1,701.4,1.0,0.51394,0.48951,493.4,835.6,0.979,0.47975,0.42659,460.6,728.2,0.551,0.52317,0.56138,502.2,958.3,0.992,0.57016,0.46737,547.4,797.8,0.445,0.53874,0.57505,517.2,981.6,0.978,0.59143,0.47082,567.8,803.7,0.68,0.46059,0.57044,442.2,973.7,0.978,0.5551,0.49555,532.9,845.9,0.424
821,22.674,960,1707,0.52669,0.28212,505.6,481.6,1.0,0.52516,0.27399,504.2,467.7,1.0,0.52565,0.27341,504.6,466.7,1.0,0.52586,0.27297,504.8,466.0,1.0,0.52787,0.27373,506.8,467.3,1.0,0.53032,0.27283,509.1,465.7,1.0,0.53268,0.27193,511.4,464.2,1.0,0.53931,0.27132,517.7,463.1,1.0,0.54962,0.26992,527.6,460.8,1.0,0.53448,0.28608,513.1,488.3,1.0,0.53707,0.28569,515.6,487.7,0.999,0.5556,0.29465,533.4,503.0,1.0,0.61756,0.29383,592.9,501.6,1.0,0.54392,0.34616,522.2,590.9,0.974,0.62648,0.33918,601.4,579.0,0.067,0.49163,0.34001,472.0,580.4,0.809,0.56719,0.34403,544.5,587.3,0.016,0.47546,0.34489,456.4,588.7,0.8,0.55161,0.34584,529.5,590.4,0.024,0.48001,0.34006,460.8,580.5,0.794,0.54856,0.34326,526.6,585.9,0.023,0.48555,0.33844,466.1,577.7,0.708,0.55258,0.34484,530.5,588.6,0.029,0.55264,0.41562,530.5,709.5,1.0,0.58723,0.41076,563.7,701.2,1.0,0.51387,0.48942,493.3,835.4,0.979,0.49435,0.42407,474.6,723.9,0.521,0.52305,0.56139,502.1,958.3,0.991,0.57091,0.46732,548.1,797.7,0.432,0.53872,0.57506,517.2,981.6,0.978,0.59143,0.47102,567.8,804.0,0.673,0.46121,0.57085,442.8,974.4,0.977,0.55474,0.49264,532.6,840.9,0.406
822,22.702,960,1707,0.52671,0.282,505.6,481.4,1.0,0.52524,0.27396,504.2,467.7,1.0,0.52574,0.27336,504.7,466.6,1.0,0.52596,0.2729,504.9,465.8,1.0,0.52794,0.27373,506.8,467.3,1.0,0.53039,0.27283,509.2,465.7,1.0,0.53275,0.27194,511.4,464.2,1.0,0.53935,0.27118,517.8,462.9,1.0,0.54967,0.26979,527.7,460.5,1.0,0.53441,0.28587,513.0,488.0,1.0,0.53695,0.28554,515.5,487.4,0.999,0.55568,0.2944,533.5,502.5,1.0,0.61673,0.29381,592.1,501.5,1.0,0.54349,0.34548,521.7,589.7,0.975,0.62552,0.33766,600.5,576.4,0.066,0.49139,0.33971,471.7,579.9,0.811,0.56782,0.34088,545.1,581.9,0.016,0.4754,0.34468,456.4,588.4,0.802,0.552,0.34227,529.9,584.2,0.025,0.4796,0.33951,460.4,579.5,0.797,0.55073,0.34026,528.7,580.8,0.024,0.48509,0.33788,465.7,576.8,0.711,0.55317,0.34128,531.0,582.6,0.03,0.55509,0.41551,532.9,709.3,1.0,0.58695,0.41046,563.5,700.7,1.0,0.51387,0.48863,493.3,834.1,0.981,0.48285,0.42465,463.5,724.9,0.524,0.52292,0.56089,502.0,957.4,0.992,0.57177,0.46732,548.9,797.7,0.443,0.539,0.5747,517.4,981.0,0.979,0.59392,0.46982,570.2,802.0,0.682,0.46133,0.57104,442.9,974.8,0.978,0.55552,0.49295,533.3,841.5,0.416
823,22.729,960,1707,0.52707,0.28185,506.0,481.1,1.0,0.52585,0.27394,504.8,467.6,1.0,0.52636,0.27332,505.3,466.6,1.0,0.5266,0.27286,505.5,465.8,1.0,0.52843,0.27373,507.3,467.3,1.0,0.53085,0.27284,509.6,465.7,1.0,0.53317,0.27195,511.8,464.2,1.0,0.54021,0.27113,518.6,462.8,1.0,0.54999,0.26978,528.0,460.5,1.0,0.53456,0.28568,513.2,487.7,0.999,0.53706,0.28537,515.6,487.1,0.999,0.55605,0.29428,533.8,502.3,1.0,0.61675,0.29391,592.1,501.7,1.0,0.54349,0.34354,521.7,586.4,0.975,0.62493,0.33697,599.9,575.2,0.066,0.49082,0.33959,471.2,579.7,0.813,0.56702,0.34019,544.3,580.7,0.016,0.47493,0.34467,455.9,588.4,0.803,0.55157,0.34126,529.5,582.5,0.024,0.47833,0.33933,459.2,579.2,0.798,0.55065,0.33922,528.6,579.0,0.023,0.48401,0.33774,464.6,576.5,0.711,0.55078,0.34006,528.7,580.5,0.029,0.55638,0.41504,534.1,708.5,1.0,0.58719,0.41077,563.7,701.2,1.0,0.51416,0.48818,493.6,833.3,0.981,0.48195,0.42588,462.7,727.0,0.506,0.52288,0.56049,502.0,956.8,0.992,0.57541,0.46727,552.4,797.6,0.436,0.53906,0.57457,517.5,980.8,0.98,0.59672,0.46941,572.9,801.3,0.68,0.46147,0.57107,443.0,974.8,0.979,0.55743,0.49317,535.1,841.8,0.406
824,22.757,960,1707,0.52766,0.28174,506.5,480.9,1.0,0.52659,0.27392,505.5,467.6,1.0,0.52711,0.2733,506.0,466.5,1.0,0.52741,0.27283,506.3,465.7,1.0,0.52907,0.27374,507.9,467.3,1.0,0.53147,0.27285,510.2,465.7,1.0,0.53373,0.27197,512.4,464.2,1.0,0.54125,0.27111,519.6,462.8,1.0,0.55026,0.26978,528.2,460.5,1.0,0.53488,0.28555,513.5,487.4,0.999,0.53735,0.28528,515.9,487.0,0.999,0.55692,0.29389,534.6,501.7,1.0,0.6169,0.29389,592.2,501.7,1.0,0.54343,0.34098,521.7,582.1,0.975,0.62013,0.337,595.3,575.3,0.067,0.48911,0.33941,469.5,579.4,0.815,0.56663,0.34001,544.0,580.4,0.016,0.47373,0.34467,454.8,588.3,0.807,0.55106,0.34097,529.0,582.0,0.024,0.47632,0.33924,457.3,579.1,0.801,0.54969,0.33881,527.7,578.4,0.023,0.48152,0.33755,462.3,576.2,0.714,0.551,0.3398,529.0,580.0,0.029,0.55943,0.41455,537.0,707.6,1.0,0.58842,0.41077,564.9,701.2,1.0,0.51461,0.48755,494.0,832.3,0.981,0.48009,0.42636,460.9,727.8,0.493,0.52241,0.56035,501.5,956.5,0.992,0.57597,0.4673,552.9,797.7,0.429,0.53883,0.5744,517.3,980.5,0.981,0.59765,0.46946,573.7,801.4,0.68,0.46004,0.57106,441.6,974.8,0.979,0.55781,0.49324,535.5,842.0,0.397
825,22.784,960,1707,0.52793,0.28148,506.8,480.5,1.0,0.52698,0.27373,505.9,467.3,1.0,0.52749,0.27311,506.4,466.2,1.0,0.52779,0.27265,506.7,465.4,1.0,0.52943,0.27357,508.2,467.0,1.0,0.53181,0.2727,510.5,465.5,1.0,0.53404,0.27185,512.7,464.0,1.0,0.54177,0.27101,520.1,462.6,1.0,0.55045,0.26971,528.4,460.4,1.0,0.53502,0.28539,513.6,487.2,0.999,0.53748,0.28514,516.0,486.7,0.999,0.55742,0.29372,535.1,501.4,1.0,0.6166,0.29377,591.9,501.5,1.0,0.54335,0.34048,521.6,581.2,0.975,0.61561,0.33736,591.0,575.9,0.067,0.4881,0.33911,468.6,578.9,0.816,0.56645,0.33831,543.8,577.5,0.016,0.47307,0.34452,454.1,588.1,0.808,0.55075,0.33988,528.7,580.2,0.025,0.47539,0.33895,456.4,578.6,0.803,0.549,0.33766,527.0,576.4,0.024,0.48044,0.33723,461.2,575.6,0.715,0.55089,0.33861,528.9,578.0,0.03,0.56062,0.41454,538.2,707.6,1.0,0.5882,0.41078,564.7,701.2,1.0,0.51362,0.48775,493.1,832.6,0.981,0.47839,0.42659,459.3,728.2,0.492,0.52207,0.56036,501.2,956.5,0.993,0.57676,0.46695,553.7,797.1,0.43,0.53865,0.57427,517.1,980.3,0.981,0.60056,0.46734,576.5,797.7,0.683,0.46068,0.5714,442.3,975.4,0.98,0.55928,0.49389,536.9,843.1,0.395
826,22.812,960,1707,0.52794,0.28045,506.8,478.7,1.0,0.52706,0.27273,506.0,465.5,1.0,0.52759,0.27212,506.5,464.5,1.0,0.52791,0.27167,506.8,463.7,1.0,0.52946,0.27263,508.3,465.4,1.0,0.53184,0.27181,510.6,464.0,1.0,0.53407,0.27099,512.7,462.6,1.0,0.54202,0.27013,520.3,461.1,1.0,0.55056,0.26869,528.5,458.6,1.0,0.53504,0.28465,513.6,485.9,0.999,0.53751,0.28435,516.0,485.4,0.999,0.55742,0.29333,535.1,500.7,1.0,0.61711,0.29366,592.4,501.3,0.999,0.54331,0.34035,521.6,581.0,0.975,0.61578,0.33758,591.1,576.3,0.068,0.48734,0.33906,467.8,578.8,0.816,0.56575,0.33779,543.1,576.6,0.017,0.47244,0.34445,453.5,588.0,0.808,0.55071,0.33932,528.7,579.2,0.026,0.47494,0.33891,455.9,578.5,0.803,0.54864,0.33698,526.7,575.2,0.024,0.48007,0.33719,460.9,575.6,0.716,0.54906,0.33777,527.1,576.6,0.031,0.56228,0.41455,539.8,707.6,1.0,0.59058,0.41088,567.0,701.4,1.0,0.51409,0.48799,493.5,833.0,0.982,0.47925,0.42944,460.1,733.1,0.493,0.52149,0.56027,500.6,956.4,0.993,0.57803,0.46744,554.9,797.9,0.431,0.53828,0.57408,516.7,980.0,0.982,0.60183,0.46746,577.8,798.0,0.686,0.46025,0.5711,441.8,974.9,0.98,0.56066,0.49441,538.2,844.0,0.393
827,22.84,960,1707,0.52794,0.28015,506.8,478.2,1.0,0.52715,0.27251,506.1,465.2,1.0,0.52769,0.27192,506.6,464.2,1.0,0.52801,0.27149,506.9,463.4,1.0,0.52954,0.2724,508.4,465.0,1.0,0.53192,0.27159,510.6,463.6,1.0,0.53413,0.2708,512.8,462.2,1.0,0.54212,0.27003,520.4,460.9,1.0,0.55066,0.26845,528.6,458.3,1.0,0.535,0.28439,513.6,485.5,0.999,0.53745,0.28405,515.9,484.9,0.999,0.55734,0.29312,535.0,500.4,1.0,0.61855,0.29356,593.8,501.1,0.999,0.54302,0.34032,521.3,580.9,0.975,0.61591,0.33575,591.3,573.1,0.066,0.48617,0.33917,466.7,579.0,0.816,0.56503,0.33308,542.4,568.6,0.017,0.471,0.34464,452.2,588.3,0.808,0.55047,0.33719,528.4,575.6,0.026,0.47403,0.33898,455.1,578.6,0.803,0.54837,0.33306,526.4,568.5,0.024,0.4792,0.33722,460.0,575.6,0.715,0.54821,0.33391,526.3,570.0,0.031,0.56406,0.41466,541.5,707.8,1.0,0.59381,0.41088,570.1,701.4,1.0,0.51356,0.48798,493.0,833.0,0.982,0.49081,0.42808,471.2,730.7,0.476,0.52104,0.56021,500.2,956.3,0.993,0.5778,0.46795,554.7,798.8,0.423,0.53781,0.57401,516.3,979.8,0.982,0.60161,0.47001,577.5,802.3,0.683,0.45944,0.57097,441.1,974.6,0.98,0.55957,0.49449,537.2,844.1,0.383
828,22.867,960,1707,0.52744,0.27984,506.3,477.7,1.0,0.5271,0.27213,506.0,464.5,1.0,0.52766,0.27155,506.6,463.5,1.0,0.52799,0.27112,506.9,462.8,1.0,0.52946,0.272,508.3,464.3,1.0,0.53183,0.2712,510.6,462.9,1.0,0.53404,0.27041,512.7,461.6,1.0,0.54212,0.26963,520.4,460.3,1.0,0.55067,0.26802,528.6,457.5,1.0,0.53437,0.28398,513.0,484.8,1.0,0.53666,0.28366,515.2,484.2,0.999,0.5571,0.29302,534.8,500.2,1.0,0.61872,0.29337,594.0,500.8,0.999,0.54268,0.34039,521.0,581.0,0.976,0.61578,0.33433,591.1,570.7,0.066,0.48463,0.33922,465.2,579.0,0.821,0.56497,0.3323,542.4,567.2,0.017,0.46986,0.34504,451.1,589.0,0.813,0.55039,0.33729,528.4,575.7,0.026,0.47302,0.33922,454.1,579.1,0.808,0.54801,0.33387,526.1,569.9,0.024,0.47799,0.33732,458.9,575.8,0.72,0.54803,0.33352,526.1,569.3,0.031,0.56636,0.41466,543.7,707.8,1.0,0.59537,0.41086,571.6,701.3,1.0,0.51264,0.48735,492.1,831.9,0.982,0.48783,0.42829,468.3,731.1,0.457,0.52043,0.56019,499.6,956.2,0.993,0.57788,0.46782,554.8,798.6,0.408,0.53737,0.57402,515.9,979.9,0.982,0.60117,0.4703,577.1,802.8,0.673,0.45936,0.57112,441.0,974.9,0.98,0.56158,0.49309,539.1,841.7,0.368
829,22.895,960,1707,0.52716,0.27961,506.1,477.3,1.0,0.5271,0.27191,506.0,464.1,1.0,0.52767,0.27134,506.6,463.2,1.0,0.528,0.27093,506.9,462.5,1.0,0.52945,0.27169,508.3,463.8,1.0,0.53182,0.27084,510.6,462.3,1.0,0.53403,0.26998,512.7,460.9,1.0,0.5421,0.26947,520.4,460.0,1.0,0.55058,0.26768,528.6,456.9,1.0,0.53393,0.2838,512.6,484.4,1.0,0.53611,0.2834,514.7,483.8,0.999,0.55692,0.29298,534.6,500.1,1.0,0.61661,0.29301,591.9,500.2,0.999,0.54254,0.34056,520.8,581.3,0.975,0.62093,0.33283,596.1,568.1,0.066,0.48362,0.33927,464.3,579.1,0.821,0.56525,0.33196,542.6,566.7,0.017,0.46871,0.34556,450.0,589.9,0.814,0.55104,0.33684,529.0,575.0,0.026,0.4719,0.33988,453.0,580.2,0.809,0.54953,0.33267,527.5,567.9,0.025,0.47668,0.3376,457.6,576.3,0.721,0.54988,0.33291,527.9,568.3,0.031,0.56822,0.41467,545.5,707.8,1.0,0.59435,0.40987,570.6,699.6,1.0,0.51148,0.48599,491.0,829.6,0.982,0.48384,0.42837,464.5,731.2,0.452,0.52042,0.55863,499.6,953.6,0.993,0.57779,0.46735,554.7,797.8,0.398,0.53793,0.57256,516.4,977.4,0.982,0.60107,0.46938,577.0,801.2,0.669,0.46022,0.57112,441.8,974.9,0.98,0.56206,0.49324,539.6,842.0,0.358
830,22.922,960,1707,0.52671,0.27957,505.6,477.2,1.0,0.52702,0.2719,505.9,464.1,1.0,0.52761,0.27135,506.5,463.2,1.0,0.52794,0.27094,506.8,462.5,1.0,0.52933,0.27165,508.2,463.7,1.0,0.53167,0.2708,510.4,462.3,1.0,0.53384,0.26993,512.5,460.8,1.0,0.54182,0.26949,520.1,460.0,1.0,0.54996,0.26769,528.0,456.9,1.0,0.5332,0.28381,511.9,484.5,1.0,0.53527,0.28338,513.9,483.7,0.999,0.55648,0.29326,534.2,500.6,1.0,0.61486,0.29301,590.3,500.2,1.0,0.54165,0.34064,520.0,581.5,0.974,0.62167,0.33221,596.8,567.1,0.066,0.4835,0.33947,464.2,579.5,0.819,0.56453,0.33081,541.9,564.7,0.018,0.46872,0.34562,450.0,590.0,0.812,0.55086,0.33384,528.8,569.9,0.027,0.47195,0.34011,453.1,580.6,0.807,0.54855,0.33134,526.6,565.6,0.026,0.47662,0.33778,457.6,576.6,0.719,0.54975,0.33198,527.8,566.7,0.033,0.569,0.4149,546.2,708.2,1.0,0.59392,0.40979,570.2,699.5,1.0,0.51142,0.48585,491.0,829.3,0.982,0.48329,0.42925,464.0,732.7,0.455,0.52035,0.55861,499.5,953.5,0.993,0.57774,0.4673,554.6,797.7,0.4,0.53777,0.57248,516.3,977.2,0.983,0.60142,0.46814,577.4,799.1,0.673,0.46075,0.57042,442.3,973.7,0.98,0.56339,0.49329,540.9,842.1,0.358
831,22.95,960,1707,0.52678,0.27956,505.7,477.2,1.0,0.5271,0.27191,506.0,464.2,1.0,0.52765,0.27139,506.5,463.3,1.0,0.52796,0.27102,506.8,462.6,1.0,0.52947,0.27167,508.3,463.7,1.0,0.53178,0.27082,510.5,462.3,1.0,0.53392,0.26996,512.6,460.8,1.0,0.54166,0.26965,520.0,460.3,1.0,0.54993,0.26771,527.9,457.0,1.0,0.53322,0.28382,511.9,484.5,1.0,0.53533,0.28337,513.9,483.7,0.999,0.55643,0.29329,534.2,500.6,1.0,0.61491,0.29299,590.3,500.1,1.0,0.54032,0.34077,518.7,581.7,0.974,0.61705,0.33338,592.4,569.1,0.066,0.48347,0.33948,464.1,579.5,0.816,0.56369,0.33121,541.1,565.4,0.018,0.46885,0.34561,450.1,590.0,0.809,0.55042,0.33466,528.4,571.3,0.028,0.47197,0.3401,453.1,580.6,0.804,0.54762,0.33189,525.7,566.5,0.026,0.47669,0.33775,457.6,576.5,0.715,0.54745,0.33222,525.6,567.1,0.033,0.56905,0.41498,546.3,708.4,1.0,0.59657,0.40986,572.7,699.6,0.999,0.51185,0.48614,491.4,829.8,0.982,0.49305,0.4308,473.3,735.4,0.439,0.5196,0.55865,498.8,953.6,0.993,0.5778,0.46718,554.7,797.5,0.387,0.53704,0.57246,515.6,977.2,0.983,0.60099,0.46849,577.0,799.7,0.665,0.46084,0.57017,442.4,973.3,0.979,0.56347,0.49253,540.9,840.7,0.343
832,22.978,960,1707,0.52712,0.28011,506.0,478.1,1.0,0.52744,0.27292,506.3,465.9,1.0,0.52789,0.27244,506.8,465.1,1.0,0.52811,0.2721,507.0,464.5,1.0,0.52998,0.27244,508.8,465.1,1.0,0.53222,0.2715,510.9,463.5,1.0,0.53432,0.27055,512.9,461.8,1.0,0.54165,0.27077,520.0,462.2,1.0,0.54995,0.26841,527.9,458.2,1.0,0.53327,0.28421,511.9,485.2,1.0,0.53557,0.28366,514.1,484.2,0.999,0.55711,0.29341,534.8,500.9,1.0,0.61469,0.29327,590.1,500.6,1.0,0.5398,0.34087,518.2,581.9,0.974,0.6167,0.33667,592.0,574.7,0.064,0.4835,0.33917,464.2,579.0,0.815,0.56368,0.33267,541.1,567.9,0.018,0.46904,0.34463,450.3,588.3,0.808,0.5503,0.33472,528.3,571.4,0.028,0.47231,0.33949,453.4,579.5,0.803,0.54725,0.33239,525.4,567.4,0.026,0.47692,0.33724,457.8,575.7,0.713,0.54692,0.33285,525.0,568.2,0.033,0.56906,0.41518,546.3,708.7,1.0,0.59601,0.40997,572.2,699.8,0.999,0.51232,0.48628,491.8,830.1,0.983,0.49053,0.43085,470.9,735.5,0.429,0.51906,0.5594,498.3,954.9,0.993,0.57784,0.46729,554.7,797.7,0.381,0.53655,0.57267,515.1,977.5,0.983,0.60108,0.46879,577.0,800.2,0.664,0.46049,0.57087,442.1,974.5,0.979,0.56339,0.49214,540.9,840.1,0.334
833,23.005,960,1707,0.52715,0.28053,506.1,478.9,1.0,0.52745,0.27364,506.3,467.1,1.0,0.5279,0.27316,506.8,466.3,1.0,0.52811,0.27278,507.0,465.6,1.0,0.52995,0.27309,508.8,466.2,1.0,0.53214,0.27211,510.9,464.5,1.0,0.53413,0.27109,512.8,462.7,1.0,0.54156,0.2714,519.9,463.3,1.0,0.54917,0.26897,527.2,459.1,1.0,0.53328,0.28454,512.0,485.7,1.0,0.53559,0.28395,514.2,484.7,0.999,0.55724,0.29352,535.0,501.0,1.0,0.61459,0.29312,590.0,500.3,1.0,0.53939,0.34262,517.8,584.9,0.974,0.61666,0.33789,592.0,576.8,0.063,0.48382,0.33907,464.5,578.8,0.813,0.56363,0.33561,541.1,572.9,0.019,0.46956,0.34424,450.8,587.6,0.805,0.55005,0.33651,528.1,574.4,0.029,0.47325,0.33938,454.3,579.3,0.801,0.54717,0.33464,525.3,571.2,0.027,0.47801,0.33719,458.9,575.6,0.712,0.54714,0.33531,525.3,572.4,0.034,0.56922,0.41533,546.4,709.0,1.0,0.59648,0.40998,572.6,699.8,0.999,0.51233,0.48658,491.8,830.6,0.984,0.48935,0.43003,469.8,734.1,0.437,0.51833,0.55953,497.6,955.1,0.993,0.57783,0.46729,554.7,797.7,0.394,0.53564,0.57291,514.2,977.9,0.984,0.60101,0.46904,577.0,800.7,0.674,0.46036,0.57092,441.9,974.6,0.98,0.56348,0.49125,540.9,838.6,0.342
834,23.033,960,1707,0.52755,0.28088,506.4,479.5,1.0,0.52781,0.27421,506.7,468.1,1.0,0.52823,0.27374,507.1,467.3,1.0,0.5284,0.27335,507.3,466.6,1.0,0.53022,0.27357,509.0,467.0,1.0,0.53229,0.27256,511.0,465.3,1.0,0.53421,0.2715,512.8,463.5,1.0,0.54152,0.27199,519.9,464.3,1.0,0.54898,0.26944,527.0,459.9,1.0,0.53353,0.2848,512.2,486.1,1.0,0.53593,0.28419,514.5,485.1,0.999,0.55734,0.29349,535.1,501.0,1.0,0.61548,0.29313,590.9,500.4,1.0,0.53903,0.34337,517.5,586.1,0.972,0.61725,0.33884,592.6,578.4,0.06,0.4849,0.33912,465.5,578.9,0.795,0.56395,0.33818,541.4,577.3,0.019,0.47107,0.34417,452.2,587.5,0.788,0.55007,0.33878,528.1,578.3,0.028,0.47498,0.33939,456.0,579.3,0.783,0.54722,0.33704,525.3,575.3,0.027,0.47986,0.33731,460.7,575.8,0.693,0.54836,0.33772,526.4,576.5,0.034,0.56898,0.41545,546.2,709.2,1.0,0.59894,0.41035,575.0,700.5,0.999,0.51234,0.48661,491.8,830.6,0.985,0.51422,0.42987,493.7,733.8,0.417,0.51829,0.55982,497.6,955.6,0.993,0.57849,0.4671,555.4,797.3,0.388,0.53549,0.57347,514.1,978.9,0.984,0.60089,0.46928,576.9,801.1,0.672,0.46172,0.57073,443.3,974.2,0.98,0.56326,0.4902,540.7,836.8,0.332
835,23.061,960,1707,0.52724,0.28088,506.1,479.5,1.0,0.52735,0.27422,506.3,468.1,1.0,0.52777,0.27378,506.7,467.3,1.0,0.52793,0.27342,506.8,466.7,1.0,0.52965,0.27357,508.5,467.0,1.0,0.53162,0.27258,510.4,465.3,1.0,0.53339,0.27153,512.1,463.5,1.0,0.53986,0.27231,518.3,464.8,1.0,0.54667,0.26959,524.8,460.2,1.0,0.53321,0.28483,511.9,486.2,1.0,0.53555,0.2842,514.1,485.1,0.999,0.55709,0.29399,534.8,501.8,1.0,0.6155,0.29204,590.9,498.5,1.0,0.53834,0.34538,516.8,589.6,0.971,0.61616,0.33845,591.5,577.7,0.059,0.48639,0.33944,466.9,579.4,0.784,0.56387,0.33832,541.3,577.5,0.018,0.47255,0.34417,453.7,587.5,0.775,0.54995,0.33932,528.0,579.2,0.028,0.47744,0.33949,458.3,579.5,0.77,0.54715,0.33751,525.3,576.1,0.026,0.48285,0.33766,463.5,576.4,0.679,0.54807,0.33791,526.1,576.8,0.033,0.56901,0.41599,546.2,710.1,1.0,0.59926,0.4103,575.3,700.4,0.999,0.51241,0.48599,491.9,829.6,0.985,0.51677,0.42978,496.1,733.6,0.398,0.51814,0.55974,497.4,955.5,0.993,0.57861,0.46672,555.5,796.7,0.381,0.53529,0.57335,513.9,978.7,0.984,0.60006,0.46966,576.1,801.7,0.667,0.46198,0.57053,443.5,973.9,0.979,0.56219,0.48781,539.7,832.7,0.321
836,23.088,960,1707,0.52717,0.28094,506.1,479.6,1.0,0.52715,0.27433,506.1,468.3,1.0,0.52752,0.27395,506.4,467.6,1.0,0.52766,0.27365,506.5,467.1,1.0,0.52955,0.27363,508.4,467.1,1.0,0.53155,0.27265,510.3,465.4,1.0,0.53337,0.27159,512.0,463.6,1.0,0.539,0.27283,517.4,465.7,1.0,0.54667,0.26976,524.8,460.5,1.0,0.53307,0.28509,511.7,486.7,1.0,0.53548,0.28439,514.1,485.4,0.999,0.55668,0.29562,534.4,504.6,1.0,0.61688,0.29128,592.2,497.2,1.0,0.53799,0.34683,516.5,592.0,0.97,0.61618,0.33664,591.5,574.6,0.056,0.48656,0.3397,467.1,579.9,0.772,0.56422,0.33537,541.7,572.5,0.017,0.47263,0.34443,453.7,587.9,0.762,0.55037,0.33805,528.4,577.1,0.026,0.47745,0.3396,458.4,579.7,0.756,0.54719,0.33578,525.3,573.2,0.025,0.48282,0.33774,463.5,576.5,0.663,0.54805,0.33581,526.1,573.2,0.031,0.56951,0.41592,546.7,710.0,1.0,0.60248,0.4102,578.4,700.2,0.999,0.51262,0.48585,492.1,829.3,0.985,0.53632,0.42287,514.9,721.8,0.368,0.51816,0.55944,497.4,955.0,0.992,0.57935,0.46567,556.2,794.9,0.363,0.53504,0.57309,513.6,978.3,0.983,0.60008,0.4697,576.1,801.8,0.652,0.46241,0.5703,443.9,973.5,0.976,0.56196,0.4851,539.5,828.1,0.303
837,23.116,960,1707,0.52825,0.28091,507.1,479.5,1.0,0.52823,0.27432,507.1,468.3,1.0,0.5286,0.27394,507.5,467.6,1.0,0.52876,0.27363,507.6,467.1,1.0,0.53048,0.27362,509.3,467.1,1.0,0.53243,0.27264,511.1,465.4,1.0,0.53432,0.27159,512.9,463.6,1.0,0.54,0.27285,518.4,465.7,1.0,0.54777,0.26982,525.9,460.6,1.0,0.53419,0.28509,512.8,486.7,1.0,0.53663,0.28439,515.2,485.5,0.999,0.55712,0.29575,534.8,504.8,1.0,0.62068,0.29133,595.8,497.3,1.0,0.53802,0.34752,516.5,593.2,0.969,0.61569,0.3369,591.1,575.1,0.054,0.4857,0.33995,466.3,580.3,0.762,0.56177,0.33569,539.3,573.0,0.017,0.47096,0.34507,452.1,589.0,0.752,0.54588,0.33826,524.0,577.4,0.025,0.47572,0.33986,456.7,580.1,0.746,0.54525,0.33647,523.4,574.4,0.024,0.4807,0.3379,461.5,576.8,0.652,0.54538,0.33639,523.6,574.2,0.03,0.56988,0.41577,547.1,709.7,1.0,0.60481,0.41023,580.6,700.3,0.999,0.51378,0.48549,493.2,828.7,0.985,0.5358,0.42296,514.4,722.0,0.351,0.51813,0.55947,497.4,955.0,0.992,0.58057,0.46569,557.3,794.9,0.357,0.53419,0.57309,512.8,978.3,0.983,0.60067,0.46977,576.6,801.9,0.648,0.46152,0.56896,443.1,971.2,0.975,0.56204,0.48592,539.6,829.5,0.294
838,23.143,960,1707,0.52936,0.28091,508.2,479.5,1.0,0.52944,0.27432,508.3,468.3,1.0,0.52972,0.27393,508.5,467.6,1.0,0.52981,0.27363,508.6,467.1,1.0,0.53169,0.27362,510.4,467.1,1.0,0.53361,0.27264,512.3,465.4,1.0,0.53554,0.2716,514.1,463.6,1.0,0.54062,0.27314,519.0,466.3,1.0,0.54863,0.27014,526.7,461.1,1.0,0.53507,0.28514,513.7,486.7,1.0,0.53771,0.28449,516.2,485.6,0.999,0.55759,0.29625,535.3,505.7,1.0,0.62069,0.29145,595.9,497.5,1.0,0.53835,0.3484,516.8,594.7,0.969,0.61413,0.33707,589.6,575.4,0.054,0.4857,0.34016,466.3,580.7,0.766,0.55764,0.33639,535.3,574.2,0.016,0.46992,0.34576,451.1,590.2,0.755,0.54259,0.33891,520.9,578.5,0.025,0.47454,0.34006,455.6,580.5,0.749,0.5392,0.33701,517.6,575.3,0.024,0.47979,0.33802,460.6,577.0,0.655,0.54275,0.33707,521.0,575.4,0.03,0.57262,0.41593,549.7,710.0,1.0,0.60398,0.41021,579.8,700.2,0.999,0.51397,0.48557,493.4,828.9,0.985,0.51362,0.42347,493.1,722.9,0.348,0.51764,0.56,496.9,955.9,0.992,0.58247,0.46473,559.2,793.3,0.354,0.53298,0.57322,511.7,978.5,0.983,0.60298,0.46936,578.9,801.2,0.65,0.45992,0.569,441.5,971.3,0.975,0.56592,0.48643,543.3,830.3,0.289
839,23.171,960,1707,0.52958,0.28008,508.4,478.1,1.0,0.52975,0.27316,508.6,466.3,1.0,0.53,0.27292,508.8,465.9,1.0,0.53007,0.27273,508.9,465.5,1.0,0.532,0.27242,510.7,465.0,1.0,0.5339,0.27159,512.5,463.6,1.0,0.53582,0.27068,514.4,462.1,1.0,0.54068,0.2729,519.1,465.8,1.0,0.54882,0.26983,526.9,460.6,1.0,0.53528,0.28471,513.9,486.0,1.0,0.53792,0.28405,516.4,484.9,0.999,0.55761,0.29672,535.3,506.5,1.0,0.62057,0.29148,595.7,497.5,1.0,0.5385,0.3491,517.0,595.9,0.97,0.61358,0.33771,589.0,576.5,0.053,0.48552,0.34016,466.1,580.6,0.769,0.55238,0.33746,530.3,576.0,0.016,0.46844,0.34594,449.7,590.5,0.756,0.53913,0.34014,517.6,580.6,0.025,0.47304,0.34005,454.1,580.5,0.751,0.53571,0.33805,514.3,577.0,0.023,0.4786,0.33796,459.5,576.9,0.656,0.53964,0.3379,518.1,576.8,0.029,0.57395,0.41628,551.0,710.6,1.0,0.60411,0.41016,579.9,700.1,0.999,0.51407,0.48561,493.5,828.9,0.986,0.51279,0.42402,492.3,723.8,0.342,0.5175,0.5602,496.8,956.3,0.992,0.58275,0.46479,559.4,793.4,0.358,0.53265,0.5735,511.3,979.0,0.983,0.60286,0.46947,578.7,801.4,0.655,0.45937,0.56901,441.0,971.3,0.975,0.56767,0.48566,545.0,829.0,0.288
840,23.199,960,1707,0.53018,0.27992,509.0,477.8,1.0,0.53046,0.27295,509.2,465.9,1.0,0.53069,0.27277,509.5,465.6,1.0,0.53075,0.27261,509.5,465.3,1.0,0.53262,0.27222,511.3,464.7,1.0,0.53447,0.27145,513.1,463.4,1.0,0.53634,0.27057,514.9,461.9,1.0,0.54107,0.27288,519.4,465.8,1.0,0.54924,0.26983,527.3,460.6,1.0,0.53593,0.28468,514.5,485.9,1.0,0.53854,0.28405,517.0,484.9,0.999,0.55781,0.29676,535.5,506.6,1.0,0.61981,0.29154,595.0,497.7,1.0,0.53857,0.34957,517.0,596.7,0.97,0.61068,0.33769,586.3,576.4,0.053,0.486,0.34017,466.6,580.7,0.77,0.54714,0.33643,525.3,574.3,0.017,0.46856,0.34595,449.8,590.5,0.756,0.53629,0.33909,514.8,578.8,0.026,0.4733,0.34004,454.4,580.5,0.75,0.53133,0.33678,510.1,574.9,0.024,0.479,0.33796,459.8,576.9,0.656,0.53159,0.33628,510.3,574.0,0.031,0.57426,0.41637,551.3,710.7,1.0,0.60572,0.41008,581.5,700.0,0.999,0.51478,0.48621,494.2,830.0,0.987,0.54685,0.42221,525.0,720.7,0.341,0.5175,0.56023,496.8,956.3,0.992,0.58447,0.46488,561.1,793.5,0.377,0.53264,0.57327,511.3,978.6,0.983,0.60411,0.47111,579.9,804.2,0.666,0.45939,0.56988,441.0,972.8,0.975,0.56819,0.48291,545.5,824.3,0.299
841,23.226,960,1707,0.53152,0.27989,510.3,477.8,1.0,0.53139,0.27299,510.1,466.0,1.0,0.53148,0.27286,510.2,465.8,1.0,0.53143,0.27274,510.2,465.6,1.0,0.53367,0.27224,512.3,464.7,1.0,0.53555,0.27146,514.1,463.4,1.0,0.53743,0.27059,515.9,461.9,1.0,0.54109,0.27335,519.4,466.6,1.0,0.54992,0.26995,527.9,460.8,1.0,0.53691,0.28467,515.4,485.9,1.0,0.53978,0.28405,518.2,484.9,0.999,0.55727,0.29687,535.0,506.8,1.0,0.61986,0.29149,595.1,497.6,1.0,0.53773,0.35024,516.2,597.9,0.971,0.60596,0.33681,581.7,574.9,0.053,0.48605,0.34014,466.6,580.6,0.774,0.54253,0.33354,520.8,569.4,0.018,0.46863,0.34585,449.9,590.4,0.758,0.53016,0.33752,508.9,576.1,0.027,0.47344,0.33996,454.5,580.3,0.752,0.52676,0.33389,505.7,570.0,0.025,0.47901,0.33788,459.9,576.8,0.658,0.52602,0.33294,505.0,568.3,0.032,0.57456,0.41674,551.6,711.4,1.0,0.60958,0.41009,585.2,700.0,0.999,0.51555,0.48688,494.9,831.1,0.987,0.56642,0.4183,543.8,714.0,0.333,0.51749,0.56045,496.8,956.7,0.992,0.5848,0.46471,561.4,793.3,0.39,0.53221,0.57328,510.9,978.6,0.983,0.60396,0.47203,579.8,805.8,0.674,0.45942,0.56951,441.0,972.2,0.975,0.56614,0.48062,543.5,820.4,0.305
842,23.254,960,1707,0.53476,0.2802,513.4,478.3,1.0,0.53446,0.27347,513.1,466.8,1.0,0.53424,0.27345,512.9,466.8,1.0,0.53395,0.27345,512.6,466.8,1.0,0.53731,0.27257,515.8,465.3,1.0,0.53934,0.27184,517.8,464.0,1.0,0.54141,0.27103,519.8,462.6,1.0,0.54232,0.27502,520.6,469.5,1.0,0.55346,0.2711,531.3,462.8,1.0,0.53923,0.28528,517.7,487.0,1.0,0.54264,0.28466,520.9,485.9,0.999,0.55648,0.29743,534.2,507.7,1.0,0.62109,0.29223,596.2,498.8,1.0,0.53659,0.35013,515.1,597.7,0.972,0.61552,0.33645,590.9,574.3,0.051,0.48612,0.34014,466.7,580.6,0.779,0.54488,0.3328,523.1,568.1,0.017,0.46883,0.34585,450.1,590.4,0.761,0.53209,0.33697,510.8,575.2,0.026,0.4742,0.33992,455.2,580.2,0.755,0.52847,0.33283,507.3,568.1,0.024,0.47938,0.33783,460.2,576.7,0.661,0.52801,0.3322,506.9,567.1,0.031,0.57663,0.41688,553.6,711.6,1.0,0.61633,0.41003,591.7,699.9,0.999,0.51736,0.48759,496.7,832.3,0.988,0.5889,0.40633,565.3,693.6,0.317,0.5175,0.5613,496.8,958.1,0.992,0.58652,0.46173,563.1,788.2,0.394,0.53211,0.57398,510.8,979.8,0.983,0.60385,0.47123,579.7,804.4,0.677,0.46134,0.56929,442.9,971.8,0.974,0.56746,0.46815,544.8,799.1,0.303
843,23.282,960,1707,0.53748,0.28228,516.0,481.9,1.0,0.53702,0.27521,515.5,469.8,1.0,0.53658,0.27523,515.1,469.8,1.0,0.53605,0.27521,514.6,469.8,1.0,0.54037,0.27419,518.8,468.0,1.0,0.5425,0.27346,520.8,466.8,1.0,0.54463,0.27265,522.8,465.4,1.0,0.54396,0.27654,522.2,472.1,1.0,0.55636,0.2727,534.1,465.5,1.0,0.54137,0.2874,519.7,490.6,1.0,0.54502,0.2868,523.2,489.6,0.999,0.55971,0.29758,537.3,508.0,1.0,0.62153,0.29349,596.7,501.0,0.999,0.53664,0.35001,515.2,597.5,0.973,0.61871,0.33618,594.0,573.9,0.052,0.48574,0.33997,466.3,580.3,0.782,0.54612,0.33635,524.3,574.2,0.018,0.46854,0.34579,449.8,590.3,0.762,0.53311,0.33705,511.8,575.3,0.027,0.47366,0.33971,454.7,579.9,0.757,0.52874,0.333,507.6,568.4,0.025,0.47899,0.33745,459.8,576.0,0.663,0.52831,0.33226,507.2,567.2,0.031,0.5821,0.41687,558.8,711.6,1.0,0.61674,0.40952,592.1,699.1,0.999,0.5178,0.48733,497.1,831.9,0.988,0.56485,0.40915,542.3,698.4,0.319,0.5177,0.56133,497.0,958.2,0.992,0.58687,0.46318,563.4,790.7,0.407,0.53212,0.57393,510.8,979.7,0.984,0.60382,0.47172,579.7,805.2,0.686,0.4613,0.57014,442.8,973.2,0.974,0.56744,0.46889,544.7,800.4,0.308
844,23.309,960,1707,0.53884,0.28306,517.3,483.2,1.0,0.53851,0.27599,517.0,471.1,1.0,0.53799,0.27604,516.5,471.2,1.0,0.5374,0.27603,515.9,471.2,1.0,0.54214,0.27486,520.5,469.2,1.0,0.54442,0.27408,522.6,467.9,1.0,0.54671,0.27324,524.8,466.4,1.0,0.54512,0.27755,523.3,473.8,1.0,0.5585,0.2733,536.2,466.5,1.0,0.54248,0.28841,520.8,492.3,1.0,0.54642,0.28772,524.6,491.1,0.999,0.56063,0.29798,538.2,508.7,1.0,0.62195,0.29436,597.1,502.5,0.999,0.53666,0.3499,515.2,597.3,0.973,0.62002,0.33553,595.2,572.7,0.052,0.48586,0.33946,466.4,579.5,0.786,0.54671,0.33672,524.8,574.8,0.019,0.46931,0.34486,450.5,588.7,0.766,0.53367,0.33676,512.3,574.8,0.028,0.47486,0.33889,455.9,578.5,0.761,0.52921,0.33258,508.0,567.7,0.026,0.47953,0.33683,460.4,575.0,0.668,0.52881,0.33202,507.7,566.8,0.033,0.58417,0.41771,560.8,713.0,1.0,0.61787,0.40963,593.2,699.2,0.999,0.51716,0.48741,496.5,832.0,0.989,0.55767,0.4118,535.4,702.9,0.332,0.51772,0.56134,497.0,958.2,0.993,0.58725,0.46331,563.8,790.9,0.429,0.53193,0.574,510.7,979.8,0.984,0.60377,0.47191,579.6,805.5,0.698,0.45918,0.57019,440.8,973.3,0.975,0.56757,0.46936,544.9,801.2,0.324
845,23.337,960,1707,0.54107,0.28314,519.4,483.3,1.0,0.5412,0.27612,519.6,471.3,1.0,0.54059,0.2762,519.0,471.5,1.0,0.53987,0.27621,518.3,471.5,1.0,0.54497,0.27495,523.2,469.3,1.0,0.54738,0.27418,525.5,468.0,1.0,0.54982,0.27334,527.8,466.6,1.0,0.54732,0.27789,525.4,474.4,1.0,0.56188,0.2735,539.4,466.9,1.0,0.54428,0.28848,522.5,492.4,1.0,0.54857,0.28781,526.6,491.3,0.999,0.56186,0.29832,539.4,509.2,1.0,0.62282,0.29476,597.9,503.1,0.999,0.5367,0.34983,515.2,597.2,0.974,0.61971,0.33545,594.9,572.6,0.052,0.48527,0.33911,465.9,578.9,0.792,0.54589,0.33671,524.1,574.8,0.02,0.46854,0.3446,449.8,588.2,0.771,0.52915,0.33416,508.0,570.4,0.03,0.47374,0.338,454.8,577.0,0.765,0.52432,0.33164,503.3,566.1,0.028,0.47892,0.33603,459.8,573.6,0.675,0.52692,0.33146,505.8,565.8,0.035,0.58608,0.41778,562.6,713.2,1.0,0.62176,0.40956,596.9,699.1,0.999,0.5182,0.48741,497.5,832.0,0.99,0.57081,0.4128,548.0,704.6,0.346,0.51759,0.56136,496.9,958.2,0.993,0.5871,0.46342,563.6,791.1,0.457,0.53124,0.57426,510.0,980.3,0.985,0.6017,0.47262,577.6,806.8,0.712,0.45843,0.57016,440.1,973.3,0.976,0.56755,0.47357,544.8,808.4,0.344
846,23.364,960,1707,0.54599,0.28518,524.2,486.8,1.0,0.54585,0.27876,524.0,475.8,1.0,0.54517,0.27878,523.4,475.9,1.0,0.54438,0.27874,522.6,475.8,1.0,0.54995,0.27752,528.0,473.7,1.0,0.55254,0.27664,530.4,472.2,1.0,0.55505,0.27566,532.8,470.6,1.0,0.5518,0.2797,529.7,477.5,1.0,0.56676,0.27518,544.1,469.7,1.0,0.54871,0.29015,526.8,495.3,1.0,0.55351,0.28943,531.4,494.1,0.999,0.56364,0.2987,541.1,509.9,1.0,0.62477,0.29619,599.8,505.6,0.999,0.53673,0.34967,515.3,596.9,0.974,0.62024,0.33546,595.4,572.6,0.052,0.4851,0.33803,465.7,577.0,0.791,0.5465,0.3361,524.6,573.7,0.02,0.4684,0.34228,449.7,584.3,0.768,0.5301,0.33208,508.9,566.9,0.031,0.47345,0.33508,454.5,572.0,0.763,0.52494,0.33041,503.9,564.0,0.028,0.47881,0.3338,459.7,569.8,0.672,0.52754,0.33064,506.4,564.4,0.036,0.5862,0.41722,562.8,712.2,1.0,0.62561,0.40961,600.6,699.2,0.999,0.51865,0.48708,497.9,831.4,0.99,0.5765,0.41228,553.4,703.8,0.338,0.51757,0.56127,496.9,958.1,0.993,0.58734,0.46326,563.9,790.8,0.465,0.53123,0.57426,510.0,980.3,0.985,0.59995,0.47276,576.0,807.0,0.717,0.45846,0.5706,440.1,974.0,0.976,0.56644,0.47541,543.8,811.5,0.345
847,23.392,960,1707,0.54662,0.28565,524.8,487.6,1.0,0.54627,0.27942,524.4,477.0,1.0,0.54571,0.27941,523.9,477.0,1.0,0.54504,0.27933,523.2,476.8,1.0,0.55012,0.27819,528.1,474.9,1.0,0.55266,0.27727,530.6,473.3,1.0,0.55517,0.27622,533.0,471.5,1.0,0.55308,0.28028,531.0,478.4,1.0,0.56774,0.27555,545.0,470.4,1.0,0.54987,0.29046,527.9,495.8,1.0,0.55443,0.28969,532.3,494.5,0.999,0.5637,0.29899,541.2,510.4,1.0,0.62728,0.29663,602.2,506.3,0.999,0.53678,0.34956,515.3,596.7,0.975,0.62366,0.33543,598.7,572.6,0.054,0.4845,0.33799,465.1,576.9,0.801,0.54663,0.33444,524.8,570.9,0.022,0.46837,0.3419,449.6,583.6,0.778,0.53034,0.33221,509.1,567.1,0.033,0.47344,0.33493,454.5,571.7,0.773,0.52718,0.33065,506.1,564.4,0.031,0.47881,0.33365,459.7,569.5,0.685,0.52867,0.33088,507.5,564.8,0.039,0.58718,0.41763,563.7,712.9,1.0,0.62897,0.40995,603.8,699.8,0.999,0.51864,0.487,497.9,831.3,0.991,0.57227,0.41191,549.4,703.1,0.355,0.51788,0.56052,497.2,956.8,0.993,0.5882,0.46392,564.7,791.9,0.493,0.53125,0.57381,510.0,979.5,0.986,0.59985,0.47412,575.9,809.3,0.731,0.45924,0.56966,440.9,972.4,0.977,0.5659,0.47589,543.3,812.4,0.369
848,23.42,960,1707,0.54753,0.28674,525.6,489.5,1.0,0.547,0.28031,525.1,478.5,1.0,0.54646,0.28022,524.6,478.3,1.0,0.5458,0.28008,524.0,478.1,1.0,0.55065,0.27909,528.6,476.4,1.0,0.55309,0.27814,531.0,474.8,1.0,0.55555,0.27705,533.3,472.9,1.0,0.55372,0.28068,531.6,479.1,1.0,0.56837,0.27605,545.6,471.2,1.0,0.5511,0.2914,529.1,497.4,1.0,0.55558,0.29058,533.4,496.0,0.999,0.56436,0.2992,541.8,510.7,1.0,0.62801,0.29722,602.9,507.3,0.999,0.53678,0.34951,515.3,596.6,0.976,0.62314,0.33544,598.2,572.6,0.054,0.48416,0.33807,464.8,577.1,0.807,0.54694,0.33475,525.1,571.4,0.023,0.46809,0.34202,449.4,583.8,0.784,0.53046,0.33172,509.2,566.2,0.034,0.4733,0.33515,454.4,572.1,0.779,0.52621,0.33052,505.2,564.2,0.032,0.47876,0.33381,459.6,569.8,0.692,0.52844,0.33061,507.3,564.3,0.04,0.58666,0.41764,563.2,712.9,1.0,0.62672,0.40987,601.7,699.7,0.999,0.51862,0.48745,497.9,832.1,0.991,0.55897,0.41253,536.6,704.2,0.376,0.51789,0.5604,497.2,956.6,0.994,0.5878,0.4659,564.3,795.3,0.515,0.53125,0.57374,510.0,979.4,0.987,0.59741,0.47738,573.5,814.9,0.743,0.46056,0.56959,442.1,972.3,0.977,0.56068,0.47935,538.3,818.2,0.388
849,23.447,960,1707,0.5486,0.28644,526.7,488.9,1.0,0.54786,0.27998,525.9,477.9,1.0,0.5471,0.2799,525.2,477.8,1.0,0.54626,0.27976,524.4,477.6,1.0,0.55191,0.27878,529.8,475.9,1.0,0.5544,0.27785,532.2,474.3,1.0,0.55691,0.27679,534.6,472.5,1.0,0.55355,0.28036,531.4,478.6,1.0,0.56914,0.27584,546.4,470.9,1.0,0.55175,0.29114,529.7,497.0,1.0,0.55631,0.29034,534.1,495.6,0.999,0.5642,0.29928,541.6,510.9,1.0,0.62781,0.29766,602.7,508.1,0.999,0.53704,0.34949,515.6,596.6,0.976,0.62299,0.33569,598.1,573.0,0.052,0.48386,0.33817,464.5,577.3,0.813,0.54707,0.33487,525.2,571.6,0.023,0.46755,0.3421,448.9,584.0,0.789,0.53036,0.33132,509.1,565.6,0.034,0.47285,0.33523,453.9,572.2,0.784,0.52501,0.33003,504.0,563.4,0.032,0.47853,0.33385,459.4,569.9,0.698,0.52804,0.33019,506.9,563.6,0.04,0.58683,0.41745,563.4,712.6,1.0,0.62943,0.40985,604.3,699.6,0.999,0.51864,0.48674,497.9,830.9,0.991,0.57158,0.40886,548.7,697.9,0.37,0.51818,0.56031,497.5,956.4,0.994,0.58775,0.46588,564.2,795.2,0.524,0.5314,0.57389,510.1,979.6,0.987,0.59729,0.47811,573.4,816.1,0.747,0.46189,0.56907,443.4,971.4,0.977,0.56085,0.47946,538.4,818.4,0.393
850,23.475,960,1707,0.54878,0.28645,526.8,489.0,1.0,0.54833,0.27991,526.4,477.8,1.0,0.54748,0.27983,525.6,477.7,1.0,0.54657,0.27969,524.7,477.4,1.0,0.55259,0.27865,530.5,475.7,1.0,0.55505,0.27769,532.9,474.0,1.0,0.55745,0.27662,535.2,472.2,1.0,0.55362,0.28021,531.5,478.3,1.0,0.56915,0.27578,546.4,470.8,1.0,0.55188,0.29106,529.8,496.8,0.999,0.55644,0.2902,534.2,495.4,0.999,0.56411,0.29925,541.5,510.8,1.0,0.62761,0.29786,602.5,508.4,0.999,0.53775,0.34859,516.2,595.0,0.977,0.6198,0.33488,595.0,571.6,0.051,0.48328,0.33803,464.0,577.0,0.818,0.54625,0.33343,524.4,569.2,0.024,0.46634,0.34166,447.7,583.2,0.794,0.53027,0.33123,509.1,565.4,0.035,0.4722,0.33435,453.3,570.7,0.789,0.52373,0.32691,502.8,558.0,0.033,0.47824,0.33322,459.1,568.8,0.703,0.52501,0.32748,504.0,559.0,0.041,0.58646,0.41729,563.0,712.3,1.0,0.62789,0.40892,602.8,698.0,0.999,0.51983,0.48656,499.0,830.6,0.991,0.5768,0.40707,553.7,694.9,0.361,0.51825,0.55977,497.5,955.5,0.994,0.58804,0.46586,564.5,795.2,0.526,0.53154,0.57368,510.3,979.3,0.987,0.59776,0.47763,573.9,815.3,0.746,0.46128,0.56965,442.8,972.4,0.977,0.56315,0.47923,540.6,818.0,0.391
851,23.502,960,1707,0.54848,0.28632,526.5,488.7,1.0,0.54829,0.27977,526.4,477.6,1.0,0.54756,0.27968,525.7,477.4,1.0,0.54676,0.27954,524.9,477.2,1.0,0.55231,0.27855,530.2,475.5,1.0,0.55471,0.27761,532.5,473.9,1.0,0.55701,0.27655,534.7,472.1,1.0,0.55406,0.28006,531.9,478.1,1.0,0.56872,0.27568,546.0,470.6,1.0,0.55178,0.29094,529.7,496.6,0.999,0.55608,0.29012,533.8,495.2,0.999,0.56437,0.29924,541.8,510.8,1.0,0.62757,0.2978,602.5,508.3,0.999,0.53757,0.34763,516.1,593.4,0.974,0.61495,0.33327,590.3,568.9,0.047,0.48298,0.33726,463.7,575.7,0.817,0.544,0.32974,522.2,562.9,0.026,0.46629,0.341,447.6,582.1,0.794,0.52957,0.32741,508.4,558.9,0.04,0.47223,0.33333,453.3,569.0,0.789,0.52024,0.32509,499.4,554.9,0.037,0.47826,0.33233,459.1,567.3,0.703,0.52235,0.32657,501.5,557.5,0.045,0.58677,0.41668,563.3,711.3,1.0,0.6277,0.40794,602.6,696.3,0.999,0.52102,0.48591,500.2,829.4,0.99,0.5763,0.40546,553.3,692.1,0.35,0.51899,0.55911,498.2,954.4,0.993,0.5884,0.46578,564.9,795.1,0.53,0.53222,0.57313,510.9,978.3,0.986,0.59854,0.47752,574.6,815.1,0.744,0.46117,0.56967,442.7,972.4,0.976,0.56179,0.47928,539.3,818.1,0.392
852,23.53,960,1707,0.54911,0.2862,527.1,488.5,1.0,0.54914,0.27968,527.2,477.4,1.0,0.54837,0.27957,526.4,477.2,1.0,0.54753,0.27942,525.6,477.0,1.0,0.5531,0.27852,531.0,475.4,1.0,0.55533,0.27754,533.1,473.8,1.0,0.55738,0.27645,535.1,471.9,1.0,0.55429,0.28004,532.1,478.0,1.0,0.56868,0.27571,545.9,470.6,1.0,0.55214,0.29091,530.0,496.6,0.999,0.55623,0.29011,534.0,495.2,0.999,0.56488,0.29923,542.3,510.8,1.0,0.62741,0.29772,602.3,508.2,0.999,0.53757,0.34636,516.1,591.2,0.974,0.61196,0.33335,587.5,569.0,0.045,0.48303,0.33737,463.7,575.9,0.822,0.54634,0.33033,524.5,563.9,0.025,0.46643,0.34102,447.8,582.1,0.799,0.53153,0.32833,510.3,560.5,0.038,0.47285,0.33351,453.9,569.3,0.794,0.52091,0.32498,500.1,554.7,0.036,0.47899,0.33266,459.8,567.8,0.708,0.52614,0.3263,505.1,557.0,0.044,0.59032,0.41602,566.7,710.2,1.0,0.62762,0.40717,602.5,695.0,0.999,0.52185,0.48445,501.0,827.0,0.989,0.53813,0.40645,516.6,693.8,0.341,0.52001,0.55894,499.2,954.1,0.993,0.5885,0.46522,565.0,794.1,0.523,0.5331,0.57277,511.8,977.7,0.986,0.60006,0.47699,576.1,814.2,0.741,0.46553,0.56847,446.9,970.4,0.976,0.56072,0.48192,538.3,822.6,0.384
853,23.558,960,1707,0.54944,0.28401,527.5,484.8,0.999,0.54942,0.27856,527.4,475.5,0.999,0.54862,0.27867,526.7,475.7,1.0,0.5478,0.27872,525.9,475.8,1.0,0.55358,0.27731,531.4,473.4,0.999,0.55578,0.27656,533.5,472.1,0.999,0.55775,0.27572,535.4,470.7,0.999,0.55423,0.27997,532.1,477.9,1.0,0.56895,0.27566,546.2,470.5,0.999,0.55236,0.28958,530.3,494.3,0.999,0.55678,0.28861,534.5,492.7,0.998,0.56533,0.29893,542.7,510.3,1.0,0.62831,0.29809,603.2,508.8,0.999,0.53503,0.34403,513.6,587.3,0.974,0.6162,0.33426,591.5,570.6,0.043,0.48257,0.3373,463.3,575.8,0.825,0.55422,0.33822,532.1,577.3,0.023,0.46703,0.34111,448.3,582.3,0.802,0.54384,0.33592,522.1,573.4,0.036,0.47314,0.3341,454.2,570.3,0.797,0.53719,0.3335,515.7,569.3,0.033,0.47905,0.33314,459.9,568.7,0.71,0.53946,0.33422,517.9,570.5,0.041,0.59033,0.41319,566.7,705.3,0.999,0.6286,0.40609,603.5,693.2,0.999,0.52372,0.48221,502.8,823.1,0.988,0.54235,0.40618,520.7,693.3,0.33,0.52,0.5584,499.2,953.2,0.993,0.5891,0.46517,565.5,794.0,0.519,0.53318,0.57211,511.9,976.6,0.986,0.60271,0.47681,578.6,813.9,0.742,0.46538,0.56884,446.8,971.0,0.976,0.5587,0.4833,536.4,825.0,0.38
854,23.585,960,1707,0.55144,0.28215,529.4,481.6,0.999,0.55099,0.27699,528.9,472.8,0.999,0.55007,0.27721,528.1,473.2,1.0,0.54919,0.2774,527.2,473.5,1.0,0.55556,0.27577,533.3,470.7,0.999,0.55789,0.27514,535.6,469.7,0.999,0.56004,0.27446,537.6,468.5,0.999,0.55506,0.2793,532.9,476.8,1.0,0.57158,0.27515,548.7,469.7,0.999,0.55404,0.28794,531.9,491.5,0.999,0.55913,0.2869,536.8,489.7,0.998,0.56528,0.29854,542.7,509.6,1.0,0.63098,0.29879,605.7,510.0,0.999,0.53422,0.34119,512.9,582.4,0.976,0.62407,0.33427,599.1,570.6,0.041,0.48255,0.33732,463.2,575.8,0.84,0.56825,0.33856,545.5,577.9,0.022,0.46743,0.34172,448.7,583.3,0.819,0.55886,0.33865,536.5,578.1,0.034,0.47342,0.33494,454.5,571.7,0.815,0.55096,0.33357,528.9,569.4,0.032,0.4791,0.33364,459.9,569.5,0.734,0.55166,0.33429,529.6,570.6,0.039,0.59084,0.41213,567.2,703.5,0.999,0.63419,0.40622,608.8,693.4,0.999,0.52451,0.47947,503.5,818.5,0.988,0.57466,0.40063,551.7,683.9,0.31,0.51953,0.55812,498.8,952.7,0.994,0.5906,0.46516,567.0,794.0,0.514,0.53304,0.57186,511.7,976.2,0.987,0.60422,0.47664,580.0,813.6,0.744,0.46543,0.56882,446.8,971.0,0.977,0.55892,0.48326,536.6,824.9,0.38
855,23.613,960,1707,0.55238,0.28177,530.3,481.0,0.999,0.5521,0.27673,530.0,472.4,0.999,0.55119,0.27695,529.1,472.8,0.999,0.55031,0.27713,528.3,473.1,1.0,0.55657,0.27559,534.3,470.4,0.999,0.55886,0.27502,536.5,469.5,0.999,0.56097,0.27439,538.5,468.4,0.999,0.5558,0.27914,533.6,476.5,1.0,0.57214,0.27514,549.3,469.7,0.999,0.55468,0.28749,532.5,490.7,0.999,0.55975,0.28657,537.4,489.2,0.998,0.56498,0.29785,542.4,508.4,1.0,0.6318,0.30017,606.5,512.4,0.999,0.5324,0.33673,511.1,574.8,0.978,0.63753,0.34061,612.0,581.4,0.04,0.48406,0.33726,464.7,575.7,0.853,0.58847,0.34308,564.9,585.6,0.021,0.47194,0.34173,453.1,583.3,0.834,0.5802,0.34588,557.0,590.4,0.032,0.476,0.336,457.0,573.6,0.83,0.57071,0.34192,547.9,583.7,0.03,0.4818,0.33457,462.5,571.1,0.753,0.57231,0.33857,549.4,577.9,0.036,0.59245,0.41119,568.8,701.9,1.0,0.63534,0.40582,609.9,692.7,0.999,0.52616,0.48005,505.1,819.5,0.987,0.56085,0.40169,538.4,685.7,0.297,0.51646,0.55816,495.8,952.8,0.994,0.59061,0.46693,567.0,797.1,0.503,0.53053,0.57186,509.3,976.2,0.987,0.60409,0.47793,579.9,815.8,0.738,0.46476,0.57021,446.2,973.3,0.977,0.55873,0.48471,536.4,827.4,0.374
856,23.641,960,1707,0.5533,0.28133,531.2,480.2,0.999,0.55313,0.27661,531.0,472.2,0.999,0.55216,0.27684,530.1,472.6,0.999,0.55127,0.27701,529.2,472.9,0.999,0.55793,0.27549,535.6,470.3,0.999,0.56018,0.27495,537.8,469.3,0.999,0.56227,0.27434,539.8,468.3,0.999,0.55587,0.27912,533.6,476.5,1.0,0.57248,0.27529,549.6,469.9,0.999,0.5552,0.28689,533.0,489.7,0.999,0.56072,0.28613,538.3,488.4,0.998,0.56336,0.29782,540.8,508.4,1.0,0.63157,0.30023,606.3,512.5,0.999,0.53212,0.33523,510.8,572.2,0.98,0.6392,0.34003,613.6,580.4,0.04,0.48419,0.33682,464.8,575.0,0.867,0.5874,0.3428,563.9,585.2,0.019,0.47273,0.34156,453.8,583.0,0.849,0.5798,0.34549,556.6,589.7,0.03,0.47663,0.33607,457.6,573.7,0.846,0.57068,0.34044,547.9,581.1,0.028,0.48187,0.33462,462.6,571.2,0.776,0.57206,0.339,549.2,578.7,0.034,0.5925,0.40833,568.8,697.0,1.0,0.63613,0.40489,610.7,691.2,0.999,0.52665,0.4798,505.6,819.0,0.988,0.55987,0.40498,537.5,691.3,0.287,0.5154,0.55844,494.8,953.3,0.994,0.59064,0.46685,567.0,796.9,0.5,0.52884,0.57237,507.7,977.0,0.988,0.60446,0.47775,580.3,815.5,0.744,0.46119,0.5702,442.7,973.3,0.979,0.55833,0.48583,536.0,829.3,0.378
857,23.668,960,1707,0.55499,0.28267,532.8,482.5,0.999,0.55504,0.27835,532.8,475.1,0.999,0.55439,0.27847,532.2,475.3,0.999,0.55366,0.27834,531.5,475.1,0.999,0.55946,0.27781,537.1,474.2,0.999,0.56171,0.27756,539.2,473.8,0.999,0.56375,0.27709,541.2,473.0,0.999,0.55743,0.2803,535.1,478.5,1.0,0.57368,0.27822,550.7,474.9,0.999,0.55742,0.28777,535.1,491.2,0.999,0.56308,0.28788,540.6,491.4,0.997,0.56214,0.29785,539.7,508.4,1.0,0.63361,0.3014,608.3,514.5,0.998,0.53147,0.331,510.2,565.0,0.982,0.64205,0.33968,616.4,579.8,0.038,0.48577,0.33651,466.3,574.4,0.88,0.5965,0.34133,572.6,582.7,0.018,0.47509,0.34133,456.1,582.7,0.864,0.58979,0.34465,566.2,588.3,0.027,0.47812,0.3364,459.0,574.2,0.861,0.57773,0.33997,554.6,580.3,0.026,0.48279,0.33493,463.5,571.7,0.797,0.57763,0.33872,554.5,578.2,0.031,0.59247,0.40866,568.8,697.6,1.0,0.63831,0.40499,612.8,691.3,0.999,0.52653,0.47996,505.5,819.3,0.989,0.58652,0.40187,563.1,686.0,0.277,0.51497,0.55811,494.4,952.7,0.994,0.59091,0.46715,567.3,797.4,0.512,0.52847,0.57202,507.3,976.4,0.989,0.60441,0.47808,580.2,816.1,0.753,0.46051,0.57024,442.1,973.4,0.98,0.55805,0.48558,535.7,828.9,0.396
858,23.696,960,1707,0.55816,0.28456,535.8,485.8,0.999,0.55815,0.28019,535.8,478.3,0.999,0.55727,0.28008,535.0,478.1,0.999,0.55632,0.27981,534.1,477.6,0.999,0.56259,0.27997,540.1,477.9,0.999,0.56471,0.27968,542.1,477.4,0.999,0.56658,0.27916,543.9,476.5,0.999,0.55962,0.28132,537.2,480.2,1.0,0.57608,0.27967,553.0,477.4,0.999,0.55943,0.28899,537.1,493.3,0.999,0.56477,0.28952,542.2,494.2,0.997,0.56109,0.29811,538.6,508.9,1.0,0.63583,0.3024,610.4,516.2,0.998,0.53161,0.33221,510.3,567.1,0.983,0.63933,0.33827,613.8,577.4,0.034,0.48616,0.33652,466.7,574.4,0.89,0.6059,0.3377,581.7,576.5,0.017,0.47498,0.34175,456.0,583.4,0.875,0.60714,0.33878,582.9,578.3,0.027,0.47818,0.33735,459.0,575.9,0.872,0.58917,0.33386,565.6,569.9,0.025,0.48277,0.33552,463.5,572.7,0.812,0.58765,0.33564,564.1,572.9,0.03,0.59212,0.40855,568.4,697.4,1.0,0.64352,0.40502,617.8,691.4,0.999,0.52605,0.48018,505.0,819.7,0.989,0.61699,0.3942,592.3,672.9,0.265,0.51419,0.55844,493.6,953.2,0.994,0.59286,0.46676,569.1,796.8,0.509,0.52785,0.57203,506.7,976.5,0.989,0.60437,0.47861,580.2,817.0,0.752,0.46279,0.57005,444.3,973.1,0.98,0.56414,0.47979,541.6,819.0,0.396
859,23.723,960,1707,0.5604,0.28639,538.0,488.9,0.999,0.56004,0.2821,537.6,481.6,0.999,0.55901,0.28195,536.6,481.3,0.999,0.55784,0.28165,535.5,480.8,0.999,0.56461,0.2819,542.0,481.2,0.998,0.5667,0.28157,544.0,480.6,0.999,0.56849,0.28101,545.8,479.7,0.998,0.56107,0.28263,538.6,482.4,1.0,0.57759,0.28119,554.5,480.0,0.998,0.56142,0.29048,539.0,495.9,0.999,0.56643,0.29081,543.8,496.4,0.997,0.5576,0.29928,535.3,510.9,1.0,0.63934,0.30457,613.8,519.9,0.998,0.52972,0.33339,508.5,569.1,0.981,0.63843,0.33942,612.9,579.4,0.031,0.48615,0.33685,466.7,575.0,0.89,0.60783,0.33789,583.5,576.8,0.016,0.47518,0.34188,456.2,583.6,0.876,0.60948,0.33877,585.1,578.3,0.025,0.47862,0.33767,459.5,576.4,0.874,0.59278,0.33397,569.1,570.1,0.023,0.48302,0.33597,463.7,573.5,0.811,0.58845,0.33552,564.9,572.7,0.028,0.59201,0.40873,568.3,697.7,1.0,0.6473,0.40564,621.4,692.4,0.999,0.52593,0.47998,504.9,819.3,0.989,0.62439,0.38869,599.4,663.5,0.245,0.51375,0.55858,493.2,953.5,0.993,0.595,0.46635,571.2,796.1,0.492,0.52763,0.57204,506.5,976.5,0.988,0.60449,0.47877,580.3,817.3,0.741,0.46488,0.57,446.3,973.0,0.977,0.56816,0.4753,545.4,811.3,0.381
860,23.751,960,1707,0.56038,0.28799,538.0,491.6,0.998,0.5603,0.28382,537.9,484.5,0.998,0.55921,0.28363,536.8,484.2,0.999,0.558,0.28328,535.7,483.6,0.999,0.56495,0.28368,542.4,484.2,0.997,0.56705,0.28334,544.4,483.7,0.998,0.56883,0.28277,546.1,482.7,0.997,0.5613,0.28417,538.8,485.1,1.0,0.57776,0.28276,554.6,482.7,0.997,0.56139,0.29182,538.9,498.1,0.998,0.56639,0.2922,543.7,498.8,0.995,0.55628,0.29944,534.0,511.1,1.0,0.63979,0.30584,614.2,522.1,0.998,0.52864,0.33425,507.5,570.6,0.979,0.63991,0.34302,614.3,585.5,0.028,0.48613,0.33708,466.7,575.4,0.889,0.61584,0.3401,591.2,580.6,0.015,0.47501,0.34203,456.0,583.8,0.875,0.61912,0.34021,594.4,580.7,0.023,0.47857,0.33785,459.4,576.7,0.873,0.60233,0.33625,578.2,574.0,0.021,0.48299,0.33618,463.7,573.9,0.807,0.59686,0.33734,573.0,575.8,0.026,0.59185,0.40858,568.2,697.4,1.0,0.64859,0.40569,622.6,692.5,0.999,0.52648,0.48007,505.4,819.5,0.988,0.62814,0.38612,603.0,659.1,0.228,0.51275,0.55862,492.2,953.6,0.992,0.59478,0.46345,571.0,791.1,0.475,0.52622,0.57209,505.2,976.6,0.987,0.60448,0.47806,580.3,816.0,0.725,0.46503,0.57008,446.4,973.1,0.971,0.56989,0.47226,547.1,806.2,0.365
861,23.779,960,1707,0.56169,0.28852,539.2,492.5,0.998,0.56119,0.28434,538.7,485.4,0.998,0.5602,0.28421,537.8,485.1,0.999,0.55907,0.28394,536.7,484.7,0.999,0.5654,0.28412,542.8,485.0,0.997,0.56734,0.2838,544.7,484.4,0.998,0.56899,0.28327,546.2,483.5,0.997,0.56208,0.28482,539.6,486.2,1.0,0.57789,0.28328,554.8,483.6,0.997,0.5631,0.29236,540.6,499.1,0.998,0.56782,0.29266,545.1,499.6,0.994,0.55622,0.29996,534.0,512.0,1.0,0.64067,0.30528,615.0,521.1,0.998,0.52874,0.33459,507.6,571.1,0.978,0.63946,0.34295,613.9,585.4,0.026,0.48616,0.33681,466.7,574.9,0.887,0.61605,0.33642,591.4,574.3,0.014,0.47492,0.34169,455.9,583.3,0.873,0.6197,0.33498,594.9,571.8,0.021,0.47833,0.33733,459.2,575.8,0.871,0.60392,0.33104,579.8,565.1,0.02,0.48236,0.3357,463.1,573.0,0.802,0.59806,0.33228,574.1,567.2,0.024,0.59173,0.40758,568.1,695.7,1.0,0.65026,0.4054,624.2,692.0,0.999,0.52646,0.47876,505.4,817.2,0.987,0.64024,0.37963,614.6,648.0,0.216,0.51171,0.55861,491.2,953.5,0.991,0.59511,0.45866,571.3,782.9,0.462,0.52427,0.57216,503.3,976.7,0.986,0.60381,0.47702,579.7,814.3,0.713,0.46529,0.56961,446.7,972.3,0.967,0.57325,0.46577,550.3,795.1,0.35
862,23.806,960,1707,0.56312,0.28831,540.6,492.1,0.998,0.56179,0.28414,539.3,485.0,0.998,0.56073,0.28409,538.3,484.9,0.998,0.55957,0.28392,537.2,484.7,0.999,0.56617,0.2838,543.5,484.4,0.997,0.56816,0.28346,545.4,483.9,0.998,0.56995,0.28293,547.2,483.0,0.997,0.5623,0.28495,539.8,486.4,1.0,0.5792,0.28308,556.0,483.2,0.996,0.56437,0.29229,541.8,498.9,0.998,0.56952,0.29246,546.7,499.2,0.994,0.55534,0.30043,533.1,512.8,1.0,0.64201,0.30531,616.3,521.2,0.998,0.52765,0.3363,506.5,574.1,0.975,0.63881,0.34225,613.3,584.2,0.023,0.4857,0.33705,466.3,575.3,0.874,0.61379,0.33624,589.2,574.0,0.013,0.47408,0.34191,455.1,583.6,0.86,0.61668,0.33448,592.0,571.0,0.02,0.47811,0.33741,459.0,576.0,0.857,0.59784,0.33027,573.9,563.8,0.019,0.48184,0.33573,462.6,573.1,0.782,0.59516,0.33174,571.4,566.3,0.022,0.5916,0.40783,567.9,696.2,1.0,0.65026,0.40544,624.3,692.1,0.999,0.52618,0.47896,505.1,817.6,0.986,0.63817,0.38213,612.6,652.3,0.204,0.51161,0.55846,491.1,953.3,0.988,0.59497,0.46015,571.2,785.5,0.45,0.52408,0.57213,503.1,976.6,0.983,0.60377,0.47732,579.6,814.8,0.7,0.4671,0.56933,448.4,971.8,0.957,0.57296,0.46825,550.0,799.3,0.336
863,23.834,960,1707,0.56258,0.28824,540.1,492.0,0.998,0.56135,0.28391,538.9,484.6,0.997,0.56031,0.28388,537.9,484.6,0.998,0.55918,0.28373,536.8,484.3,0.999,0.56571,0.28351,543.1,484.0,0.997,0.56771,0.28315,545.0,483.3,0.997,0.5695,0.28261,546.7,482.4,0.996,0.56215,0.28483,539.7,486.2,0.999,0.5789,0.28287,555.7,482.9,0.996,0.56385,0.29233,541.3,499.0,0.997,0.56896,0.29249,546.2,499.3,0.993,0.55521,0.30056,533.0,513.1,1.0,0.64326,0.30554,617.5,521.6,0.998,0.52584,0.33608,504.8,573.7,0.975,0.64143,0.34194,615.8,583.7,0.021,0.48595,0.33735,466.5,575.9,0.881,0.61854,0.33663,593.8,574.6,0.012,0.47489,0.34352,455.9,586.4,0.868,0.62221,0.33477,597.3,571.4,0.019,0.47875,0.33911,459.6,578.9,0.865,0.6045,0.33101,580.3,565.0,0.018,0.48254,0.33661,463.2,574.6,0.792,0.59934,0.33242,575.4,567.4,0.021,0.59132,0.40782,567.7,696.1,1.0,0.65051,0.40535,624.5,691.9,0.999,0.5262,0.47901,505.1,817.7,0.986,0.63638,0.3842,610.9,655.8,0.193,0.5112,0.55846,490.8,953.3,0.987,0.59458,0.46133,570.8,787.5,0.437,0.52373,0.5721,502.8,976.6,0.982,0.60313,0.4783,579.0,816.5,0.691,0.46809,0.56971,449.4,972.5,0.953,0.57271,0.47014,549.8,802.5,0.324
864,23.861,960,1707,0.56218,0.28853,539.7,492.5,0.998,0.56113,0.28406,538.7,484.9,0.997,0.56019,0.284,537.8,484.8,0.998,0.55913,0.28384,536.8,484.5,0.999,0.56547,0.28366,542.9,484.2,0.996,0.56758,0.28328,544.9,483.6,0.997,0.56946,0.28272,546.7,482.6,0.996,0.56199,0.28496,539.5,486.4,0.999,0.57846,0.28304,555.3,483.1,0.995,0.56354,0.2926,541.0,499.5,0.997,0.56859,0.29278,545.8,499.8,0.993,0.55487,0.301,532.7,513.8,1.0,0.64312,0.30533,617.4,521.2,0.997,0.52362,0.33586,502.7,573.3,0.977,0.64368,0.34164,617.9,583.2,0.019,0.48659,0.33797,467.1,576.9,0.891,0.61868,0.33916,593.9,578.9,0.011,0.47647,0.34474,457.4,588.5,0.879,0.62109,0.33837,596.2,577.6,0.018,0.47998,0.34044,460.8,581.1,0.876,0.60337,0.3355,579.2,572.7,0.017,0.48359,0.33778,464.2,576.6,0.807,0.59843,0.33627,574.5,574.0,0.02,0.58847,0.40762,564.9,695.8,1.0,0.64985,0.40541,623.9,692.0,0.999,0.52682,0.47911,505.7,817.8,0.986,0.62997,0.38926,604.8,664.5,0.186,0.51074,0.55833,490.3,953.1,0.988,0.59175,0.47047,568.1,803.1,0.433,0.52316,0.57211,502.2,976.6,0.982,0.59937,0.48076,575.4,820.7,0.692,0.46566,0.57002,447.0,973.0,0.954,0.56566,0.47305,543.0,807.5,0.321
865,23.889,960,1707,0.56143,0.2893,539.0,493.8,0.998,0.56047,0.28461,538.1,485.8,0.997,0.55946,0.28449,537.1,485.6,0.998,0.55833,0.28426,536.0,485.2,0.999,0.56453,0.28418,542.0,485.1,0.996,0.56626,0.28374,543.6,484.3,0.997,0.56771,0.28313,545.0,483.3,0.996,0.56159,0.28522,539.1,486.9,0.999,0.57619,0.28324,553.1,483.5,0.995,0.56301,0.29321,540.5,500.5,0.997,0.56792,0.29338,545.2,500.8,0.993,0.55455,0.3012,532.4,514.1,1.0,0.64306,0.30519,617.3,521.0,0.997,0.52247,0.33582,501.6,573.2,0.978,0.64305,0.34147,617.3,582.9,0.018,0.48668,0.33831,467.2,577.5,0.897,0.61846,0.33881,593.7,578.3,0.01,0.47664,0.34522,457.6,589.3,0.885,0.62102,0.33779,596.2,576.6,0.017,0.4803,0.34077,461.1,581.7,0.882,0.60353,0.33523,579.4,572.2,0.016,0.48396,0.33804,464.6,577.0,0.815,0.59832,0.33612,574.4,573.8,0.019,0.58767,0.4074,564.2,695.4,1.0,0.65052,0.40541,624.5,692.0,0.999,0.52801,0.47918,506.9,818.0,0.987,0.63986,0.38517,614.3,657.5,0.176,0.51042,0.55831,490.0,953.0,0.987,0.59163,0.46732,568.0,797.7,0.416,0.52271,0.57213,501.8,976.6,0.982,0.59668,0.48048,572.8,820.2,0.678,0.46495,0.56998,446.3,972.9,0.953,0.56301,0.46874,540.5,800.1,0.308
866,23.917,960,1707,0.56096,0.28967,538.5,494.5,0.998,0.56008,0.28483,537.7,486.2,0.997,0.55896,0.28473,536.6,486.0,0.998,0.55771,0.28452,535.4,485.7,0.999,0.56407,0.28435,541.5,485.4,0.996,0.56556,0.28389,542.9,484.6,0.997,0.56673,0.28326,544.1,483.5,0.996,0.56104,0.2855,538.6,487.3,0.999,0.57479,0.28332,551.8,483.6,0.995,0.56247,0.2936,540.0,501.2,0.997,0.56754,0.29373,544.8,501.4,0.993,0.55418,0.30164,532.0,514.9,1.0,0.6429,0.30516,617.2,520.9,0.997,0.52076,0.33552,499.9,572.7,0.977,0.64322,0.34095,617.5,582.0,0.016,0.48694,0.33842,467.5,577.7,0.898,0.61771,0.33757,593.0,576.2,0.01,0.47766,0.34535,458.6,589.5,0.886,0.61991,0.33625,595.1,574.0,0.016,0.48128,0.34107,462.0,582.2,0.883,0.60239,0.33413,578.3,570.4,0.015,0.48499,0.3383,465.6,577.5,0.815,0.5973,0.33512,573.4,572.1,0.018,0.58765,0.40706,564.1,694.8,1.0,0.65126,0.4053,625.2,691.9,0.999,0.52908,0.47929,507.9,818.2,0.987,0.6466,0.38171,620.7,651.6,0.167,0.51021,0.55841,489.8,953.2,0.987,0.59241,0.4599,568.7,785.0,0.399,0.52159,0.57257,500.7,977.4,0.982,0.59504,0.48007,571.2,819.5,0.661,0.4649,0.56943,446.3,972.0,0.951,0.56289,0.46545,540.4,794.5,0.294
867,23.944,960,1707,0.5588,0.28997,536.4,495.0,0.998,0.55843,0.28511,536.1,486.7,0.997,0.55734,0.28498,535.0,486.5,0.998,0.55606,0.28474,533.8,486.1,0.999,0.56206,0.28463,539.6,485.9,0.996,0.56336,0.28417,540.8,485.1,0.997,0.56425,0.28354,541.7,484.0,0.996,0.55988,0.28572,537.5,487.7,0.999,0.57255,0.28354,549.6,484.0,0.995,0.56081,0.29385,538.4,501.6,0.997,0.56582,0.29402,543.2,501.9,0.993,0.55348,0.30174,531.3,515.1,1.0,0.64271,0.30508,617.0,520.8,0.997,0.51948,0.33509,498.7,572.0,0.976,0.64285,0.33733,617.1,575.8,0.015,0.48782,0.33842,468.3,577.7,0.897,0.61593,0.33509,591.3,572.0,0.009,0.4788,0.34528,459.6,589.4,0.885,0.61752,0.3336,592.8,569.4,0.015,0.48243,0.34096,463.1,582.0,0.882,0.60053,0.33161,576.5,566.1,0.014,0.48659,0.33825,467.1,577.4,0.812,0.59583,0.33266,572.0,567.8,0.017,0.58764,0.40657,564.1,694.0,1.0,0.65141,0.40509,625.4,691.5,0.999,0.53003,0.47909,508.8,817.8,0.986,0.64509,0.37619,619.3,642.2,0.159,0.51008,0.55717,489.7,951.1,0.986,0.59476,0.45846,571.0,782.6,0.387,0.52161,0.57109,500.7,974.9,0.981,0.59514,0.47525,571.3,811.2,0.646,0.46617,0.56989,447.5,972.8,0.948,0.56281,0.46179,540.3,788.3,0.283
868,23.972,960,1707,0.5568,0.28971,534.5,494.5,0.997,0.55739,0.28499,535.1,486.5,0.997,0.55638,0.28492,534.1,486.4,0.998,0.55515,0.28472,532.9,486.0,0.998,0.56092,0.28448,538.5,485.6,0.996,0.5622,0.28407,539.7,484.9,0.996,0.56302,0.28346,540.5,483.9,0.996,0.55908,0.28565,536.7,487.6,0.999,0.57208,0.28346,549.2,483.9,0.995,0.55953,0.29382,537.1,501.6,0.997,0.56446,0.29395,541.9,501.8,0.992,0.55332,0.30173,531.2,515.1,1.0,0.64257,0.30506,616.9,520.7,0.997,0.51684,0.33505,496.2,571.9,0.976,0.64414,0.3376,618.4,576.3,0.013,0.48781,0.3383,468.3,577.5,0.902,0.61755,0.33522,592.8,572.2,0.009,0.4787,0.34475,459.6,588.5,0.89,0.61991,0.33384,595.1,569.9,0.014,0.4823,0.34032,463.0,580.9,0.887,0.60252,0.33167,578.4,566.2,0.013,0.48633,0.33793,466.9,576.8,0.818,0.59734,0.33269,573.4,567.9,0.016,0.58844,0.40644,564.9,693.8,1.0,0.65196,0.40488,625.9,691.1,0.999,0.53107,0.47832,509.8,816.5,0.985,0.64068,0.37753,615.0,644.4,0.148,0.50978,0.55677,489.4,950.4,0.985,0.59225,0.45954,568.6,784.4,0.369,0.52145,0.57047,500.6,973.8,0.98,0.59539,0.4754,571.6,811.5,0.631,0.46644,0.56967,447.8,972.4,0.943,0.5599,0.46242,537.5,789.3,0.268
869,24.0,960,1707,0.55685,0.2897,534.6,494.5,0.997,0.5574,0.28506,535.1,486.6,0.996,0.5564,0.28503,534.1,486.5,0.997,0.5552,0.28485,533.0,486.2,0.998,0.56096,0.28452,538.5,485.7,0.995,0.56226,0.28412,539.8,485.0,0.996,0.56315,0.28353,540.6,484.0,0.995,0.55907,0.28607,536.7,488.3,0.999,0.57252,0.28371,549.6,484.3,0.994,0.55959,0.29381,537.2,501.5,0.997,0.56454,0.29398,542.0,501.8,0.991,0.55339,0.30177,531.3,515.1,1.0,0.64274,0.30503,617.0,520.7,0.996,0.51439,0.33506,493.8,571.9,0.977,0.6462,0.33763,620.4,576.3,0.012,0.48638,0.33829,466.9,577.5,0.908,0.62602,0.33528,601.0,572.3,0.008,0.47794,0.34474,458.8,588.5,0.896,0.62942,0.33388,604.2,569.9,0.013,0.48177,0.33991,462.5,580.2,0.894,0.61195,0.3319,587.5,566.6,0.013,0.48517,0.33757,465.8,576.2,0.828,0.60636,0.33288,582.1,568.2,0.015,0.59145,0.40651,567.8,693.9,1.0,0.65231,0.40445,626.2,690.4,0.999,0.53112,0.47734,509.9,814.8,0.983,0.63737,0.3758,611.9,641.5,0.138,0.51003,0.55531,489.6,947.9,0.983,0.5922,0.45756,568.5,781.1,0.351,0.52236,0.56924,501.5,971.7,0.979,0.59456,0.47282,570.8,807.1,0.611,0.46649,0.56967,447.8,972.4,0.94,0.5581,0.46205,535.8,788.7,0.255
870,24.027,960,1707,0.55683,0.28964,534.6,494.4,0.997,0.55744,0.28504,535.1,486.6,0.996,0.55656,0.28505,534.3,486.6,0.998,0.55552,0.28491,533.3,486.3,0.998,0.56094,0.28447,538.5,485.6,0.995,0.56223,0.28407,539.7,484.9,0.996,0.56316,0.28349,540.6,483.9,0.995,0.55937,0.28633,537.0,488.8,0.999,0.57267,0.28384,549.8,484.5,0.994,0.55959,0.29377,537.2,501.5,0.997,0.56452,0.29392,541.9,501.7,0.992,0.55387,0.30189,531.7,515.3,1.0,0.64264,0.30498,616.9,520.6,0.996,0.51515,0.33509,494.5,572.0,0.979,0.64572,0.33388,619.9,569.9,0.011,0.48469,0.33824,465.3,577.4,0.916,0.62681,0.32902,601.7,561.6,0.008,0.47565,0.34471,456.6,588.4,0.906,0.63136,0.32792,606.1,559.8,0.014,0.47833,0.33975,459.2,579.9,0.904,0.61569,0.32554,591.1,555.7,0.013,0.48239,0.3373,463.1,575.8,0.843,0.60938,0.32651,585.0,557.3,0.015,0.59315,0.40753,569.4,695.7,1.0,0.65399,0.40462,627.8,690.7,0.999,0.53161,0.47747,510.3,815.0,0.984,0.63596,0.37528,610.5,640.6,0.135,0.50991,0.55542,489.5,948.1,0.984,0.58891,0.45801,565.4,781.8,0.354,0.52235,0.56936,501.5,971.9,0.98,0.59348,0.47303,569.7,807.5,0.616,0.46587,0.56963,447.2,972.4,0.942,0.55192,0.46329,529.8,790.8,0.259
871,24.055,960,1707,0.55643,0.28993,534.2,494.9,0.997,0.55744,0.28543,535.1,487.2,0.997,0.55664,0.28542,534.4,487.2,0.998,0.55575,0.28526,533.5,486.9,0.998,0.56083,0.28491,538.4,486.3,0.996,0.56208,0.28456,539.6,485.7,0.996,0.563,0.28401,540.5,484.8,0.996,0.56021,0.28656,537.8,489.2,0.999,0.57264,0.28451,549.7,485.7,0.995,0.55943,0.29412,537.1,502.1,0.997,0.56385,0.29445,541.3,502.6,0.992,0.55488,0.30229,532.7,516.0,1.0,0.64255,0.30526,616.9,521.1,0.997,0.51572,0.33512,495.1,572.0,0.98,0.64502,0.33455,619.2,571.1,0.01,0.48512,0.33775,465.7,576.5,0.922,0.61717,0.33398,592.5,570.1,0.008,0.47637,0.34378,457.3,586.8,0.913,0.61975,0.33394,595.0,570.0,0.014,0.47907,0.33903,459.9,578.7,0.911,0.60575,0.33142,581.5,565.7,0.013,0.48261,0.33678,463.3,574.9,0.854,0.60046,0.33212,576.4,566.9,0.015,0.59562,0.40791,571.8,696.3,1.0,0.65555,0.40489,629.3,691.1,0.999,0.53233,0.47676,511.0,813.8,0.985,0.62315,0.38186,598.2,651.8,0.134,0.51014,0.5555,489.7,948.2,0.985,0.58825,0.45987,564.7,785.0,0.363,0.5243,0.56942,503.3,972.0,0.981,0.59369,0.47329,569.9,807.9,0.623,0.46525,0.57067,446.6,974.1,0.946,0.55239,0.46588,530.3,795.3,0.272
872,24.082,960,1707,0.55809,0.291,535.8,496.7,0.997,0.55906,0.2866,536.7,489.2,0.997,0.55836,0.28649,536.0,489.0,0.998,0.55755,0.2862,535.3,488.6,0.998,0.56229,0.28629,539.8,488.7,0.996,0.56358,0.28595,541.0,488.1,0.996,0.56475,0.28539,542.2,487.2,0.995,0.56172,0.28738,539.3,490.6,0.999,0.57614,0.28584,553.1,487.9,0.994,0.5612,0.29495,538.7,503.5,0.997,0.56599,0.29565,543.4,504.7,0.992,0.55728,0.30235,535.0,516.1,1.0,0.64261,0.30704,616.9,524.1,0.997,0.51879,0.33479,498.0,571.5,0.98,0.64492,0.34015,619.1,580.6,0.009,0.48566,0.33818,466.2,577.3,0.928,0.61539,0.34594,590.8,590.5,0.008,0.47707,0.34553,458.0,589.8,0.918,0.61724,0.34754,592.5,593.2,0.013,0.47976,0.34054,460.6,581.3,0.917,0.60328,0.34545,579.1,589.7,0.012,0.48291,0.33775,463.6,576.5,0.862,0.59858,0.34551,574.6,589.8,0.014,0.59601,0.40874,572.2,697.7,1.0,0.65502,0.40609,628.8,693.2,0.999,0.53224,0.47689,510.9,814.1,0.984,0.59108,0.39605,567.4,676.1,0.128,0.51048,0.55519,490.1,947.7,0.985,0.58522,0.46713,561.8,797.4,0.353,0.52511,0.56901,504.1,971.3,0.981,0.59353,0.47563,569.8,811.9,0.615,0.46358,0.57148,445.0,975.5,0.946,0.5508,0.47417,528.8,809.4,0.267
873,24.11,960,1707,0.56239,0.29231,539.9,499.0,0.997,0.5627,0.28831,540.2,492.1,0.996,0.56204,0.28814,539.6,491.9,0.998,0.56097,0.28787,538.5,491.4,0.998,0.56655,0.28796,543.9,491.6,0.995,0.56836,0.28767,545.6,491.1,0.996,0.56994,0.28714,547.1,490.2,0.995,0.5638,0.28884,541.2,493.0,0.999,0.58175,0.28773,558.5,491.2,0.994,0.56465,0.2961,542.1,505.4,0.997,0.57015,0.29684,547.3,506.7,0.991,0.55983,0.30309,537.4,517.4,1.0,0.64219,0.30754,616.5,525.0,0.997,0.5205,0.33471,499.7,571.4,0.982,0.63925,0.3402,613.7,580.7,0.009,0.48556,0.33818,466.1,577.3,0.933,0.60465,0.34725,580.5,592.8,0.007,0.477,0.34528,457.9,589.4,0.924,0.60265,0.34928,578.5,596.2,0.013,0.47963,0.33984,460.4,580.1,0.923,0.59035,0.34424,566.7,587.6,0.012,0.48265,0.3375,463.3,576.1,0.872,0.58735,0.34663,563.9,591.7,0.014,0.59795,0.40982,574.0,699.6,1.0,0.65497,0.40685,628.8,694.5,0.999,0.53237,0.47696,511.1,814.2,0.983,0.5823,0.39523,559.0,674.7,0.123,0.51051,0.55539,490.1,948.0,0.985,0.58525,0.4669,561.8,797.0,0.344,0.5254,0.56984,504.4,972.7,0.981,0.59362,0.47564,569.9,811.9,0.612,0.46268,0.57173,444.2,975.9,0.948,0.55087,0.47389,528.8,808.9,0.262
874,24.138,960,1707,0.56393,0.29295,541.4,500.1,0.997,0.56391,0.28882,541.4,493.0,0.996,0.56329,0.28867,540.8,492.8,0.998,0.56237,0.28839,539.9,492.3,0.998,0.56731,0.2885,544.6,492.5,0.995,0.56905,0.28818,546.3,491.9,0.996,0.57055,0.28764,547.7,491.0,0.995,0.565,0.28937,542.4,494.0,0.999,0.58196,0.28801,558.7,491.6,0.994,0.56613,0.29667,543.5,506.4,0.997,0.57089,0.29743,548.1,507.7,0.991,0.56236,0.3033,539.9,517.7,1.0,0.64215,0.30804,616.5,525.8,0.997,0.52381,0.33479,502.9,571.5,0.983,0.64124,0.3401,615.6,580.6,0.008,0.48568,0.33806,466.3,577.1,0.939,0.60497,0.34865,580.8,595.1,0.007,0.47689,0.3448,457.8,588.6,0.93,0.60324,0.35049,579.1,598.3,0.013,0.47877,0.33945,459.6,579.4,0.929,0.59167,0.34757,568.0,593.3,0.012,0.48241,0.33712,463.1,575.5,0.881,0.58851,0.3482,565.0,594.4,0.014,0.59867,0.41007,574.7,700.0,1.0,0.65465,0.4076,628.5,695.8,0.999,0.53233,0.47701,511.0,814.3,0.983,0.58965,0.39947,566.1,681.9,0.118,0.51098,0.55544,490.5,948.1,0.985,0.58548,0.46995,562.1,802.2,0.337,0.52603,0.56989,505.0,972.8,0.981,0.59423,0.47785,570.5,815.7,0.609,0.46277,0.57197,444.3,976.3,0.949,0.55156,0.47741,529.5,814.9,0.259
875,24.165,960,1707,0.5637,0.29345,541.2,500.9,0.997,0.56384,0.28919,541.3,493.7,0.997,0.5632,0.28906,540.7,493.4,0.998,0.56232,0.2888,539.8,493.0,0.998,0.56726,0.28894,544.6,493.2,0.996,0.56906,0.28867,546.3,492.8,0.996,0.5706,0.2882,547.8,491.9,0.996,0.56533,0.28985,542.7,494.8,0.999,0.58181,0.28854,558.5,492.5,0.995,0.5659,0.2974,543.3,507.7,0.997,0.57061,0.29816,547.8,509.0,0.992,0.56422,0.30385,541.6,518.7,1.0,0.6417,0.30837,616.0,526.4,0.997,0.5261,0.33422,505.1,570.5,0.984,0.63926,0.33969,613.7,579.8,0.009,0.4861,0.33782,466.7,576.7,0.942,0.58477,0.34694,561.4,592.2,0.008,0.4774,0.34411,458.3,587.4,0.934,0.57472,0.34871,551.7,595.2,0.013,0.47941,0.33886,460.2,578.4,0.932,0.57158,0.34541,548.7,589.6,0.012,0.48307,0.33668,463.7,574.7,0.887,0.57161,0.34657,548.7,591.6,0.014,0.59934,0.41122,575.4,701.9,1.0,0.65298,0.40915,626.9,698.4,0.999,0.5301,0.47782,508.9,815.6,0.983,0.57008,0.40559,547.3,692.3,0.122,0.51129,0.55605,490.8,949.2,0.986,0.58548,0.47296,562.1,807.3,0.34,0.52725,0.57041,506.2,973.7,0.982,0.59614,0.47943,572.3,818.4,0.616,0.46176,0.57204,443.3,976.5,0.952,0.55381,0.4832,531.7,824.8,0.264
876,24.193,960,1707,0.56184,0.2929,539.4,500.0,0.997,0.56232,0.28891,539.8,493.2,0.997,0.5619,0.28903,539.4,493.4,0.998,0.56126,0.28864,538.8,492.7,0.998,0.56537,0.28815,542.8,491.9,0.996,0.56704,0.28793,544.4,491.5,0.996,0.5683,0.28753,545.6,490.8,0.996,0.56429,0.28967,541.7,494.5,0.999,0.57851,0.28802,555.4,491.7,0.995,0.56488,0.29731,542.3,507.5,0.997,0.56969,0.29798,546.9,508.7,0.992,0.56449,0.30401,541.9,518.9,1.0,0.63799,0.30655,612.5,523.3,0.997,0.52735,0.33374,506.3,569.7,0.985,0.63369,0.33536,608.3,572.5,0.01,0.48611,0.33782,466.7,576.7,0.946,0.57375,0.34625,550.8,591.1,0.008,0.47753,0.34411,458.4,587.4,0.938,0.56213,0.34745,539.6,593.1,0.014,0.47961,0.33867,460.4,578.1,0.937,0.55756,0.34459,535.3,588.2,0.013,0.48316,0.33659,463.8,574.6,0.894,0.55869,0.34616,536.3,590.9,0.015,0.60099,0.41212,576.9,703.5,1.0,0.65049,0.40898,624.5,698.1,0.999,0.52751,0.47782,506.4,815.6,0.982,0.56561,0.40629,543.0,693.5,0.121,0.51177,0.55613,491.3,949.3,0.987,0.58552,0.47177,562.1,805.3,0.333,0.52793,0.57052,506.8,973.9,0.983,0.60119,0.47923,577.1,818.0,0.616,0.4608,0.57209,442.4,976.6,0.955,0.55414,0.48554,532.0,828.8,0.26
877,24.22,960,1707,0.56152,0.29279,539.1,499.8,0.997,0.56194,0.28872,539.5,492.9,0.997,0.56147,0.28883,539.0,493.0,0.998,0.56081,0.2885,538.4,492.5,0.999,0.56515,0.288,542.5,491.6,0.996,0.56689,0.28778,544.2,491.2,0.997,0.56821,0.28739,545.5,490.6,0.996,0.56418,0.28964,541.6,494.4,0.999,0.57825,0.28792,555.1,491.5,0.995,0.5645,0.29724,541.9,507.4,0.997,0.5692,0.29779,546.4,508.3,0.993,0.56527,0.30484,542.7,520.4,1.0,0.63676,0.30612,611.3,522.5,0.997,0.52776,0.33519,506.6,572.2,0.985,0.63278,0.333,607.5,568.4,0.011,0.48605,0.33799,466.6,577.0,0.946,0.5698,0.34413,547.0,587.4,0.009,0.477,0.34412,457.9,587.4,0.938,0.55394,0.34407,531.8,587.3,0.014,0.47958,0.33838,460.4,577.6,0.937,0.55358,0.34309,531.4,585.7,0.013,0.48317,0.33644,463.8,574.3,0.892,0.55433,0.3436,532.2,586.5,0.016,0.60348,0.41488,579.3,708.2,1.0,0.65023,0.40926,624.2,698.6,0.999,0.52299,0.47783,502.1,815.7,0.978,0.54617,0.40368,524.3,689.1,0.124,0.5118,0.5565,491.3,949.9,0.986,0.58565,0.47103,562.2,804.0,0.329,0.52795,0.57069,506.8,974.2,0.983,0.60222,0.47834,578.1,816.5,0.612,0.46037,0.5722,442.0,976.7,0.955,0.55781,0.48483,535.5,827.6,0.258
878,24.248,960,1707,0.5625,0.29276,540.0,499.7,0.997,0.56252,0.28868,540.0,492.8,0.997,0.56187,0.2888,539.4,493.0,0.998,0.56112,0.2886,538.7,492.6,0.999,0.56609,0.28797,543.4,491.6,0.997,0.568,0.28773,545.3,491.2,0.997,0.5696,0.28734,546.8,490.5,0.996,0.56433,0.28992,541.8,494.9,0.999,0.5792,0.28787,556.0,491.4,0.996,0.56483,0.29735,542.2,507.6,0.997,0.56966,0.29772,546.9,508.2,0.993,0.56556,0.30574,542.9,521.9,1.0,0.63691,0.30622,611.4,522.7,0.997,0.52813,0.33649,507.0,574.4,0.984,0.6319,0.3333,606.6,569.0,0.012,0.48607,0.33814,466.6,577.2,0.944,0.56766,0.34309,545.0,585.6,0.009,0.47686,0.34406,457.8,587.3,0.936,0.55123,0.342,529.2,583.8,0.014,0.47948,0.338,460.3,577.0,0.935,0.5506,0.33878,528.6,578.3,0.013,0.48317,0.33625,463.8,574.0,0.888,0.55081,0.33885,528.8,578.4,0.016,0.60444,0.41726,580.3,712.3,1.0,0.6496,0.41031,623.6,700.4,0.999,0.52145,0.47811,500.6,816.1,0.973,0.53891,0.40215,517.4,686.5,0.126,0.51246,0.55652,492.0,950.0,0.985,0.58658,0.47085,563.1,803.7,0.323,0.52928,0.57069,508.1,974.2,0.981,0.60373,0.47706,579.6,814.3,0.606,0.4622,0.57219,443.7,976.7,0.954,0.56266,0.48583,540.2,829.3,0.254
879,24.276,960,1707,0.56304,0.29278,540.5,499.8,0.998,0.56327,0.2888,540.7,493.0,0.997,0.56274,0.28899,540.2,493.3,0.998,0.5621,0.2889,539.6,493.2,0.999,0.56687,0.28816,544.2,491.9,0.997,0.56916,0.28804,546.4,491.7,0.997,0.57118,0.28774,548.3,491.2,0.997,0.56512,0.29053,542.5,495.9,0.999,0.58134,0.28858,558.1,492.6,0.996,0.56529,0.29759,542.7,508.0,0.997,0.57036,0.29794,547.5,508.6,0.993,0.56602,0.3061,543.4,522.5,1.0,0.63669,0.30633,611.2,522.9,0.997,0.52807,0.33706,506.9,575.4,0.985,0.63139,0.33361,606.1,569.5,0.013,0.48585,0.33809,466.4,577.1,0.945,0.5681,0.3431,545.4,585.7,0.009,0.47527,0.34312,456.3,585.7,0.936,0.55268,0.34198,530.6,583.8,0.015,0.47822,0.33667,459.1,574.7,0.935,0.55319,0.33912,531.1,578.9,0.014,0.48262,0.33551,463.3,572.7,0.888,0.55322,0.33916,531.1,578.9,0.016,0.60668,0.41851,582.4,714.4,1.0,0.64819,0.41044,622.3,700.6,0.999,0.52033,0.47812,499.5,816.1,0.968,0.53693,0.40127,515.5,685.0,0.129,0.51252,0.55652,492.0,950.0,0.985,0.58816,0.46989,564.6,802.1,0.319,0.52921,0.57069,508.0,974.2,0.98,0.60585,0.47676,581.6,813.8,0.601,0.46233,0.57222,443.8,976.8,0.953,0.56561,0.48626,543.0,830.0,0.25
880,24.303,960,1707,0.56575,0.29387,543.1,501.6,0.998,0.56566,0.29006,543.0,495.1,0.997,0.56505,0.29027,542.5,495.5,0.998,0.56434,0.29029,541.8,495.5,0.999,0.56951,0.28937,546.7,494.0,0.997,0.57175,0.28916,548.9,493.6,0.997,0.57375,0.2888,550.8,493.0,0.997,0.56729,0.29184,544.6,498.2,0.999,0.58412,0.28959,560.8,494.3,0.996,0.56789,0.29874,545.2,509.9,0.997,0.57266,0.29882,549.8,510.1,0.993,0.56679,0.30643,544.1,523.1,1.0,0.63723,0.30835,611.7,526.4,0.997,0.52793,0.33928,506.8,579.2,0.985,0.63464,0.33662,609.3,574.6,0.014,0.48571,0.33799,466.3,576.9,0.944,0.57355,0.34307,550.6,585.6,0.009,0.47423,0.34259,455.3,584.8,0.935,0.56174,0.3422,539.3,584.1,0.014,0.47795,0.33612,458.8,573.8,0.934,0.55856,0.33734,536.2,575.8,0.013,0.48251,0.33506,463.2,571.9,0.885,0.55803,0.33749,535.7,576.1,0.015,0.60827,0.41931,583.9,715.8,1.0,0.64834,0.41128,622.4,702.1,0.999,0.51902,0.47875,498.3,817.2,0.968,0.54193,0.40011,520.2,683.0,0.139,0.51269,0.55767,492.2,951.9,0.985,0.58899,0.46926,565.4,801.0,0.33,0.52918,0.57152,508.0,975.6,0.981,0.6063,0.47628,582.0,813.0,0.61,0.46276,0.57236,444.2,977.0,0.955,0.56737,0.48522,544.7,828.3,0.26
881,24.331,960,1707,0.56581,0.29407,543.2,502.0,0.998,0.56591,0.2903,543.3,495.5,0.997,0.56533,0.2905,542.7,495.9,0.998,0.56462,0.29054,542.0,496.0,0.999,0.56972,0.28957,546.9,494.3,0.997,0.5719,0.2893,549.0,493.8,0.997,0.57388,0.28889,550.9,493.1,0.997,0.56816,0.29207,545.4,498.6,0.999,0.58431,0.28967,560.9,494.5,0.996,0.56799,0.29893,545.3,510.3,0.997,0.57247,0.29887,549.6,510.2,0.994,0.56737,0.3073,544.7,524.6,1.0,0.63752,0.30848,612.0,526.6,0.997,0.5278,0.34097,506.7,582.0,0.982,0.63173,0.33536,606.5,572.5,0.013,0.48543,0.33774,466.0,576.5,0.936,0.57445,0.33748,551.5,576.1,0.009,0.47377,0.34231,454.8,584.3,0.926,0.56235,0.33636,539.9,574.2,0.015,0.47794,0.33566,458.8,573.0,0.925,0.55989,0.33076,537.5,564.6,0.014,0.48252,0.33441,463.2,570.8,0.873,0.55917,0.33104,536.8,565.1,0.016,0.6076,0.41951,583.3,716.1,1.0,0.6502,0.41218,624.2,703.6,0.999,0.51949,0.48003,498.7,819.4,0.968,0.55011,0.39839,528.1,680.0,0.144,0.51291,0.55933,492.4,954.8,0.985,0.58961,0.46897,566.0,800.5,0.338,0.5288,0.57345,507.6,978.9,0.981,0.60588,0.47628,581.6,813.0,0.612,0.46288,0.57205,444.4,976.5,0.955,0.56834,0.48451,545.6,827.1,0.262
882,24.359,960,1707,0.56581,0.29472,543.2,503.1,0.998,0.56574,0.2909,543.1,496.6,0.998,0.56513,0.2911,542.5,496.9,0.998,0.56444,0.29117,541.9,497.0,0.999,0.56976,0.29008,547.0,495.2,0.997,0.572,0.28975,549.1,494.6,0.997,0.57407,0.2893,551.1,493.8,0.997,0.56795,0.2925,545.2,499.3,0.999,0.5845,0.28986,561.1,494.8,0.997,0.56784,0.29965,545.1,511.5,0.997,0.57252,0.29934,549.6,511.0,0.994,0.56718,0.30813,544.5,526.0,1.0,0.63762,0.30983,612.1,528.9,0.997,0.52799,0.3458,506.9,590.3,0.982,0.63205,0.33926,606.8,579.1,0.014,0.48543,0.33792,466.0,576.8,0.931,0.57543,0.33759,552.4,576.3,0.009,0.47247,0.34178,453.6,583.4,0.92,0.56249,0.33575,540.0,573.1,0.014,0.47694,0.33498,457.9,571.8,0.919,0.56087,0.33178,538.4,566.3,0.013,0.48221,0.33408,462.9,570.3,0.863,0.55973,0.33209,537.3,566.9,0.016,0.60728,0.42093,583.0,718.5,1.0,0.65155,0.41415,625.5,707.0,0.999,0.51985,0.48211,499.1,823.0,0.97,0.57694,0.39506,553.9,674.4,0.148,0.51447,0.56045,493.9,956.7,0.985,0.59043,0.46895,566.8,800.5,0.348,0.52903,0.5748,507.9,981.2,0.981,0.60559,0.47589,581.4,812.4,0.618,0.46747,0.571,448.8,974.7,0.956,0.57051,0.48274,547.7,824.0,0.265
883,24.386,960,1707,0.56569,0.29604,543.1,505.3,0.998,0.5656,0.29196,543.0,498.4,0.998,0.56498,0.29206,542.4,498.6,0.998,0.56427,0.29207,541.7,498.6,0.999,0.5696,0.29126,546.8,497.2,0.997,0.57183,0.2909,549.0,496.6,0.998,0.57388,0.29046,550.9,495.8,0.997,0.56797,0.29304,545.3,500.2,0.999,0.5844,0.29082,561.0,496.4,0.997,0.56776,0.30079,545.1,513.4,0.998,0.57244,0.30041,549.5,512.8,0.994,0.56724,0.30884,544.5,527.2,1.0,0.63841,0.3123,612.9,533.1,0.997,0.52836,0.34923,507.2,596.1,0.978,0.6317,0.34747,606.4,593.1,0.013,0.48553,0.33794,466.1,576.9,0.925,0.57645,0.34129,553.4,582.6,0.009,0.47131,0.34113,452.5,582.3,0.913,0.56945,0.33857,546.7,577.9,0.014,0.47641,0.33419,457.4,570.5,0.912,0.56189,0.3328,539.4,568.1,0.014,0.48211,0.33346,462.8,569.2,0.853,0.56074,0.33326,538.3,568.9,0.016,0.60695,0.42193,582.7,720.2,1.0,0.65154,0.41582,625.5,709.8,0.998,0.51991,0.48304,499.1,824.5,0.97,0.59122,0.39534,567.6,674.8,0.143,0.51635,0.56264,495.7,960.4,0.985,0.59063,0.46875,567.0,800.2,0.343,0.52937,0.57683,508.2,984.6,0.98,0.60509,0.47604,580.9,812.6,0.607,0.46962,0.57048,450.8,973.8,0.955,0.5715,0.4822,548.6,823.1,0.257
884,24.414,960,1707,0.56567,0.29762,543.0,508.0,0.998,0.56554,0.29355,542.9,501.1,0.998,0.56487,0.29358,542.3,501.1,0.999,0.56414,0.29353,541.6,501.1,0.999,0.56951,0.293,546.7,500.1,0.998,0.57179,0.29261,548.9,499.5,0.998,0.57375,0.29213,550.8,498.7,0.997,0.56865,0.29417,545.9,502.1,0.999,0.58473,0.29209,561.3,498.6,0.997,0.56764,0.30223,544.9,515.9,0.998,0.57233,0.30176,549.4,515.1,0.995,0.57026,0.31127,547.4,531.3,1.0,0.63873,0.31343,613.2,535.0,0.997,0.52904,0.34921,507.9,596.1,0.975,0.62897,0.34546,603.8,589.7,0.012,0.48549,0.33786,466.1,576.7,0.924,0.5711,0.34204,548.3,583.9,0.009,0.47024,0.34039,451.4,581.1,0.912,0.56241,0.34,539.9,580.4,0.016,0.47532,0.33375,456.3,569.7,0.911,0.55585,0.33412,533.6,570.3,0.015,0.48137,0.33317,462.1,568.7,0.852,0.55462,0.33476,532.4,571.4,0.018,0.60495,0.42452,580.8,724.7,0.999,0.65085,0.41815,624.8,713.8,0.998,0.52001,0.48597,499.2,829.5,0.968,0.58665,0.39818,563.2,679.7,0.14,0.51878,0.56415,498.0,963.0,0.985,0.59067,0.46898,567.0,800.5,0.334,0.5302,0.57859,509.0,987.7,0.979,0.60497,0.47674,580.8,813.8,0.592,0.47149,0.56963,452.6,972.4,0.953,0.5713,0.48211,548.5,823.0,0.249
885,24.441,960,1707,0.56537,0.29803,542.8,508.7,0.998,0.56535,0.29367,542.7,501.3,0.998,0.5648,0.29362,542.2,501.2,0.999,0.56409,0.29353,541.5,501.1,0.999,0.56907,0.29321,546.3,500.5,0.998,0.57136,0.29279,548.5,499.8,0.998,0.57341,0.29228,550.5,498.9,0.998,0.56942,0.29409,546.6,502.0,1.0,0.5846,0.29209,561.2,498.6,0.997,0.56757,0.30281,544.9,516.9,0.998,0.57205,0.30235,549.2,516.1,0.995,0.57315,0.31125,550.2,531.3,1.0,0.63953,0.31516,613.9,538.0,0.997,0.52933,0.34997,508.2,597.4,0.973,0.62797,0.34873,602.8,595.3,0.011,0.48567,0.33818,466.2,577.3,0.923,0.56959,0.3454,546.8,589.6,0.011,0.4703,0.34042,451.5,581.1,0.913,0.55969,0.34171,537.3,583.3,0.019,0.47535,0.33375,456.3,569.7,0.911,0.55305,0.33684,530.9,575.0,0.018,0.48137,0.33316,462.1,568.7,0.853,0.55173,0.33811,529.7,577.2,0.021,0.60493,0.42537,580.7,726.1,0.999,0.65044,0.41952,624.4,716.1,0.998,0.52047,0.48994,499.6,836.3,0.968,0.55964,0.40405,537.3,689.7,0.138,0.5196,0.56636,498.8,966.8,0.984,0.5905,0.46997,566.9,802.2,0.323,0.53042,0.57989,509.2,989.9,0.979,0.60483,0.47802,580.6,816.0,0.578,0.47159,0.56876,452.7,970.9,0.954,0.57116,0.48354,548.3,825.4,0.241
886,24.469,960,1707,0.56459,0.29896,542.0,510.3,0.998,0.56469,0.29416,542.1,502.1,0.998,0.56443,0.29397,541.9,501.8,0.999,0.56394,0.29378,541.4,501.5,0.999,0.56795,0.29386,545.2,501.6,0.998,0.5703,0.29341,547.5,500.8,0.998,0.57239,0.29285,549.5,499.9,0.998,0.57028,0.29398,547.5,501.8,1.0,0.58456,0.29226,561.2,498.9,0.998,0.56747,0.30365,544.8,518.3,0.998,0.57176,0.30331,548.9,517.7,0.995,0.57641,0.31106,553.3,531.0,1.0,0.6393,0.31533,613.7,538.3,0.998,0.53164,0.34967,510.4,596.9,0.975,0.64068,0.35104,615.1,599.2,0.016,0.48565,0.33804,466.2,577.0,0.928,0.56987,0.35099,547.1,599.1,0.011,0.46984,0.33923,451.0,579.1,0.918,0.56081,0.35094,538.4,599.1,0.019,0.47523,0.33311,456.2,568.6,0.917,0.55409,0.34367,531.9,586.6,0.018,0.48129,0.33276,462.0,568.0,0.861,0.55268,0.34517,530.6,589.2,0.021,0.60514,0.42562,580.9,726.5,1.0,0.64408,0.41859,618.3,714.5,0.998,0.522,0.49105,501.1,838.2,0.969,0.53076,0.40799,509.5,696.4,0.159,0.52064,0.56629,499.8,966.7,0.985,0.58998,0.46994,566.4,802.2,0.333,0.53038,0.58052,509.2,990.9,0.98,0.60469,0.47804,580.5,816.0,0.591,0.47212,0.56802,453.2,969.6,0.956,0.5711,0.48793,548.3,832.9,0.251
887,24.497,960,1707,0.56454,0.29884,542.0,510.1,0.999,0.56467,0.29398,542.1,501.8,0.998,0.56446,0.29378,541.9,501.5,0.999,0.56407,0.29359,541.5,501.2,0.999,0.56792,0.29369,545.2,501.3,0.998,0.57027,0.29321,547.5,500.5,0.998,0.57237,0.29263,549.5,499.5,0.998,0.57162,0.2938,548.8,501.5,1.0,0.58448,0.29212,561.1,498.6,0.998,0.56765,0.30344,544.9,518.0,0.998,0.57173,0.30319,548.9,517.6,0.996,0.57884,0.31103,555.7,530.9,1.0,0.63866,0.31495,613.1,537.6,0.998,0.53353,0.34978,512.2,597.1,0.974,0.63379,0.35231,608.4,601.4,0.015,0.48557,0.33794,466.1,576.9,0.928,0.56755,0.35105,544.9,599.2,0.012,0.4692,0.33916,450.4,578.9,0.917,0.55707,0.35025,534.8,597.9,0.022,0.47483,0.33292,455.8,568.3,0.916,0.54531,0.34415,523.5,587.5,0.021,0.48091,0.33244,461.7,567.5,0.86,0.54945,0.34552,527.5,589.8,0.025,0.60766,0.42591,583.4,727.0,1.0,0.6414,0.4185,615.7,714.4,0.999,0.52317,0.49112,502.2,838.3,0.967,0.52241,0.40968,501.5,699.3,0.17,0.52055,0.5665,499.7,967.0,0.984,0.58703,0.47093,563.5,803.9,0.331,0.53016,0.58021,509.0,990.4,0.979,0.60289,0.47981,578.8,819.0,0.587,0.47285,0.56762,453.9,968.9,0.955,0.56677,0.49284,544.1,841.3,0.251
888,24.524,960,1707,0.56428,0.2987,541.7,509.9,0.999,0.5645,0.29347,541.9,501.0,0.999,0.56438,0.29311,541.8,500.3,0.999,0.56405,0.29282,541.5,499.8,0.999,0.56757,0.29314,544.9,500.4,0.998,0.56988,0.29246,547.1,499.2,0.998,0.57198,0.29169,549.1,497.9,0.998,0.57166,0.29211,548.8,498.6,1.0,0.58401,0.29035,560.7,495.6,0.998,0.56763,0.3033,544.9,517.7,0.998,0.57158,0.30311,548.7,517.4,0.996,0.58255,0.30878,559.2,527.1,1.0,0.63645,0.31201,611.0,532.6,0.998,0.53871,0.34959,517.2,596.8,0.972,0.62467,0.34318,599.7,585.8,0.014,0.48582,0.33796,466.4,576.9,0.925,0.55635,0.3372,534.1,575.6,0.014,0.4692,0.33954,450.4,579.6,0.915,0.54333,0.33493,521.6,571.7,0.027,0.47463,0.33329,455.6,568.9,0.914,0.53252,0.33304,511.2,568.5,0.025,0.48081,0.33291,461.6,568.3,0.858,0.53654,0.33478,515.1,571.5,0.03,0.61033,0.4243,585.9,724.3,1.0,0.64143,0.41479,615.8,708.0,0.999,0.52658,0.49037,505.5,837.1,0.966,0.52047,0.41005,499.7,700.0,0.183,0.52038,0.56606,499.6,966.3,0.984,0.58701,0.47149,563.5,804.8,0.335,0.53013,0.57982,508.9,989.8,0.978,0.60288,0.48124,578.8,821.5,0.585,0.47262,0.56779,453.7,969.2,0.955,0.56548,0.49499,542.9,844.9,0.256
889,24.552,960,1707,0.55803,0.2958,535.7,504.9,0.999,0.55887,0.29023,536.5,495.4,0.999,0.55944,0.28978,537.1,494.6,0.999,0.55969,0.28941,537.3,494.0,0.999,0.56111,0.28981,538.7,494.7,0.998,0.56345,0.28897,540.9,493.3,0.999,0.5656,0.28803,543.0,491.7,0.998,0.57047,0.288,547.7,491.6,1.0,0.57913,0.28574,556.0,487.7,0.998,0.56369,0.30052,541.1,513.0,0.998,0.56648,0.3003,543.8,512.6,0.996,0.58234,0.30536,559.0,521.2,1.0,0.63644,0.30539,611.0,521.3,0.998,0.54195,0.3493,520.3,596.3,0.974,0.64277,0.34321,617.1,585.9,0.019,0.48592,0.3382,466.5,577.3,0.929,0.57824,0.35051,555.1,598.3,0.014,0.46921,0.34091,450.4,581.9,0.92,0.56205,0.35455,539.6,605.2,0.025,0.47428,0.33429,455.3,570.6,0.918,0.5576,0.34749,535.3,593.2,0.024,0.48037,0.33363,461.2,569.5,0.864,0.56054,0.35094,538.1,599.1,0.028,0.61203,0.41868,587.5,714.7,1.0,0.64191,0.41077,616.2,701.2,0.999,0.53363,0.49011,512.3,836.6,0.967,0.52395,0.40862,503.0,697.5,0.205,0.52025,0.56362,499.4,962.1,0.985,0.58784,0.47128,564.3,804.5,0.351,0.53031,0.57752,509.1,985.8,0.979,0.60315,0.48128,579.0,821.5,0.602,0.46595,0.56939,447.3,971.9,0.957,0.56506,0.49561,542.5,846.0,0.271
890,24.58,960,1707,0.55593,0.29192,533.7,498.3,0.999,0.5572,0.28604,534.9,488.3,0.999,0.55789,0.28565,535.6,487.6,0.999,0.55823,0.28535,535.9,487.1,0.999,0.55952,0.28553,537.1,487.4,0.999,0.56198,0.28469,539.5,486.0,0.999,0.56422,0.28379,541.7,484.4,0.999,0.57026,0.28333,547.4,483.6,1.0,0.5779,0.28116,554.8,479.9,0.998,0.56203,0.29681,539.5,506.7,0.999,0.56491,0.29658,542.3,506.3,0.997,0.5829,0.29985,559.6,511.8,1.0,0.63672,0.30097,611.2,513.7,0.998,0.54672,0.34227,524.9,584.3,0.973,0.64314,0.34073,617.4,581.6,0.017,0.48665,0.33843,467.2,577.7,0.933,0.6032,0.355,579.1,606.0,0.013,0.46912,0.3425,450.4,584.6,0.923,0.59611,0.3597,572.3,614.0,0.024,0.4738,0.33518,454.8,572.1,0.922,0.58417,0.35801,560.8,611.1,0.023,0.47983,0.33421,460.6,570.5,0.87,0.58539,0.35797,562.0,611.1,0.027,0.61496,0.41119,590.4,701.9,1.0,0.64196,0.40448,616.3,690.4,0.999,0.53712,0.48056,515.6,820.3,0.961,0.52616,0.40778,505.1,696.1,0.194,0.51811,0.55477,497.4,947.0,0.984,0.58835,0.46674,564.8,796.7,0.331,0.5303,0.56756,509.1,968.8,0.977,0.60467,0.47477,580.5,810.4,0.58,0.46381,0.57078,445.3,974.3,0.955,0.56619,0.4895,543.5,835.6,0.259
891,24.607,960,1707,0.553,0.28603,530.9,488.3,0.999,0.55421,0.28041,532.0,478.7,0.999,0.55507,0.27986,532.9,477.7,0.999,0.55558,0.27943,533.4,477.0,0.999,0.55649,0.27998,534.2,477.9,0.999,0.55909,0.27903,536.7,476.3,0.999,0.56142,0.27804,539.0,474.6,0.999,0.56936,0.27679,546.6,472.5,1.0,0.57596,0.27468,552.9,468.9,0.998,0.56029,0.28981,537.9,494.7,0.999,0.56299,0.28955,540.5,494.3,0.997,0.58307,0.29338,559.7,500.8,1.0,0.63737,0.29345,611.9,500.9,0.998,0.54764,0.33815,525.7,577.2,0.973,0.64876,0.33617,622.8,573.8,0.016,0.48726,0.33843,467.8,577.7,0.934,0.61375,0.35318,589.2,602.9,0.012,0.46941,0.34382,450.6,586.9,0.926,0.60813,0.35656,583.8,608.6,0.023,0.47382,0.336,454.9,573.5,0.925,0.59528,0.35512,571.5,606.2,0.022,0.47983,0.33446,460.6,570.9,0.874,0.59595,0.35484,572.1,605.7,0.026,0.62335,0.39943,598.4,681.8,1.0,0.64312,0.39198,617.4,669.1,0.999,0.53872,0.46539,517.2,794.4,0.959,0.52949,0.40695,508.3,694.7,0.191,0.51604,0.54595,495.4,931.9,0.983,0.58965,0.46673,566.1,796.7,0.328,0.5303,0.55674,509.1,950.4,0.976,0.60628,0.47493,582.0,810.7,0.577,0.46236,0.56658,443.9,967.2,0.956,0.56621,0.49054,543.6,837.3,0.262
892,24.635,960,1707,0.55193,0.28201,529.9,481.4,0.999,0.55311,0.27594,531.0,471.0,0.999,0.55406,0.27516,531.9,469.7,0.999,0.55468,0.27453,532.5,468.6,0.999,0.55505,0.2759,532.8,471.0,0.999,0.55742,0.27498,535.1,469.4,0.999,0.55952,0.27402,537.1,467.8,0.999,0.56902,0.2716,546.3,463.6,1.0,0.57386,0.27027,550.9,461.4,0.999,0.55969,0.2856,537.3,487.5,0.999,0.56208,0.28567,539.6,487.6,0.997,0.58577,0.28706,562.3,490.0,1.0,0.63965,0.28747,614.1,490.7,0.998,0.553,0.33334,530.9,569.0,0.973,0.65484,0.33077,628.6,564.6,0.014,0.48726,0.33819,467.8,577.3,0.938,0.627,0.35284,601.9,602.3,0.012,0.46944,0.3441,450.7,587.4,0.93,0.6211,0.35794,596.3,611.0,0.023,0.47305,0.33615,454.1,573.8,0.928,0.6093,0.35732,584.9,610.0,0.022,0.47932,0.33444,460.1,570.9,0.879,0.61044,0.35614,586.0,607.9,0.026,0.62963,0.38997,604.4,665.7,1.0,0.6504,0.38642,624.4,659.6,0.999,0.53835,0.46068,516.8,786.4,0.96,0.52477,0.40651,503.8,693.9,0.206,0.51248,0.54095,492.0,923.4,0.984,0.58942,0.4679,565.8,798.7,0.335,0.52936,0.55385,508.2,945.4,0.976,0.60633,0.47518,582.1,811.1,0.585,0.45406,0.56277,435.9,960.6,0.958,0.55504,0.49589,532.8,846.5,0.279
893,24.662,960,1707,0.55185,0.28067,529.8,479.1,0.999,0.55228,0.27464,530.2,468.8,0.999,0.5532,0.27384,531.1,467.5,0.999,0.55389,0.27315,531.7,466.3,1.0,0.55374,0.27454,531.6,468.6,0.999,0.55576,0.27356,533.5,467.0,0.999,0.55761,0.27249,535.3,465.1,0.999,0.56884,0.26925,546.1,459.6,1.0,0.57231,0.26809,549.4,457.6,0.999,0.55983,0.28363,537.4,484.2,0.999,0.56207,0.2837,539.6,484.3,0.997,0.58763,0.28445,564.1,485.6,1.0,0.63957,0.28451,614.0,485.7,0.998,0.55218,0.33208,530.1,566.9,0.974,0.65639,0.32792,630.1,559.8,0.013,0.48853,0.33784,469.0,576.7,0.94,0.62155,0.35215,596.7,601.1,0.012,0.47069,0.34403,451.9,587.3,0.933,0.6145,0.35694,589.9,609.3,0.023,0.47316,0.33608,454.2,573.7,0.931,0.60162,0.35534,577.6,606.6,0.022,0.47964,0.33394,460.5,570.0,0.883,0.60446,0.3553,580.3,606.5,0.026,0.63098,0.38885,605.7,663.8,1.0,0.65395,0.38462,627.8,656.5,0.999,0.53801,0.45789,516.5,781.6,0.958,0.52638,0.40753,505.3,695.7,0.204,0.51014,0.53909,489.7,920.2,0.984,0.58957,0.46803,566.0,798.9,0.332,0.52638,0.55313,505.3,944.2,0.976,0.60785,0.47482,583.5,810.5,0.588,0.44753,0.5587,429.6,953.7,0.959,0.55573,0.49546,533.5,845.8,0.283
894,24.69,960,1707,0.55226,0.27765,530.2,474.0,0.999,0.5525,0.27153,530.4,463.5,0.999,0.55333,0.27071,531.2,462.1,0.999,0.55397,0.27002,531.8,460.9,1.0,0.554,0.27148,531.8,463.4,0.999,0.55596,0.27052,533.7,461.8,0.999,0.55775,0.26948,535.4,460.0,0.999,0.56882,0.26598,546.1,454.0,1.0,0.57221,0.26484,549.3,452.1,0.999,0.55986,0.28046,537.5,478.8,0.999,0.56232,0.28048,539.8,478.8,0.997,0.58803,0.28126,564.5,480.1,1.0,0.64054,0.28227,614.9,481.8,0.998,0.55402,0.3309,531.9,564.8,0.973,0.65895,0.32916,632.6,561.9,0.012,0.48945,0.33784,469.9,576.7,0.941,0.63944,0.357,613.9,609.4,0.012,0.4719,0.34442,453.0,587.9,0.934,0.63566,0.36503,610.2,623.1,0.022,0.47318,0.33647,454.2,574.4,0.932,0.62304,0.36462,598.1,622.4,0.021,0.47991,0.33397,460.7,570.1,0.884,0.62329,0.36268,598.4,619.1,0.025,0.63219,0.38425,606.9,655.9,1.0,0.66039,0.38248,634.0,652.9,0.999,0.53629,0.45272,514.8,772.8,0.956,0.53337,0.40888,512.0,698.0,0.198,0.51011,0.53481,489.7,912.9,0.983,0.58877,0.46904,565.2,800.6,0.322,0.52601,0.55102,505.0,940.6,0.975,0.6073,0.47611,583.0,812.7,0.582,0.44658,0.55373,428.7,945.2,0.958,0.5523,0.49462,530.2,844.3,0.281
895,24.718,960,1707,0.55256,0.27592,530.5,471.0,0.999,0.55267,0.26944,530.6,459.9,0.999,0.55348,0.26854,531.3,458.4,0.999,0.55409,0.26778,531.9,457.1,1.0,0.55417,0.26937,532.0,459.8,0.999,0.55612,0.26835,533.9,458.1,0.999,0.55788,0.26727,535.6,456.2,0.999,0.56884,0.26323,546.1,449.3,1.0,0.57226,0.26214,549.4,447.5,0.999,0.56025,0.27836,537.8,475.2,0.999,0.56241,0.27843,539.9,475.3,0.998,0.58744,0.27799,563.9,474.5,1.0,0.64242,0.28009,616.7,478.1,0.998,0.55695,0.32802,534.7,559.9,0.973,0.66418,0.32457,637.6,554.0,0.011,0.4906,0.33757,471.0,576.2,0.943,0.64224,0.35621,616.5,608.1,0.011,0.4731,0.3444,454.2,587.9,0.936,0.63896,0.36425,613.4,621.8,0.021,0.47353,0.33674,454.6,574.8,0.935,0.62705,0.36401,602.0,621.4,0.02,0.48051,0.33407,461.3,570.3,0.888,0.62696,0.36199,601.9,617.9,0.024,0.63155,0.38179,606.3,651.7,1.0,0.66481,0.38136,638.2,651.0,0.999,0.53301,0.44584,511.7,761.0,0.951,0.54007,0.40863,518.5,697.5,0.193,0.51014,0.52823,489.7,901.7,0.981,0.58877,0.46906,565.2,800.7,0.315,0.52604,0.5428,505.0,926.6,0.972,0.60668,0.47714,582.4,814.5,0.578,0.44672,0.54697,428.8,933.7,0.956,0.55056,0.49259,528.5,840.8,0.282
896,24.745,960,1707,0.55242,0.27175,530.3,463.9,0.999,0.55258,0.26537,530.5,453.0,0.999,0.5535,0.26446,531.4,451.4,1.0,0.55419,0.26366,532.0,450.1,1.0,0.5538,0.26561,531.6,453.4,0.999,0.55565,0.26484,533.4,452.1,0.999,0.55735,0.26401,535.1,450.7,0.999,0.56889,0.25968,546.1,443.3,1.0,0.57215,0.25913,549.3,442.3,0.999,0.56035,0.27464,537.9,468.8,0.999,0.56255,0.27498,540.1,469.4,0.998,0.58649,0.27556,563.0,470.4,1.0,0.64521,0.27828,619.4,475.0,0.998,0.55656,0.32627,534.3,556.9,0.973,0.66622,0.32166,639.6,549.1,0.01,0.49191,0.33757,472.2,576.2,0.944,0.64364,0.3541,617.9,604.4,0.011,0.47433,0.34466,455.4,588.3,0.938,0.64084,0.36317,615.2,619.9,0.021,0.47475,0.33773,455.8,576.5,0.937,0.62922,0.36126,604.1,616.7,0.02,0.48208,0.33483,462.8,571.6,0.89,0.62873,0.36036,603.6,615.1,0.023,0.63022,0.37752,605.0,644.4,1.0,0.66512,0.37877,638.5,646.6,0.999,0.52965,0.44062,508.5,752.1,0.949,0.56184,0.40966,539.4,699.3,0.188,0.51024,0.52294,489.8,892.7,0.981,0.58836,0.47048,564.8,803.1,0.322,0.52609,0.53765,505.1,917.8,0.972,0.60387,0.48062,579.7,820.4,0.585,0.44705,0.54028,429.2,922.2,0.957,0.54861,0.49246,526.7,840.6,0.296
897,24.773,960,1707,0.55185,0.26921,529.8,459.5,0.999,0.55216,0.26257,530.1,448.2,0.999,0.5532,0.26159,531.1,446.5,1.0,0.55403,0.26071,531.9,445.0,1.0,0.55328,0.2629,531.1,448.8,0.999,0.55518,0.26213,533.0,447.5,0.999,0.55697,0.26127,534.7,446.0,0.999,0.56881,0.25721,546.1,439.1,1.0,0.57199,0.25676,549.1,438.3,0.999,0.56036,0.27188,537.9,464.1,0.999,0.5625,0.27224,540.0,464.7,0.998,0.58474,0.27445,561.4,468.5,1.0,0.64846,0.27788,622.5,474.3,0.999,0.5568,0.32513,534.5,555.0,0.973,0.67114,0.32358,644.3,552.4,0.01,0.49231,0.33696,472.6,575.2,0.947,0.65358,0.35473,627.4,605.5,0.011,0.47505,0.3448,456.1,588.6,0.941,0.65075,0.36331,624.7,620.2,0.02,0.47541,0.33787,456.4,576.7,0.94,0.63811,0.36182,612.6,617.6,0.019,0.48291,0.33486,463.6,571.6,0.895,0.63722,0.36117,611.7,616.5,0.022,0.63,0.3751,604.8,640.3,1.0,0.66877,0.37686,642.0,643.3,0.999,0.52657,0.43535,505.5,743.1,0.948,0.57026,0.41036,547.5,700.5,0.184,0.50921,0.51901,488.8,885.9,0.981,0.58715,0.471,563.7,804.0,0.337,0.52458,0.53373,503.6,911.1,0.973,0.5976,0.48334,573.7,825.1,0.597,0.44345,0.53334,425.7,910.4,0.959,0.54277,0.49155,521.1,839.1,0.314
898,24.8,960,1707,0.55173,0.26675,529.7,455.3,0.999,0.55225,0.2601,530.2,444.0,0.999,0.55328,0.25915,531.2,442.4,1.0,0.5541,0.25833,531.9,441.0,1.0,0.55339,0.26027,531.3,444.3,0.999,0.55531,0.25941,533.1,442.8,0.999,0.5571,0.25847,534.8,441.2,0.999,0.56872,0.25516,546.0,435.6,1.0,0.57199,0.25444,549.1,434.3,0.999,0.56038,0.26931,538.0,459.7,0.999,0.56246,0.26956,540.0,460.1,0.998,0.58361,0.27242,560.3,465.0,1.0,0.64923,0.27484,623.3,469.1,0.999,0.55695,0.3238,534.7,552.7,0.974,0.67342,0.32476,646.5,554.4,0.01,0.49246,0.33689,472.8,575.1,0.95,0.68199,0.36567,654.7,624.2,0.013,0.47549,0.3454,456.5,589.6,0.945,0.69295,0.38017,665.2,648.9,0.024,0.47555,0.33783,456.5,576.7,0.944,0.68475,0.37971,657.4,648.2,0.023,0.48312,0.33482,463.8,571.5,0.9,0.6815,0.37618,654.2,642.1,0.025,0.63136,0.37451,606.1,639.3,1.0,0.67104,0.37645,644.2,642.6,0.999,0.5241,0.42905,503.1,732.4,0.951,0.57093,0.41004,548.1,699.9,0.195,0.50651,0.51358,486.2,876.7,0.982,0.58755,0.47093,564.0,803.9,0.379,0.51826,0.52805,497.5,901.4,0.974,0.59784,0.48283,573.9,824.2,0.624,0.44111,0.52101,423.5,889.4,0.961,0.54271,0.48829,521.0,833.5,0.356
899,24.828,960,1707,0.55184,0.26495,529.8,452.3,0.999,0.55251,0.25822,530.4,440.8,0.999,0.5536,0.25726,531.5,439.1,1.0,0.55444,0.25648,532.3,437.8,1.0,0.55359,0.25846,531.4,441.2,0.999,0.55548,0.25763,533.3,439.8,0.999,0.5572,0.25677,534.9,438.3,0.999,0.5688,0.25348,546.1,432.7,1.0,0.57214,0.25286,549.3,431.6,0.999,0.56075,0.2674,538.3,456.4,0.999,0.56275,0.26771,540.2,457.0,0.998,0.58348,0.26944,560.1,459.9,1.0,0.65122,0.27363,625.2,467.1,0.999,0.5592,0.3216,536.8,549.0,0.974,0.67422,0.32435,647.3,553.7,0.009,0.49173,0.337,472.1,575.3,0.952,0.67295,0.36437,646.0,622.0,0.012,0.47537,0.3476,456.4,593.4,0.947,0.67486,0.37539,647.9,640.8,0.023,0.47432,0.33897,455.3,578.6,0.946,0.66407,0.37518,637.5,640.4,0.022,0.48141,0.33529,462.2,572.3,0.903,0.66205,0.37226,635.6,635.4,0.024,0.63201,0.37023,606.7,632.0,1.0,0.67421,0.37341,647.2,637.4,0.999,0.52263,0.42521,501.7,725.8,0.95,0.57166,0.41179,548.8,702.9,0.203,0.50115,0.51001,481.1,870.6,0.983,0.58783,0.47128,564.3,804.5,0.409,0.50987,0.52535,489.5,896.8,0.975,0.5995,0.48315,575.5,824.7,0.643,0.43846,0.51505,420.9,879.2,0.962,0.54249,0.48827,520.8,833.5,0.386
900,24.856,960,1707,0.55193,0.26384,529.9,450.4,1.0,0.55247,0.25739,530.4,439.4,1.0,0.55361,0.2565,531.5,437.9,1.0,0.55448,0.25577,532.3,436.6,1.0,0.55341,0.25766,531.3,439.8,0.999,0.55528,0.25697,533.1,438.7,0.999,0.55699,0.25625,534.7,437.4,0.999,0.56877,0.25265,546.0,431.3,1.0,0.57197,0.25223,549.1,430.6,0.999,0.56079,0.26603,538.4,454.1,0.999,0.5628,0.26649,540.3,454.9,0.998,0.58327,0.26781,559.9,457.1,1.0,0.65315,0.27203,627.0,464.4,0.999,0.55949,0.32009,537.1,546.4,0.975,0.67657,0.32385,649.5,552.8,0.009,0.49355,0.33701,473.8,575.3,0.955,0.67282,0.36331,645.9,620.2,0.012,0.47706,0.34911,458.0,595.9,0.951,0.67355,0.37324,646.6,637.1,0.022,0.47493,0.34086,455.9,581.8,0.95,0.66276,0.37301,636.3,636.7,0.021,0.48248,0.33636,463.2,574.2,0.909,0.66057,0.37026,634.2,632.0,0.023,0.63335,0.36703,608.0,626.5,1.0,0.67571,0.371,648.7,633.3,0.999,0.52097,0.42205,500.1,720.4,0.95,0.56859,0.41426,545.8,707.1,0.213,0.4978,0.50525,477.9,862.5,0.983,0.58805,0.47409,564.5,809.3,0.433,0.50716,0.52182,486.9,890.7,0.976,0.59981,0.48701,575.8,831.3,0.656,0.43606,0.51047,418.6,871.4,0.963,0.5402,0.48986,518.6,836.2,0.41
901,24.883,960,1707,0.55228,0.26279,530.2,448.6,1.0,0.55256,0.25618,530.5,437.3,1.0,0.55378,0.25518,531.6,435.6,1.0,0.55474,0.25432,532.6,434.1,1.0,0.55348,0.25661,531.3,438.0,0.999,0.55537,0.25595,533.2,436.9,1.0,0.55709,0.25523,534.8,435.7,0.999,0.56907,0.25102,546.3,428.5,1.0,0.57211,0.25093,549.2,428.3,0.999,0.56135,0.26467,538.9,451.8,0.999,0.56322,0.26532,540.7,452.9,0.998,0.58326,0.26498,559.9,452.3,1.0,0.65495,0.27098,628.7,462.6,0.999,0.55885,0.31886,536.5,544.3,0.976,0.67778,0.32399,650.7,553.1,0.008,0.49309,0.33699,473.4,575.3,0.957,0.67639,0.36376,649.3,620.9,0.012,0.47577,0.34887,456.7,595.5,0.953,0.67795,0.37361,650.8,637.8,0.022,0.4746,0.3404,455.6,581.1,0.952,0.66763,0.37318,640.9,637.0,0.021,0.48242,0.33626,463.1,574.0,0.911,0.66508,0.37022,638.5,632.0,0.023,0.63364,0.36357,608.3,620.6,1.0,0.67673,0.36929,649.7,630.4,0.999,0.51946,0.41778,498.7,713.1,0.949,0.56773,0.41495,545.0,708.3,0.226,0.48618,0.49925,466.7,852.2,0.983,0.58834,0.474,564.8,809.1,0.459,0.49547,0.51493,475.7,879.0,0.976,0.59995,0.48709,576.0,831.5,0.671,0.42656,0.50265,409.5,858.0,0.963,0.53968,0.49083,518.1,837.8,0.434
902,24.911,960,1707,0.55234,0.26228,530.2,447.7,1.0,0.55258,0.2553,530.5,435.8,1.0,0.55379,0.25417,531.6,433.9,1.0,0.55477,0.25322,532.6,432.2,1.0,0.55351,0.25592,531.4,436.8,1.0,0.5554,0.25535,533.2,435.9,1.0,0.55715,0.25469,534.9,434.8,1.0,0.56907,0.24978,546.3,426.4,1.0,0.57209,0.25024,549.2,427.2,0.999,0.56139,0.26415,538.9,450.9,0.999,0.56325,0.26488,540.7,452.1,0.999,0.58369,0.26351,560.3,449.8,1.0,0.6548,0.27058,628.6,461.9,0.999,0.55856,0.31764,536.2,542.2,0.977,0.67572,0.32439,648.7,553.7,0.008,0.49284,0.33701,473.1,575.3,0.96,0.66341,0.36305,636.9,619.7,0.012,0.47578,0.34927,456.7,596.2,0.955,0.65805,0.3721,631.7,635.2,0.022,0.47399,0.3404,455.0,581.1,0.954,0.64483,0.37174,619.0,634.6,0.021,0.48102,0.33626,461.8,574.0,0.914,0.64497,0.36909,619.2,630.0,0.022,0.6352,0.35948,609.8,613.6,1.0,0.67907,0.36739,651.9,627.1,1.0,0.51635,0.41202,495.7,703.3,0.947,0.56633,0.41441,543.7,707.4,0.235,0.47944,0.49363,460.3,842.6,0.983,0.58883,0.47514,565.3,811.1,0.48,0.48866,0.50987,469.1,870.4,0.976,0.60266,0.48786,578.6,832.8,0.684,0.41767,0.49654,401.0,847.6,0.964,0.54039,0.49221,518.8,840.2,0.455
903,24.939,960,1707,0.55266,0.26292,530.6,448.8,1.0,0.55267,0.25597,530.6,436.9,1.0,0.55383,0.25497,531.7,435.2,1.0,0.55479,0.25408,532.6,433.7,1.0,0.55365,0.25657,531.5,438.0,1.0,0.55548,0.25613,533.3,437.2,1.0,0.55717,0.25558,534.9,436.3,1.0,0.56908,0.24984,546.3,426.5,1.0,0.57213,0.25102,549.2,428.5,0.999,0.56143,0.26444,539.0,451.4,0.999,0.56327,0.26511,540.7,452.5,0.999,0.5843,0.26249,560.9,448.1,1.0,0.65485,0.27073,628.7,462.1,0.999,0.55887,0.31529,536.5,538.2,0.978,0.67578,0.32446,648.7,553.9,0.008,0.49246,0.33702,472.8,575.3,0.963,0.64902,0.36282,623.1,619.3,0.011,0.47633,0.34917,457.3,596.0,0.958,0.64001,0.3718,614.4,634.7,0.021,0.47399,0.34122,455.0,582.5,0.957,0.62338,0.37118,598.4,633.6,0.019,0.4806,0.337,461.4,575.3,0.919,0.6285,0.3674,603.4,627.2,0.021,0.6362,0.3589,610.8,612.6,1.0,0.68066,0.3669,653.4,626.3,1.0,0.51379,0.40527,493.2,691.8,0.949,0.56517,0.41403,542.6,706.7,0.269,0.47433,0.48484,455.4,827.6,0.984,0.58936,0.47511,565.8,811.0,0.517,0.48317,0.50136,463.8,855.8,0.978,0.60651,0.48758,582.2,832.3,0.707,0.40886,0.49113,392.5,838.4,0.966,0.54075,0.49234,519.1,840.4,0.491
904,24.966,960,1707,0.55286,0.26174,530.7,446.8,1.0,0.55269,0.25507,530.6,435.4,1.0,0.55386,0.25401,531.7,433.6,1.0,0.5548,0.25302,532.6,431.9,1.0,0.55376,0.25559,531.6,436.3,1.0,0.55562,0.25501,533.4,435.3,1.0,0.55733,0.25431,535.0,434.1,1.0,0.56903,0.24854,546.3,424.3,1.0,0.57217,0.24951,549.3,425.9,0.999,0.5615,0.26311,539.0,449.1,0.999,0.56346,0.26366,540.9,450.1,0.999,0.5847,0.2608,561.3,445.2,1.0,0.65441,0.26814,628.2,457.7,0.999,0.5596,0.31339,537.2,535.0,0.98,0.67513,0.32413,648.1,553.3,0.008,0.49251,0.33622,472.8,573.9,0.965,0.63617,0.36078,610.7,615.9,0.011,0.47654,0.34738,457.5,593.0,0.96,0.62501,0.36944,600.0,630.6,0.02,0.47416,0.3403,455.2,580.9,0.959,0.61084,0.36714,586.4,626.7,0.018,0.4806,0.33648,461.4,574.4,0.922,0.61324,0.36397,588.7,621.3,0.02,0.6362,0.35552,610.8,606.9,1.0,0.68074,0.36441,653.5,622.1,1.0,0.51043,0.39983,490.0,682.5,0.951,0.56133,0.41206,538.9,703.4,0.3,0.4654,0.47839,446.8,816.6,0.985,0.59002,0.47497,566.4,810.8,0.553,0.47382,0.49657,454.9,847.7,0.979,0.61034,0.48599,585.9,829.6,0.729,0.39949,0.48069,383.5,820.5,0.968,0.54121,0.49225,519.6,840.3,0.524
905,24.994,960,1707,0.55304,0.26029,530.9,444.3,1.0,0.55274,0.25404,530.6,433.6,1.0,0.55387,0.25285,531.7,431.6,1.0,0.55482,0.25171,532.6,429.7,1.0,0.55394,0.2548,531.8,434.9,1.0,0.55581,0.2543,533.6,434.1,1.0,0.55754,0.25368,535.2,433.0,1.0,0.56903,0.24676,546.3,421.2,1.0,0.57221,0.24876,549.3,424.6,0.999,0.56157,0.26123,539.1,445.9,0.999,0.56359,0.26196,541.0,447.2,0.999,0.58535,0.25813,561.9,440.6,1.0,0.65431,0.26657,628.1,455.0,0.999,0.56086,0.31102,538.4,530.9,0.981,0.67498,0.32299,648.0,551.3,0.008,0.49247,0.33538,472.8,572.5,0.967,0.63772,0.35948,612.2,613.6,0.011,0.47712,0.34708,458.0,592.5,0.962,0.62844,0.3683,603.3,628.7,0.019,0.47419,0.34037,455.2,581.0,0.961,0.61613,0.36637,591.5,625.4,0.018,0.48039,0.33659,461.2,574.6,0.924,0.61799,0.36308,593.3,619.8,0.019,0.63602,0.35444,610.6,605.0,1.0,0.68046,0.36364,653.2,620.7,1.0,0.50845,0.39627,488.1,676.4,0.953,0.56087,0.40995,538.4,699.8,0.337,0.45822,0.47201,439.9,805.7,0.986,0.59098,0.47488,567.3,810.6,0.588,0.4662,0.49027,447.6,836.9,0.981,0.6135,0.4858,589.0,829.3,0.751,0.39443,0.47458,378.6,810.1,0.97,0.54127,0.49148,519.6,838.9,0.559
906,25.021,960,1707,0.55327,0.25987,531.1,443.6,1.0,0.55275,0.25344,530.6,432.6,1.0,0.55389,0.25235,531.7,430.8,1.0,0.55483,0.25133,532.6,429.0,1.0,0.55396,0.25403,531.8,433.6,1.0,0.55587,0.25346,533.6,432.7,1.0,0.55761,0.25285,535.3,431.6,1.0,0.56869,0.24635,545.9,420.5,1.0,0.572,0.24788,549.1,423.1,0.999,0.56187,0.26073,539.4,445.1,0.999,0.56384,0.26128,541.3,446.0,0.998,0.58618,0.257,562.7,438.7,1.0,0.65428,0.26457,628.1,451.6,0.999,0.56155,0.30999,539.1,529.2,0.979,0.67461,0.32134,647.6,548.5,0.008,0.49331,0.33424,473.6,570.5,0.965,0.64089,0.35725,615.3,609.8,0.01,0.47786,0.34451,458.7,588.1,0.96,0.63481,0.36508,609.4,623.2,0.018,0.47603,0.33762,457.0,576.3,0.959,0.62181,0.3642,596.9,621.7,0.017,0.48198,0.3347,462.7,571.3,0.919,0.62211,0.36154,597.2,617.2,0.019,0.6365,0.352,611.0,600.9,1.0,0.68161,0.36206,654.3,618.0,1.0,0.50485,0.3927,484.7,670.3,0.951,0.55806,0.40931,535.7,698.7,0.357,0.44808,0.46643,430.2,796.2,0.986,0.59125,0.47473,567.6,810.4,0.613,0.4537,0.48407,435.5,826.3,0.981,0.61521,0.48578,590.6,829.2,0.764,0.3849,0.46357,369.5,791.3,0.97,0.54184,0.49155,520.2,839.1,0.579
907,25.049,960,1707,0.55356,0.25857,531.4,441.4,1.0,0.55278,0.25176,530.7,429.8,1.0,0.55391,0.25064,531.8,427.8,1.0,0.55484,0.24959,532.6,426.1,1.0,0.55405,0.25239,531.9,430.8,1.0,0.55593,0.25181,533.7,429.8,1.0,0.55765,0.2512,535.3,428.8,1.0,0.56859,0.24447,545.8,417.3,1.0,0.57202,0.24616,549.1,420.2,0.999,0.56202,0.2595,539.5,443.0,0.999,0.56408,0.26005,541.5,443.9,0.998,0.58657,0.25559,563.1,436.3,1.0,0.65415,0.26328,628.0,449.4,0.999,0.56203,0.30853,539.6,526.7,0.98,0.67525,0.31979,648.2,545.9,0.008,0.49307,0.33434,473.3,570.7,0.965,0.63713,0.35726,611.6,609.8,0.01,0.47784,0.34459,458.7,588.2,0.959,0.62808,0.36515,603.0,623.3,0.017,0.47602,0.33767,457.0,576.4,0.958,0.61698,0.36424,592.3,621.7,0.016,0.4816,0.33475,462.3,571.4,0.916,0.6191,0.3616,594.3,617.2,0.017,0.63571,0.34918,610.3,596.1,1.0,0.68168,0.35987,654.4,614.3,1.0,0.50039,0.38658,480.4,659.9,0.947,0.55865,0.40794,536.3,696.3,0.377,0.43852,0.45833,421.0,782.4,0.986,0.59208,0.47685,568.4,814.0,0.638,0.44357,0.47384,425.8,808.8,0.981,0.61519,0.48852,590.6,833.9,0.78,0.37807,0.45533,362.9,777.2,0.969,0.54355,0.49207,521.8,840.0,0.6
908,25.077,960,1707,0.55392,0.25712,531.8,438.9,0.999,0.55299,0.25049,530.9,427.6,1.0,0.55404,0.24947,531.9,425.8,1.0,0.55491,0.24854,532.7,424.3,1.0,0.55431,0.251,532.1,428.5,1.0,0.55613,0.25045,533.9,427.5,0.999,0.55779,0.24988,535.5,426.6,1.0,0.56852,0.24352,545.8,415.7,1.0,0.57205,0.24493,549.2,418.1,0.999,0.56211,0.25822,539.6,440.8,0.999,0.56419,0.25865,541.6,441.5,0.998,0.58658,0.25436,563.1,434.2,1.0,0.6541,0.26288,627.9,448.7,0.999,0.56229,0.30615,539.8,522.6,0.98,0.6745,0.31997,647.5,546.2,0.007,0.49298,0.33469,473.3,571.3,0.965,0.62793,0.35929,602.8,613.3,0.009,0.47846,0.34528,459.3,589.4,0.96,0.61778,0.36818,593.1,628.5,0.016,0.47564,0.33927,456.6,579.1,0.958,0.6061,0.36714,581.9,626.7,0.015,0.48051,0.33686,461.3,575.0,0.916,0.60877,0.36371,584.4,620.8,0.016,0.63503,0.34706,609.6,592.4,1.0,0.68115,0.35907,653.9,612.9,1.0,0.4994,0.37952,479.4,647.8,0.947,0.55932,0.40562,536.9,692.4,0.399,0.43136,0.4482,414.1,765.1,0.987,0.59204,0.47646,568.4,813.3,0.665,0.43352,0.46554,416.2,794.7,0.982,0.61537,0.4881,590.8,833.2,0.796,0.36859,0.44466,353.8,759.0,0.97,0.54538,0.49238,523.6,840.5,0.626
909,25.104,960,1707,0.55497,0.25574,532.8,436.6,0.999,0.5541,0.24916,531.9,425.3,1.0,0.5551,0.24813,532.9,423.5,1.0,0.55593,0.24718,533.7,421.9,1.0,0.55534,0.24988,533.1,426.5,1.0,0.55708,0.24945,534.8,425.8,0.999,0.55864,0.24901,536.3,425.1,1.0,0.56924,0.24247,546.5,413.9,1.0,0.57244,0.24438,549.5,417.2,0.999,0.56287,0.25698,540.4,438.7,0.999,0.56482,0.25751,542.2,439.6,0.998,0.58686,0.25347,563.4,432.7,1.0,0.65407,0.26276,627.9,448.5,0.999,0.56217,0.30585,539.7,522.1,0.978,0.66657,0.32042,639.9,546.9,0.007,0.49282,0.33479,473.1,571.5,0.959,0.62284,0.36187,597.9,617.7,0.009,0.47842,0.34533,459.3,589.5,0.952,0.61416,0.37054,589.6,632.5,0.015,0.47537,0.33945,456.4,579.4,0.95,0.60336,0.37014,579.2,631.8,0.014,0.48025,0.33745,461.0,576.0,0.902,0.60575,0.36696,581.5,626.4,0.016,0.63442,0.34438,609.0,587.9,1.0,0.68084,0.35859,653.6,612.1,1.0,0.49798,0.37184,478.1,634.7,0.946,0.56001,0.40359,537.6,688.9,0.428,0.42372,0.44016,406.8,751.4,0.986,0.59135,0.47712,567.7,814.4,0.69,0.42298,0.4584,406.1,782.5,0.981,0.61491,0.48922,590.3,835.1,0.81,0.36123,0.43373,346.8,740.4,0.969,0.54645,0.49573,524.6,846.2,0.649
910,25.132,960,1707,0.55523,0.25501,533.0,435.3,0.999,0.55445,0.24828,532.3,423.8,1.0,0.55539,0.24727,533.2,422.1,1.0,0.55619,0.24637,533.9,420.6,1.0,0.5557,0.24901,533.5,425.1,1.0,0.55742,0.2486,535.1,424.4,0.999,0.55899,0.2482,536.6,423.7,1.0,0.56925,0.24205,546.5,413.2,1.0,0.57246,0.24394,549.6,416.4,0.999,0.56307,0.25608,540.5,437.1,0.999,0.56505,0.25669,542.4,438.2,0.998,0.587,0.25236,563.5,430.8,1.0,0.654,0.2627,627.8,448.4,0.999,0.56244,0.3046,539.9,519.9,0.98,0.6704,0.31998,643.6,546.2,0.007,0.49431,0.33531,474.5,572.4,0.961,0.62646,0.36031,601.4,615.1,0.008,0.47897,0.34535,459.8,589.5,0.953,0.61851,0.36897,593.8,629.8,0.014,0.47536,0.33889,456.3,578.5,0.95,0.60714,0.36761,582.9,627.5,0.013,0.48031,0.3373,461.1,575.8,0.902,0.6092,0.36392,584.8,621.2,0.015,0.63449,0.34113,609.1,582.3,1.0,0.6806,0.35765,653.4,610.5,1.0,0.49847,0.36318,478.5,620.0,0.947,0.56035,0.40272,537.9,687.4,0.467,0.4207,0.43173,403.9,737.0,0.987,0.59196,0.47994,568.3,819.2,0.716,0.41986,0.44982,403.1,767.8,0.982,0.61502,0.49118,590.4,838.4,0.826,0.35738,0.42366,343.1,723.2,0.969,0.55561,0.50335,533.4,859.2,0.675
911,25.159,960,1707,0.55702,0.25487,534.7,435.1,0.999,0.55618,0.24847,533.9,424.1,0.999,0.55705,0.24752,534.8,422.5,0.999,0.55781,0.24665,535.5,421.0,1.0,0.55757,0.24902,535.3,425.1,0.999,0.55932,0.24858,536.9,424.3,0.999,0.56091,0.24816,538.5,423.6,0.999,0.56983,0.24238,547.0,413.7,1.0,0.57314,0.24397,550.2,416.5,0.999,0.5648,0.25562,542.2,436.3,0.999,0.56693,0.25616,544.2,437.3,0.997,0.58737,0.25093,563.9,428.3,1.0,0.65411,0.26174,627.9,446.8,0.999,0.56247,0.30384,540.0,518.7,0.979,0.67147,0.31729,644.6,541.6,0.006,0.4957,0.33533,475.9,572.4,0.96,0.62836,0.35284,603.2,602.3,0.008,0.47901,0.34489,459.8,588.7,0.952,0.62082,0.3595,596.0,613.7,0.014,0.47559,0.33731,456.6,575.8,0.949,0.60869,0.35976,584.3,614.1,0.013,0.48185,0.33588,462.6,573.3,0.899,0.61042,0.35601,586.0,607.7,0.015,0.63447,0.34026,609.1,580.8,1.0,0.68045,0.35676,653.2,609.0,1.0,0.49889,0.35607,478.9,607.8,0.947,0.56098,0.40275,538.5,687.5,0.491,0.41609,0.42014,399.4,717.2,0.986,0.59192,0.47937,568.2,818.3,0.737,0.4136,0.43829,397.1,748.2,0.981,0.61419,0.49052,589.6,837.3,0.837,0.35746,0.41329,343.2,705.5,0.968,0.55442,0.50098,532.2,855.2,0.693
912,25.187,960,1707,0.55925,0.25467,536.9,434.7,0.999,0.55773,0.2481,535.4,423.5,0.999,0.55844,0.24723,536.1,422.0,0.999,0.55909,0.24646,536.7,420.7,1.0,0.55952,0.2484,537.1,424.0,0.999,0.56141,0.24789,538.9,423.2,0.999,0.5631,0.2474,540.6,422.3,0.999,0.57069,0.2423,547.9,413.6,1.0,0.57504,0.24316,552.0,415.1,0.998,0.5671,0.25545,544.4,436.0,0.999,0.5696,0.25588,546.8,436.8,0.997,0.58849,0.25022,565.0,427.1,1.0,0.65443,0.25925,628.3,442.5,0.999,0.56265,0.3033,540.1,517.7,0.977,0.67341,0.31187,646.5,532.4,0.006,0.4967,0.33442,476.8,570.9,0.956,0.6313,0.34527,606.1,589.4,0.008,0.47939,0.34267,460.2,584.9,0.948,0.62587,0.35138,600.8,599.8,0.014,0.47586,0.33539,456.8,572.5,0.944,0.61223,0.35063,587.7,598.5,0.013,0.48257,0.33441,463.3,570.8,0.891,0.61298,0.34845,588.5,594.8,0.014,0.63538,0.33958,610.0,579.7,1.0,0.68059,0.35657,653.4,608.7,1.0,0.49914,0.34938,479.2,596.4,0.943,0.56276,0.40221,540.2,686.6,0.499,0.41022,0.41181,393.8,703.0,0.985,0.59215,0.4792,568.5,818.0,0.75,0.40576,0.42997,389.5,734.0,0.98,0.61408,0.49031,589.5,837.0,0.843,0.35059,0.40476,336.6,690.9,0.965,0.55373,0.50008,531.6,853.6,0.702
913,25.215,960,1707,0.55996,0.2545,537.6,434.4,0.999,0.55849,0.24759,536.1,422.6,0.999,0.55917,0.24667,536.8,421.1,0.999,0.5598,0.24585,537.4,419.7,1.0,0.56034,0.24792,537.9,423.2,0.999,0.56228,0.2474,539.8,422.3,0.999,0.56401,0.2469,541.4,421.5,0.999,0.5713,0.24164,548.4,412.5,0.999,0.57576,0.24265,552.7,414.2,0.998,0.56773,0.25535,545.0,435.9,0.998,0.57022,0.25569,547.4,436.5,0.996,0.58989,0.24772,566.3,422.9,1.0,0.65477,0.25819,628.6,440.7,0.999,0.56291,0.30177,540.4,515.1,0.966,0.67448,0.31341,647.5,535.0,0.005,0.499,0.33389,479.0,570.0,0.928,0.63549,0.34707,610.1,592.4,0.007,0.48096,0.3413,461.7,582.6,0.919,0.63071,0.35378,605.5,603.9,0.013,0.47818,0.33504,459.1,571.9,0.913,0.61528,0.35268,590.7,602.0,0.012,0.48606,0.33387,466.6,569.9,0.85,0.61915,0.35033,594.4,598.0,0.013,0.63543,0.33697,610.0,575.2,1.0,0.67961,0.35521,652.4,606.3,1.0,0.49922,0.34461,479.2,588.3,0.931,0.56294,0.40192,540.4,686.1,0.493,0.40217,0.40427,386.1,690.1,0.98,0.59251,0.47888,568.8,817.5,0.755,0.39776,0.42026,381.9,717.4,0.976,0.61443,0.49003,589.9,836.5,0.845,0.33941,0.39553,325.8,675.2,0.958,0.55468,0.4999,532.5,853.3,0.703
914,25.242,960,1707,0.56085,0.25259,538.4,431.2,0.999,0.55961,0.2457,537.2,419.4,0.999,0.56026,0.24477,537.9,417.8,0.999,0.56085,0.24396,538.4,416.4,0.999,0.56127,0.24588,538.8,419.7,0.999,0.56308,0.24523,540.6,418.6,0.999,0.56468,0.2446,542.1,417.5,0.999,0.57193,0.24035,549.1,410.3,0.999,0.57634,0.24087,553.3,411.2,0.998,0.56834,0.25335,545.6,432.5,0.998,0.57063,0.25342,547.8,432.6,0.996,0.59186,0.24589,568.2,419.7,1.0,0.6562,0.25703,630.0,438.7,0.999,0.56258,0.30149,540.1,514.6,0.934,0.67422,0.31324,647.2,534.7,0.005,0.5025,0.33395,482.4,570.0,0.859,0.6425,0.34847,616.8,594.8,0.007,0.48553,0.3412,466.1,582.4,0.853,0.63786,0.35553,612.3,606.9,0.013,0.48485,0.33758,465.5,576.2,0.845,0.62562,0.35467,600.6,605.4,0.012,0.49265,0.33604,472.9,573.6,0.78,0.62734,0.35216,602.2,601.1,0.013,0.63611,0.33747,610.7,576.1,1.0,0.67969,0.35533,652.5,606.5,1.0,0.49849,0.33859,478.6,578.0,0.92,0.5643,0.40222,541.7,686.6,0.496,0.39554,0.39662,379.7,677.0,0.975,0.59199,0.47896,568.3,817.6,0.766,0.39167,0.41164,376.0,702.7,0.97,0.61382,0.4912,589.3,838.5,0.849,0.33367,0.3864,320.3,659.6,0.949,0.5571,0.50099,534.8,855.2,0.71
915,25.27,960,1707,0.56186,0.25213,539.4,430.4,0.999,0.56045,0.24521,538.0,418.6,0.999,0.56115,0.24437,538.7,417.1,0.999,0.56177,0.24364,539.3,415.9,0.999,0.56195,0.24527,539.5,418.7,0.999,0.56371,0.24461,541.2,417.6,0.999,0.56526,0.24398,542.6,416.5,0.999,0.57284,0.23976,549.9,409.3,0.999,0.57719,0.24,554.1,409.7,0.998,0.56931,0.25299,546.5,431.9,0.998,0.57147,0.25293,548.6,431.7,0.996,0.59397,0.24539,570.2,418.9,1.0,0.65635,0.25557,630.1,436.3,0.999,0.56122,0.30195,538.8,515.4,0.887,0.66351,0.31312,637.0,534.5,0.005,0.5091,0.33446,488.7,570.9,0.784,0.63305,0.34949,607.7,596.6,0.007,0.49587,0.3414,476.0,582.8,0.78,0.62539,0.35673,600.4,608.9,0.013,0.49637,0.33996,476.5,580.3,0.772,0.61487,0.35585,590.3,607.4,0.013,0.50319,0.33788,483.1,576.8,0.71,0.61727,0.35325,592.6,603.0,0.014,0.63622,0.3365,610.8,574.4,1.0,0.67964,0.35516,652.5,606.3,1.0,0.49939,0.3345,479.4,571.0,0.916,0.56632,0.4023,543.7,686.7,0.513,0.39295,0.38823,377.2,662.7,0.972,0.59193,0.47965,568.3,818.8,0.78,0.38733,0.4037,371.8,689.1,0.968,0.61263,0.49291,588.1,841.4,0.856,0.33528,0.38063,321.9,649.7,0.945,0.55675,0.50065,534.5,854.6,0.724
916,25.298,960,1707,0.56176,0.25185,539.3,429.9,0.999,0.56051,0.24523,538.1,418.6,0.999,0.56121,0.24437,538.8,417.1,0.999,0.56181,0.24362,539.3,415.9,0.999,0.56201,0.2453,539.5,418.7,0.999,0.56377,0.24462,541.2,417.6,0.999,0.56531,0.24396,542.7,416.4,0.999,0.57291,0.23954,550.0,408.9,0.999,0.57731,0.23971,554.2,409.2,0.998,0.56929,0.25261,546.5,431.2,0.998,0.57142,0.25255,548.6,431.1,0.996,0.59364,0.24483,569.9,417.9,1.0,0.65798,0.25492,631.7,435.2,0.999,0.55907,0.30177,536.7,515.1,0.866,0.65883,0.31621,632.5,539.8,0.004,0.50714,0.33542,486.9,572.6,0.73,0.6118,0.35088,587.3,599.0,0.008,0.49314,0.34765,473.4,593.4,0.728,0.60229,0.35774,578.2,610.7,0.014,0.49294,0.3464,473.2,591.3,0.719,0.59258,0.35647,568.9,608.5,0.013,0.49981,0.34374,479.8,586.8,0.657,0.59521,0.35404,571.4,604.3,0.014,0.63629,0.33561,610.8,572.9,1.0,0.68057,0.35509,653.3,606.1,1.0,0.49966,0.33015,479.7,563.6,0.914,0.56686,0.40303,544.2,688.0,0.547,0.39004,0.38057,374.4,649.6,0.971,0.59193,0.48272,568.3,824.0,0.799,0.37994,0.39603,364.7,676.0,0.966,0.61022,0.50047,585.8,854.3,0.866,0.32764,0.36845,314.5,629.0,0.943,0.55657,0.50322,534.3,859.0,0.746
917,25.325,960,1707,0.56299,0.24968,540.5,426.2,0.999,0.56175,0.24348,539.3,415.6,0.999,0.56227,0.2427,539.8,414.3,0.999,0.56268,0.24207,540.2,413.2,0.999,0.56346,0.24357,540.9,415.8,0.999,0.56521,0.24298,542.6,414.8,0.999,0.56665,0.24241,544.0,413.8,0.999,0.57326,0.23871,550.3,407.5,0.999,0.5785,0.23864,555.4,407.4,0.998,0.57005,0.2508,547.2,428.1,0.998,0.57231,0.2508,549.4,428.1,0.996,0.59359,0.24428,569.8,417.0,1.0,0.65889,0.25544,632.5,436.0,1.0,0.55644,0.30128,534.2,514.3,0.854,0.63114,0.31455,605.9,536.9,0.004,0.50672,0.34152,486.5,583.0,0.689,0.57925,0.34844,556.1,594.8,0.01,0.49264,0.35172,472.9,600.4,0.687,0.56574,0.3542,543.1,604.6,0.018,0.49339,0.35137,473.7,599.8,0.676,0.55633,0.35264,534.1,602.0,0.017,0.49934,0.34305,479.4,585.6,0.614,0.56054,0.35067,538.1,598.6,0.019,0.63628,0.33386,610.8,569.9,1.0,0.68257,0.35371,655.3,603.8,1.0,0.50142,0.3232,481.4,551.7,0.919,0.56792,0.40291,545.2,687.8,0.584,0.39156,0.37319,375.9,637.0,0.973,0.59176,0.48145,568.1,821.8,0.818,0.38264,0.38881,367.3,663.7,0.968,0.61024,0.49948,585.8,852.6,0.878,0.32718,0.36225,314.1,618.4,0.947,0.55277,0.49998,530.7,853.5,0.769
918,25.353,960,1707,0.56289,0.24869,540.4,424.5,0.999,0.56181,0.24332,539.3,415.4,0.999,0.56246,0.24257,540.0,414.1,0.999,0.563,0.24185,540.5,412.8,0.999,0.56334,0.24344,540.8,415.6,0.999,0.56508,0.24288,542.5,414.6,0.999,0.56652,0.2423,543.9,413.6,0.999,0.57332,0.2388,550.4,407.6,0.999,0.57845,0.23884,555.3,407.7,0.998,0.57007,0.24989,547.3,426.6,0.998,0.57221,0.25009,549.3,426.9,0.997,0.59305,0.24364,569.3,415.9,1.0,0.65915,0.2553,632.8,435.8,1.0,0.55548,0.3005,533.3,513.0,0.84,0.63737,0.31693,611.9,541.0,0.004,0.50587,0.34249,485.6,584.6,0.653,0.59576,0.34858,571.9,595.0,0.011,0.49167,0.35131,472.0,599.7,0.652,0.58543,0.3548,562.0,605.6,0.021,0.4936,0.35162,473.9,600.2,0.639,0.5747,0.35327,551.7,603.0,0.019,0.49982,0.34688,479.8,592.1,0.576,0.57779,0.35105,554.7,599.2,0.021,0.63587,0.33345,610.4,569.2,1.0,0.68266,0.3527,655.4,602.1,1.0,0.50335,0.31959,483.2,545.5,0.919,0.56833,0.40281,545.6,687.6,0.617,0.39101,0.36305,375.4,619.7,0.972,0.59205,0.48197,568.4,822.7,0.834,0.38195,0.38072,366.7,649.9,0.967,0.60891,0.49793,584.6,850.0,0.888,0.32648,0.35393,313.4,604.2,0.946,0.55604,0.50066,533.8,854.6,0.788
919,25.38,960,1707,0.56397,0.24676,541.4,421.2,0.998,0.56355,0.24239,541.0,413.8,0.999,0.5645,0.24156,541.9,412.3,0.999,0.56525,0.24092,542.6,411.3,0.999,0.5643,0.24261,541.7,414.1,0.999,0.56574,0.24218,543.1,413.4,0.999,0.56689,0.2417,544.2,412.6,0.999,0.57471,0.23842,551.7,407.0,0.999,0.5784,0.23873,555.3,407.5,0.998,0.57184,0.24768,549.0,422.8,0.998,0.57283,0.2484,549.9,424.0,0.996,0.59289,0.24277,569.2,414.4,1.0,0.66082,0.2549,634.4,435.1,1.0,0.55843,0.29872,536.1,509.9,0.819,0.65205,0.31697,626.0,541.1,0.004,0.51012,0.3418,489.7,583.5,0.616,0.61174,0.3491,587.3,595.9,0.011,0.4994,0.35047,479.4,598.3,0.617,0.60603,0.35554,581.8,606.9,0.021,0.49952,0.34982,479.5,597.1,0.603,0.59473,0.3541,570.9,604.4,0.02,0.50604,0.34565,485.8,590.0,0.537,0.59587,0.35175,572.0,600.4,0.022,0.63605,0.33286,610.6,568.2,1.0,0.68257,0.35149,655.3,600.0,1.0,0.5088,0.319,488.4,544.5,0.909,0.56913,0.40281,546.4,687.6,0.644,0.39424,0.35292,378.5,602.4,0.965,0.59434,0.48652,570.6,830.5,0.847,0.38664,0.3692,371.2,630.2,0.963,0.60921,0.50208,584.8,857.1,0.895,0.32536,0.34635,312.3,591.2,0.935,0.5627,0.50302,540.2,858.7,0.802
920,25.408,960,1707,0.56603,0.24515,543.4,418.5,0.998,0.56633,0.24064,543.7,410.8,0.999,0.56742,0.23991,544.7,409.5,0.999,0.56828,0.23926,545.5,408.4,0.999,0.56639,0.24121,543.7,411.7,0.999,0.56756,0.24089,544.9,411.2,0.999,0.56837,0.24048,545.6,410.5,0.999,0.57744,0.23733,554.3,405.1,0.999,0.57917,0.23789,556.0,406.1,0.998,0.57351,0.2466,550.6,420.9,0.997,0.57394,0.24721,551.0,422.0,0.996,0.59347,0.24219,569.7,413.4,1.0,0.66077,0.25495,634.3,435.2,1.0,0.56414,0.29557,541.6,504.5,0.792,0.64966,0.31409,623.7,536.2,0.004,0.52098,0.3401,500.1,580.5,0.581,0.61043,0.34574,586.0,590.2,0.012,0.51241,0.34828,491.9,594.5,0.584,0.60542,0.35218,581.2,601.2,0.023,0.5133,0.34715,492.8,592.6,0.569,0.59471,0.3502,570.9,597.8,0.022,0.51917,0.34403,498.4,587.3,0.501,0.59551,0.34782,571.7,593.7,0.023,0.63441,0.33183,609.0,566.4,1.0,0.68086,0.35114,653.6,599.4,1.0,0.50911,0.31439,488.7,536.7,0.905,0.56954,0.40276,546.8,687.5,0.668,0.39156,0.34911,375.9,595.9,0.964,0.59557,0.48536,571.7,828.5,0.859,0.38162,0.36551,366.4,623.9,0.963,0.6107,0.50108,586.3,855.3,0.903,0.32951,0.33273,316.3,568.0,0.933,0.56219,0.49753,539.7,849.3,0.816
921,25.436,960,1707,0.56878,0.24493,546.0,418.1,0.998,0.5691,0.24023,546.3,410.1,0.999,0.57011,0.2395,547.3,408.8,0.999,0.57085,0.23882,548.0,407.7,0.999,0.56893,0.2409,546.2,411.2,0.999,0.56994,0.24058,547.1,410.7,0.999,0.57052,0.24018,547.7,410.0,0.999,0.57983,0.23677,556.6,404.2,0.999,0.58109,0.23741,557.8,405.3,0.998,0.57538,0.2464,552.4,420.6,0.997,0.57596,0.24699,552.9,421.6,0.996,0.59385,0.24192,570.1,413.0,1.0,0.66096,0.25407,634.5,433.7,1.0,0.56377,0.29381,541.2,501.5,0.763,0.65316,0.30378,627.0,518.6,0.003,0.52061,0.33464,499.8,571.2,0.545,0.61862,0.31427,593.9,536.5,0.012,0.50961,0.34257,489.2,584.8,0.551,0.61497,0.31523,590.4,538.1,0.024,0.5129,0.33716,492.4,575.5,0.535,0.60536,0.31067,581.1,530.3,0.023,0.51379,0.33789,493.2,576.8,0.467,0.60521,0.3103,581.0,529.7,0.024,0.63442,0.33179,609.0,566.4,1.0,0.68076,0.35088,653.5,598.9,1.0,0.509,0.30759,488.6,525.1,0.898,0.5699,0.40276,547.1,687.5,0.684,0.38946,0.34486,373.9,588.7,0.961,0.59623,0.48457,572.4,827.2,0.869,0.37819,0.36137,363.1,616.9,0.961,0.61156,0.49967,587.1,852.9,0.908,0.32613,0.32773,313.1,559.4,0.931,0.56125,0.49587,538.8,846.4,0.826
922,25.463,960,1707,0.57025,0.24514,547.4,418.5,0.998,0.57038,0.24035,547.6,410.3,0.999,0.57118,0.23955,548.3,408.9,0.999,0.57172,0.23885,548.9,407.7,0.999,0.57071,0.24105,547.9,411.5,0.999,0.57188,0.24073,549.0,410.9,0.999,0.57262,0.24034,549.7,410.3,0.999,0.58069,0.23674,557.5,404.1,0.999,0.58342,0.23744,560.1,405.3,0.998,0.57595,0.24651,552.9,420.8,0.998,0.57719,0.24718,554.1,421.9,0.996,0.59413,0.24228,570.4,413.6,1.0,0.66466,0.25418,638.1,433.9,1.0,0.55686,0.29336,534.6,500.8,0.743,0.65236,0.30649,626.3,523.2,0.003,0.50748,0.33485,487.2,571.6,0.514,0.60993,0.32715,585.5,558.4,0.013,0.49522,0.34001,475.4,580.4,0.522,0.60365,0.33064,579.5,564.4,0.026,0.4936,0.33698,473.9,575.2,0.505,0.59498,0.32752,571.2,559.1,0.024,0.50621,0.33806,486.0,577.1,0.437,0.59589,0.32619,572.1,556.8,0.026,0.63429,0.33071,608.9,564.5,1.0,0.68072,0.351,653.5,599.2,1.0,0.51198,0.29566,491.5,504.7,0.891,0.56984,0.40264,547.0,687.3,0.697,0.39164,0.33932,376.0,579.2,0.956,0.59692,0.48411,573.0,826.4,0.876,0.38167,0.35321,366.4,602.9,0.957,0.61176,0.49885,587.3,851.5,0.911,0.32853,0.32181,315.4,549.3,0.926,0.56329,0.49487,540.8,844.7,0.835
923,25.491,960,1707,0.57107,0.24564,548.2,419.3,0.999,0.57112,0.2407,548.3,410.9,0.999,0.57179,0.23988,548.9,409.5,0.999,0.57216,0.23918,549.3,408.3,0.999,0.5717,0.24134,548.8,412.0,0.999,0.5729,0.24099,550.0,411.4,0.999,0.5736,0.24056,550.7,410.6,0.999,0.58154,0.23694,558.3,404.4,0.999,0.5847,0.23762,561.3,405.6,0.998,0.57685,0.24699,553.8,421.6,0.998,0.57818,0.24761,555.1,422.7,0.996,0.5954,0.24244,571.6,413.8,1.0,0.66399,0.25463,637.4,434.7,1.0,0.55206,0.29189,530.0,498.2,0.712,0.61752,0.30678,592.8,523.7,0.003,0.49746,0.33261,477.6,567.8,0.48,0.54235,0.3226,520.7,550.7,0.014,0.4846,0.3394,465.2,579.3,0.491,0.52607,0.32381,505.0,552.7,0.03,0.47792,0.33382,458.8,569.8,0.474,0.51886,0.3213,498.1,548.5,0.028,0.49449,0.33663,474.7,574.6,0.407,0.52464,0.32107,503.7,548.1,0.029,0.63449,0.32926,609.1,562.1,1.0,0.68071,0.35119,653.5,599.5,1.0,0.51867,0.29623,497.9,505.7,0.881,0.56985,0.40246,547.1,687.0,0.713,0.39241,0.33358,376.7,569.4,0.952,0.59777,0.48381,573.9,825.9,0.885,0.38194,0.34502,366.7,588.9,0.954,0.61188,0.49841,587.4,850.8,0.916,0.32933,0.31688,316.2,540.9,0.923,0.56535,0.49482,542.7,844.7,0.845
924,25.519,960,1707,0.57272,0.24384,549.8,416.2,0.999,0.57304,0.23928,550.1,408.5,0.999,0.57381,0.23855,550.9,407.2,0.999,0.57427,0.23786,551.3,406.0,0.999,0.57322,0.24013,550.3,409.9,0.999,0.57426,0.23994,551.3,409.6,0.999,0.57483,0.23966,551.8,409.1,0.999,0.58322,0.23589,559.9,402.7,0.999,0.58566,0.237,562.2,404.6,0.998,0.57829,0.2453,555.2,418.7,0.998,0.57942,0.24611,556.2,420.1,0.996,0.59655,0.24194,572.7,413.0,1.0,0.66731,0.25556,640.6,436.2,1.0,0.55164,0.29063,529.6,496.1,0.722,0.64094,0.30782,615.3,525.4,0.003,0.49554,0.32708,475.7,558.3,0.5,0.5759,0.33586,552.9,573.3,0.015,0.48032,0.33609,461.1,573.7,0.508,0.56649,0.34098,543.8,582.1,0.031,0.47396,0.33142,455.0,565.7,0.49,0.5523,0.33989,530.2,580.2,0.028,0.48276,0.33047,463.5,564.1,0.416,0.55461,0.33805,532.4,577.1,0.03,0.63584,0.32881,610.4,561.3,1.0,0.68055,0.3509,653.3,599.0,1.0,0.52017,0.29072,499.4,496.3,0.88,0.57019,0.402,547.4,686.2,0.73,0.39343,0.33066,377.7,564.4,0.951,0.59788,0.48366,574.0,825.6,0.893,0.38318,0.34349,367.9,586.3,0.954,0.6119,0.49832,587.4,850.6,0.92,0.33134,0.31142,318.1,531.6,0.923,0.56268,0.49442,540.2,844.0,0.855
925,25.546,960,1707,0.57633,0.24221,553.3,413.5,0.999,0.57671,0.23837,553.6,406.9,0.999,0.57732,0.2377,554.2,405.8,0.999,0.57765,0.23701,554.5,404.6,0.999,0.57683,0.23934,553.8,408.5,0.999,0.57775,0.23922,554.6,408.3,0.999,0.57815,0.23895,555.0,407.9,0.999,0.58564,0.2354,562.2,401.8,0.999,0.58806,0.2367,564.5,404.1,0.998,0.58104,0.24354,557.8,415.7,0.998,0.58225,0.24447,559.0,417.3,0.996,0.59722,0.24147,573.3,412.2,1.0,0.66667,0.2571,640.0,438.9,1.0,0.54922,0.29035,527.2,495.6,0.687,0.6242,0.30662,599.2,523.4,0.003,0.49068,0.32305,471.0,551.4,0.464,0.55117,0.32629,529.1,557.0,0.014,0.47509,0.33196,456.1,566.7,0.472,0.53732,0.32784,515.8,559.6,0.03,0.47132,0.32818,452.5,560.2,0.454,0.52634,0.32597,505.3,556.4,0.028,0.47908,0.3268,459.9,557.8,0.384,0.53039,0.32538,509.2,555.4,0.029,0.63719,0.32836,611.7,560.5,1.0,0.67993,0.35044,652.7,598.2,1.0,0.52418,0.28531,503.2,487.0,0.861,0.57101,0.40137,548.2,685.1,0.73,0.39579,0.32455,380.0,554.0,0.938,0.59781,0.48298,573.9,824.4,0.895,0.38434,0.33765,369.0,576.4,0.947,0.61149,0.49789,587.0,849.9,0.92,0.33346,0.30873,320.1,527.0,0.909,0.5627,0.49309,540.2,841.7,0.855
926,25.574,960,1707,0.57583,0.24149,552.8,412.2,0.999,0.57633,0.23789,553.3,406.1,0.999,0.57703,0.2372,554.0,404.9,0.999,0.57745,0.23645,554.3,403.6,0.999,0.57635,0.23893,553.3,407.9,0.999,0.57728,0.23885,554.2,407.7,0.999,0.5777,0.23861,554.6,407.3,0.999,0.58571,0.23485,562.3,400.9,0.999,0.58787,0.23631,564.4,403.4,0.999,0.58082,0.24286,557.6,414.6,0.998,0.5818,0.24384,558.5,416.2,0.997,0.59781,0.24103,573.9,411.4,1.0,0.66652,0.25681,639.9,438.4,1.0,0.54259,0.2899,520.9,494.9,0.683,0.62568,0.30216,600.7,515.8,0.003,0.48527,0.32419,465.9,553.4,0.464,0.5589,0.30816,536.5,526.0,0.014,0.4717,0.33308,452.8,568.6,0.473,0.54579,0.30755,524.0,525.0,0.03,0.46752,0.32855,448.8,560.8,0.454,0.5354,0.30641,514.0,523.0,0.028,0.47224,0.32727,453.4,558.7,0.38,0.53918,0.30696,517.6,524.0,0.029,0.63801,0.32846,612.5,560.7,1.0,0.67831,0.35014,651.2,597.7,1.0,0.52958,0.28244,508.4,482.1,0.853,0.57195,0.40013,549.1,683.0,0.743,0.40106,0.32037,385.0,546.9,0.929,0.59777,0.47855,573.9,816.9,0.901,0.38968,0.33333,374.1,569.0,0.937,0.61221,0.48957,587.7,835.7,0.92,0.33728,0.30529,323.8,521.1,0.901,0.56336,0.4932,540.8,841.9,0.86
927,25.601,960,1707,0.57768,0.23855,554.6,407.2,0.999,0.57786,0.23642,554.7,403.6,0.999,0.57839,0.23575,555.3,402.4,0.999,0.5787,0.2349,555.6,401.0,0.999,0.5777,0.23746,554.6,405.3,0.999,0.57869,0.23738,555.5,405.2,0.999,0.57889,0.23744,555.7,405.3,1.0,0.58612,0.23288,562.7,397.5,0.999,0.58796,0.23544,564.4,401.9,0.999,0.58193,0.24027,558.7,410.1,0.998,0.58314,0.24108,559.8,411.5,0.997,0.59843,0.24119,574.5,411.7,1.0,0.66303,0.25706,636.5,438.8,1.0,0.54363,0.28999,521.9,495.0,0.662,0.60381,0.30132,579.7,514.4,0.003,0.48761,0.32551,468.1,555.7,0.447,0.52496,0.31784,504.0,542.6,0.014,0.47071,0.3298,451.9,563.0,0.457,0.5114,0.31982,490.9,545.9,0.03,0.46808,0.32606,449.4,556.6,0.438,0.50371,0.31699,483.6,541.1,0.028,0.47372,0.32459,454.8,554.1,0.362,0.50657,0.31748,486.3,541.9,0.029,0.63805,0.33266,612.5,567.8,1.0,0.67616,0.34932,649.1,596.3,1.0,0.533,0.27983,511.7,477.7,0.849,0.57302,0.39852,550.1,680.3,0.748,0.40701,0.31703,390.7,541.2,0.921,0.5977,0.47863,573.8,817.0,0.901,0.3984,0.3282,382.5,560.2,0.932,0.61212,0.4904,587.6,837.1,0.919,0.34127,0.30415,327.6,519.2,0.895,0.56311,0.49165,540.6,839.3,0.861
928,25.629,960,1707,0.57958,0.2387,556.4,407.5,0.999,0.57965,0.23643,556.5,403.6,0.999,0.58015,0.2358,556.9,402.5,0.999,0.58045,0.235,557.2,401.1,0.999,0.57919,0.23761,556.0,405.6,0.999,0.57997,0.23751,556.8,405.4,0.999,0.57988,0.23746,556.7,405.3,1.0,0.58718,0.23323,563.7,398.1,0.999,0.58816,0.23554,564.6,402.1,0.999,0.58412,0.24041,560.8,410.4,0.998,0.58495,0.24125,561.5,411.8,0.997,0.59845,0.24143,574.5,412.1,1.0,0.66071,0.25757,634.3,439.7,1.0,0.54375,0.29025,522.0,495.5,0.65,0.59934,0.30245,575.4,516.3,0.003,0.48567,0.32373,466.2,552.6,0.437,0.52407,0.32085,503.1,547.7,0.015,0.46783,0.33086,449.1,564.8,0.448,0.51604,0.32305,495.4,551.4,0.031,0.46737,0.32653,448.7,557.4,0.428,0.5082,0.32061,487.9,547.3,0.029,0.47125,0.32515,452.4,555.0,0.349,0.51208,0.32034,491.6,546.8,0.03,0.64061,0.32954,615.0,562.5,1.0,0.67342,0.34913,646.5,596.0,1.0,0.53669,0.27654,515.2,472.0,0.854,0.57422,0.39814,551.3,679.6,0.763,0.41074,0.31398,394.3,536.0,0.919,0.59768,0.47865,573.8,817.0,0.906,0.40355,0.32585,387.4,556.2,0.931,0.61101,0.49087,586.6,837.9,0.922,0.34419,0.29859,330.4,509.7,0.893,0.5634,0.49123,540.9,838.5,0.866
929,25.657,960,1707,0.57874,0.23846,555.6,407.0,0.999,0.57888,0.23639,555.7,403.5,0.999,0.57938,0.23576,556.2,402.4,0.999,0.5797,0.23496,556.5,401.1,0.999,0.57866,0.23773,555.5,405.8,0.999,0.57941,0.23761,556.2,405.6,0.999,0.57941,0.23748,556.2,405.4,1.0,0.58679,0.23233,563.3,396.6,0.999,0.58796,0.23542,564.4,401.9,0.999,0.58376,0.23978,560.4,409.3,0.998,0.58447,0.24084,561.1,411.1,0.997,0.61564,0.24238,591.0,413.7,1.0,0.64893,0.25704,623.0,438.8,1.0,0.54299,0.28895,521.3,493.2,0.621,0.59402,0.30261,570.3,516.6,0.003,0.48662,0.32433,467.2,553.6,0.42,0.51916,0.32267,498.4,550.8,0.016,0.46486,0.32842,446.3,560.6,0.433,0.507,0.32454,486.7,554.0,0.032,0.46435,0.32578,445.8,556.1,0.413,0.50009,0.32071,480.1,547.5,0.03,0.46871,0.32449,450.0,553.9,0.332,0.50556,0.32071,485.3,547.4,0.031,0.64206,0.33221,616.4,567.1,1.0,0.66977,0.34801,643.0,594.1,1.0,0.54195,0.27584,520.3,470.9,0.853,0.57454,0.39752,551.6,678.6,0.772,0.41314,0.31255,396.6,533.5,0.913,0.59759,0.47805,573.7,816.0,0.905,0.40553,0.32504,389.3,554.8,0.928,0.61133,0.48986,586.9,836.2,0.92,0.34645,0.29582,332.6,505.0,0.889,0.56295,0.49131,540.4,838.7,0.863
930,25.684,960,1707,0.58022,0.23782,557.0,406.0,0.998,0.58014,0.23614,556.9,403.1,0.999,0.58073,0.23551,557.5,402.0,0.999,0.58074,0.23154,557.5,395.2,0.999,0.57946,0.23769,556.3,405.7,0.999,0.57991,0.23758,556.7,405.5,0.999,0.58051,0.23726,557.3,405.0,0.999,0.58774,0.2323,564.2,396.5,0.999,0.58866,0.23509,565.1,401.3,0.998,0.58544,0.23928,562.0,408.5,0.998,0.58655,0.23998,563.1,409.6,0.997,0.62207,0.24544,597.2,419.0,1.0,0.64694,0.25301,621.1,431.9,1.0,0.54362,0.28903,521.9,493.4,0.612,0.6001,0.27725,576.1,473.3,0.003,0.48722,0.3226,467.7,550.7,0.422,0.53579,0.265,514.4,452.4,0.016,0.46723,0.32919,448.5,561.9,0.439,0.5219,0.25935,501.0,442.7,0.032,0.46563,0.32582,447.0,556.2,0.418,0.50232,0.25861,482.2,441.4,0.03,0.4703,0.32449,451.5,553.9,0.331,0.51702,0.25742,496.3,439.4,0.03,0.64373,0.33332,618.0,569.0,1.0,0.66726,0.34714,640.6,592.6,1.0,0.54528,0.27586,523.5,470.9,0.819,0.57462,0.39649,551.6,676.8,0.766,0.41541,0.31028,398.8,529.7,0.889,0.59739,0.47628,573.5,813.0,0.9,0.40818,0.3227,391.9,550.8,0.907,0.61143,0.48651,587.0,830.5,0.912,0.35072,0.29533,336.7,504.1,0.868,0.56264,0.49152,540.1,839.0,0.856
931,25.712,960,1707,0.58178,0.23309,558.5,397.9,0.998,0.58156,0.22823,558.3,389.6,0.999,0.58175,0.22712,558.5,387.7,0.999,0.58176,0.22555,558.5,385.0,0.999,0.58038,0.23381,557.2,399.1,0.999,0.58083,0.23389,557.6,399.3,0.999,0.58092,0.23376,557.7,399.0,0.999,0.58975,0.22804,566.2,389.3,0.999,0.58875,0.23173,565.2,395.6,0.998,0.58839,0.23369,564.9,398.9,0.998,0.58736,0.23478,563.9,400.8,0.997,0.61796,0.2434,593.2,415.5,1.0,0.64644,0.24741,620.6,422.3,1.0,0.54389,0.28867,522.1,492.8,0.613,0.59894,0.27333,575.0,466.6,0.003,0.48759,0.32324,468.1,551.8,0.427,0.54154,0.26113,519.9,445.8,0.015,0.46846,0.33004,449.7,563.4,0.446,0.52392,0.25672,503.0,438.2,0.031,0.46646,0.32612,447.8,556.7,0.425,0.52475,0.25254,503.8,431.1,0.029,0.47104,0.32525,452.2,555.2,0.332,0.52593,0.2534,504.9,432.6,0.029,0.64343,0.33349,617.7,569.3,1.0,0.66501,0.34551,638.4,589.8,1.0,0.54785,0.27302,525.9,466.0,0.787,0.57485,0.39481,551.9,673.9,0.762,0.42101,0.30964,404.2,528.6,0.854,0.59763,0.47594,573.7,812.4,0.896,0.41321,0.32227,396.7,550.1,0.872,0.61291,0.48542,588.4,828.6,0.906,0.35648,0.29519,342.2,503.9,0.833,0.56259,0.49253,540.1,840.8,0.849
932,25.739,960,1707,0.58025,0.23429,557.0,399.9,0.998,0.5802,0.229,557.0,390.9,0.999,0.58049,0.22732,557.3,388.0,0.999,0.58058,0.22714,557.4,387.7,0.999,0.57939,0.23445,556.2,400.2,0.999,0.58035,0.23447,557.1,400.2,0.999,0.58031,0.23421,557.1,399.8,0.999,0.58944,0.22857,565.9,390.2,0.999,0.58816,0.23182,564.6,395.7,0.998,0.58808,0.23538,564.6,401.8,0.998,0.58679,0.23631,563.3,403.4,0.997,0.61664,0.24173,592.0,412.6,1.0,0.64484,0.24895,619.0,425.0,1.0,0.54419,0.28888,522.4,493.1,0.615,0.6009,0.28241,576.9,482.1,0.003,0.48508,0.32292,465.7,551.2,0.437,0.5451,0.28366,523.3,484.2,0.015,0.46779,0.33045,449.1,564.1,0.457,0.53191,0.28193,510.6,481.3,0.03,0.46537,0.32657,446.8,557.5,0.436,0.5286,0.27844,507.5,475.3,0.028,0.46822,0.32564,449.5,555.9,0.336,0.53055,0.27886,509.3,476.0,0.029,0.65396,0.32961,627.8,562.6,1.0,0.66501,0.34508,638.4,589.1,1.0,0.55148,0.27088,529.4,462.4,0.782,0.57501,0.39493,552.0,674.2,0.773,0.42525,0.30725,408.2,524.5,0.847,0.59788,0.47681,574.0,813.9,0.899,0.41848,0.32036,401.7,546.9,0.867,0.61476,0.48638,590.2,830.2,0.908,0.35849,0.2945,344.2,502.7,0.829,0.56249,0.49477,540.0,844.6,0.854
933,25.767,960,1707,0.57989,0.23528,556.7,401.6,0.998,0.57986,0.22954,556.7,391.8,0.999,0.58023,0.22819,557.0,389.5,0.999,0.58047,0.22754,557.2,388.4,0.999,0.58022,0.23271,557.0,397.2,0.999,0.58012,0.23442,556.9,400.1,0.999,0.58015,0.23418,556.9,399.8,0.999,0.59503,0.22613,571.2,386.0,0.999,0.60209,0.2308,578.0,394.0,0.998,0.58889,0.2364,565.3,403.5,0.998,0.58647,0.23671,563.0,404.1,0.997,0.63544,0.24673,610.0,421.2,1.0,0.64147,0.24831,615.8,423.9,1.0,0.5487,0.2923,526.7,499.0,0.593,0.59434,0.27351,570.6,466.9,0.003,0.48554,0.32341,466.1,552.1,0.432,0.54655,0.26303,524.7,449.0,0.016,0.46836,0.33071,449.6,564.5,0.462,0.53293,0.25841,511.6,441.1,0.034,0.4659,0.3274,447.3,558.9,0.442,0.53634,0.25383,514.9,433.3,0.032,0.46951,0.32593,450.7,556.4,0.337,0.53954,0.25615,518.0,437.2,0.031,0.66122,0.32894,634.8,561.5,1.0,0.66077,0.34277,634.3,585.1,1.0,0.55534,0.26973,533.1,460.4,0.768,0.57498,0.39414,552.0,672.8,0.773,0.43032,0.30776,413.1,525.3,0.838,0.59769,0.47624,573.8,812.9,0.898,0.42372,0.32158,406.8,548.9,0.857,0.61477,0.48537,590.2,828.5,0.905,0.36179,0.29592,347.3,505.1,0.824,0.56137,0.49516,538.9,845.2,0.852
934,25.795,960,1707,0.57979,0.23502,556.6,401.2,0.998,0.57963,0.23064,556.4,393.7,0.999,0.58004,0.22949,556.8,391.7,0.999,0.58043,0.22854,557.2,390.1,0.999,0.5799,0.233,556.7,397.7,0.999,0.58006,0.23389,556.9,399.3,0.999,0.58005,0.23372,556.8,399.0,0.999,0.59389,0.22711,570.1,387.7,0.999,0.59624,0.23113,572.4,394.5,0.998,0.58839,0.23635,564.9,403.5,0.998,0.58643,0.23706,563.0,404.7,0.997,0.63029,0.24357,605.1,415.8,1.0,0.64046,0.24697,614.8,421.6,1.0,0.5506,0.29335,528.6,500.7,0.594,0.58932,0.27948,565.7,477.1,0.004,0.48504,0.32138,465.6,548.6,0.436,0.53642,0.29056,515.0,496.0,0.017,0.46852,0.32942,449.8,562.3,0.468,0.52284,0.29253,501.9,499.4,0.035,0.46612,0.32672,447.5,557.7,0.448,0.52148,0.29027,500.6,495.5,0.033,0.46911,0.32432,450.3,553.6,0.337,0.52622,0.29033,505.2,495.6,0.032,0.65797,0.3281,631.6,560.1,1.0,0.66038,0.34254,634.0,584.7,1.0,0.55523,0.26805,533.0,457.6,0.777,0.57549,0.39425,552.5,673.0,0.784,0.43127,0.30609,414.0,522.5,0.844,0.59642,0.47639,572.6,813.2,0.9,0.42617,0.31942,409.1,545.2,0.862,0.6137,0.4857,589.1,829.1,0.907,0.36407,0.29313,349.5,500.4,0.831,0.55887,0.49511,536.5,845.2,0.855
935,25.822,960,1707,0.57865,0.23541,555.5,401.8,0.998,0.57898,0.23127,555.8,394.8,0.999,0.57982,0.23022,556.6,393.0,0.999,0.58035,0.22916,557.1,391.2,0.999,0.57841,0.23338,555.3,398.4,0.999,0.57877,0.23409,555.6,399.6,0.999,0.57884,0.23395,555.7,399.4,0.999,0.59325,0.22759,569.5,388.5,0.999,0.59185,0.23146,568.2,395.1,0.998,0.58772,0.23659,564.2,403.9,0.998,0.58533,0.23747,561.9,405.4,0.997,0.62149,0.24042,596.6,410.4,1.0,0.6418,0.24857,616.1,424.3,1.0,0.55053,0.29266,528.5,499.6,0.558,0.58939,0.29321,565.8,500.5,0.004,0.48321,0.31929,463.9,545.0,0.405,0.52378,0.31237,502.8,533.2,0.016,0.46821,0.32869,449.5,561.1,0.436,0.50926,0.31677,488.9,540.7,0.033,0.46576,0.32643,447.1,557.2,0.417,0.5048,0.31526,484.6,538.2,0.031,0.46911,0.32342,450.3,552.1,0.312,0.5108,0.31497,490.4,537.7,0.03,0.64693,0.32855,621.1,560.8,1.0,0.66142,0.34224,635.0,584.2,1.0,0.55567,0.26235,533.4,447.8,0.755,0.5761,0.39424,553.1,673.0,0.777,0.43533,0.30453,417.9,519.8,0.828,0.59605,0.47604,572.2,812.6,0.892,0.43223,0.3182,414.9,543.2,0.851,0.61365,0.48536,589.1,828.5,0.9,0.36799,0.29079,353.3,496.4,0.816,0.55903,0.49508,536.7,845.1,0.843
936,25.85,960,1707,0.57763,0.23564,554.5,402.2,0.999,0.57774,0.23165,554.6,395.4,0.999,0.57869,0.23065,555.5,393.7,0.999,0.5793,0.22943,556.1,391.6,0.999,0.5771,0.23365,554.0,398.8,0.999,0.57764,0.23419,554.5,399.8,0.999,0.57774,0.23407,554.6,399.6,0.999,0.5924,0.22793,568.7,389.1,0.999,0.58947,0.23169,565.9,395.5,0.999,0.58655,0.23675,563.1,404.1,0.998,0.58487,0.23768,561.5,405.7,0.997,0.61399,0.23836,589.4,406.9,1.0,0.64189,0.25196,616.2,430.1,1.0,0.54292,0.28771,521.2,491.1,0.522,0.59196,0.29969,568.3,511.6,0.004,0.47832,0.31967,459.2,545.7,0.378,0.51901,0.3221,498.3,549.8,0.016,0.46325,0.32821,444.7,560.3,0.408,0.50307,0.32805,482.9,560.0,0.032,0.46166,0.32252,443.2,550.5,0.389,0.49729,0.32755,477.4,559.1,0.03,0.46607,0.31879,447.4,544.2,0.289,0.50422,0.32686,484.0,558.0,0.029,0.6405,0.32874,614.9,561.2,1.0,0.66206,0.34154,635.6,583.0,1.0,0.55712,0.26094,534.8,445.4,0.752,0.57726,0.39418,554.2,672.9,0.784,0.43705,0.30322,419.6,517.6,0.823,0.59617,0.47611,572.3,812.7,0.891,0.43318,0.3172,415.9,541.5,0.849,0.614,0.48567,589.4,829.0,0.901,0.36807,0.29077,353.3,496.3,0.81,0.55892,0.4948,536.6,844.6,0.84
937,25.878,960,1707,0.58181,0.23533,558.5,401.7,0.999,0.5821,0.23183,558.8,395.7,0.999,0.58307,0.23094,559.7,394.2,0.999,0.5838,0.22982,560.4,392.3,0.999,0.58117,0.23356,557.9,398.7,0.999,0.58161,0.23384,558.3,399.2,0.999,0.58215,0.23361,558.9,398.8,1.0,0.59329,0.22818,569.6,389.5,0.999,0.59084,0.23158,567.2,395.3,0.999,0.58949,0.23665,565.9,404.0,0.998,0.58917,0.2376,565.6,405.6,0.998,0.60969,0.23924,585.3,408.4,1.0,0.66131,0.25355,634.9,432.8,1.0,0.53979,0.2823,518.2,481.9,0.514,0.59958,0.29966,575.6,511.5,0.004,0.47944,0.31901,460.3,544.5,0.382,0.52665,0.31665,505.6,540.5,0.018,0.46371,0.32803,445.2,559.9,0.41,0.51229,0.31869,491.8,544.0,0.035,0.46276,0.32346,444.3,552.1,0.391,0.50615,0.31714,485.9,541.4,0.032,0.467,0.31948,448.3,545.4,0.289,0.51172,0.31692,491.3,541.0,0.032,0.64467,0.32467,618.9,554.2,1.0,0.66649,0.34194,639.8,583.7,1.0,0.55858,0.25924,536.2,442.5,0.77,0.57838,0.3943,555.2,673.1,0.801,0.44162,0.3014,424.0,514.5,0.835,0.59644,0.47583,572.6,812.2,0.899,0.43749,0.31586,420.0,539.2,0.859,0.61579,0.48557,591.2,828.9,0.908,0.37193,0.28836,357.0,492.2,0.821,0.55883,0.49477,536.5,844.6,0.851
938,25.905,960,1707,0.58106,0.23651,557.8,403.7,0.999,0.5816,0.23236,558.3,396.6,0.999,0.58268,0.23151,559.4,395.2,0.999,0.58346,0.23056,560.1,393.6,0.999,0.58094,0.23379,557.7,399.1,0.999,0.5815,0.23389,558.2,399.2,0.999,0.58198,0.23365,558.7,398.8,1.0,0.59293,0.22841,569.2,389.9,0.999,0.5908,0.23165,567.2,395.4,0.999,0.58929,0.23725,565.7,405.0,0.999,0.5888,0.23871,565.2,407.5,0.998,0.61375,0.23842,589.2,407.0,1.0,0.65909,0.25368,632.7,433.0,1.0,0.54004,0.28368,518.4,484.2,0.504,0.59828,0.30103,574.3,513.9,0.004,0.47997,0.32145,460.8,548.7,0.378,0.52334,0.31938,502.4,545.2,0.019,0.46437,0.33051,445.8,564.2,0.405,0.50298,0.32442,482.9,553.8,0.036,0.46221,0.32406,443.7,553.2,0.385,0.49771,0.32325,477.8,551.8,0.033,0.46669,0.32052,448.0,547.1,0.283,0.50493,0.32297,484.7,551.3,0.032,0.65047,0.32098,624.4,547.9,1.0,0.66831,0.34164,641.6,583.2,1.0,0.55908,0.25789,536.7,440.2,0.78,0.57877,0.39439,555.6,673.2,0.813,0.4417,0.30109,424.0,514.0,0.842,0.59672,0.47588,572.9,812.3,0.903,0.43771,0.31628,420.2,539.9,0.866,0.61627,0.48596,591.6,829.5,0.912,0.3726,0.28788,357.7,491.4,0.829,0.55795,0.49466,535.6,844.4,0.856
939,25.933,960,1707,0.58005,0.23682,556.9,404.3,0.999,0.5806,0.23264,557.4,397.1,0.999,0.58193,0.23157,558.7,395.3,0.999,0.58275,0.23065,559.4,393.7,0.999,0.5806,0.23385,557.4,399.2,0.999,0.58138,0.234,558.1,399.4,0.999,0.58175,0.23378,558.5,399.1,1.0,0.59295,0.22855,569.2,390.1,0.999,0.59099,0.23175,567.3,395.6,0.999,0.58901,0.23727,565.5,405.0,0.999,0.58842,0.23898,564.9,407.9,0.998,0.62083,0.2368,596.0,404.2,1.0,0.65577,0.2587,629.5,441.6,1.0,0.54502,0.27113,523.2,462.8,0.466,0.58369,0.29995,560.3,512.0,0.005,0.51115,0.27408,490.7,467.8,0.357,0.51061,0.32029,490.2,546.7,0.023,0.51072,0.25902,490.3,442.1,0.391,0.49116,0.32576,471.5,556.1,0.042,0.5139,0.25773,493.3,439.9,0.371,0.4858,0.32112,466.4,548.2,0.039,0.51651,0.26961,495.8,460.2,0.272,0.49004,0.32105,470.4,548.0,0.037,0.65958,0.31873,633.2,544.1,1.0,0.66853,0.34108,641.8,582.2,1.0,0.56222,0.25883,539.7,441.8,0.792,0.58009,0.39444,556.9,673.3,0.825,0.4419,0.30091,424.2,513.7,0.852,0.59684,0.47593,573.0,812.4,0.907,0.43613,0.31635,418.7,540.0,0.876,0.61626,0.487,591.6,831.3,0.918,0.37425,0.28505,359.3,486.6,0.84,0.55699,0.49464,534.7,844.4,0.862
940,25.96,960,1707,0.57835,0.23711,555.2,404.8,0.999,0.58045,0.23276,557.2,397.3,0.999,0.58188,0.23167,558.6,395.5,0.999,0.58271,0.2307,559.4,393.8,0.999,0.58043,0.23395,557.2,399.4,0.999,0.58114,0.23409,557.9,399.6,0.999,0.58151,0.23387,558.2,399.2,1.0,0.59276,0.22861,569.1,390.2,0.999,0.59093,0.23182,567.3,395.7,0.999,0.5888,0.23731,565.2,405.1,0.999,0.58898,0.24145,565.4,412.2,0.998,0.61994,0.2373,595.1,405.1,1.0,0.65527,0.2592,629.1,442.5,1.0,0.54468,0.27592,522.9,471.0,0.449,0.58721,0.30313,563.7,517.4,0.005,0.4869,0.27552,467.4,470.3,0.345,0.51068,0.3252,490.3,555.1,0.026,0.47347,0.27801,454.5,474.6,0.378,0.49192,0.32868,472.2,561.1,0.048,0.4745,0.27887,455.5,476.0,0.357,0.48663,0.32563,467.2,555.9,0.044,0.47778,0.28807,458.7,491.7,0.26,0.49081,0.32563,471.2,555.9,0.042,0.65852,0.31834,632.2,543.4,1.0,0.66896,0.34118,642.2,582.4,1.0,0.56488,0.2596,542.3,443.1,0.805,0.5817,0.39402,558.4,672.6,0.838,0.44308,0.30011,425.4,512.3,0.86,0.59758,0.47635,573.7,813.1,0.914,0.43687,0.31501,419.4,537.7,0.884,0.61628,0.48856,591.6,834.0,0.924,0.37506,0.28403,360.1,484.8,0.849,0.55863,0.49577,536.3,846.3,0.872
941,25.988,960,1707,0.57828,0.23751,555.1,405.4,0.999,0.58031,0.23343,557.1,398.5,0.999,0.58167,0.232,558.4,396.0,0.999,0.58245,0.23111,559.2,394.5,0.999,0.58053,0.23426,557.3,399.9,0.999,0.58142,0.23426,558.2,399.9,0.999,0.58236,0.23395,559.1,399.3,1.0,0.59309,0.22893,569.4,390.8,0.999,0.59325,0.23183,569.5,395.7,0.999,0.58874,0.23823,565.2,406.7,0.999,0.59118,0.24268,567.5,414.2,0.998,0.62226,0.2376,597.4,405.6,1.0,0.65568,0.25861,629.5,441.5,1.0,0.54205,0.27552,520.4,470.3,0.46,0.58848,0.30206,564.9,515.6,0.006,0.48123,0.27987,462.0,477.7,0.357,0.51093,0.32465,490.5,554.2,0.032,0.46542,0.29388,446.8,501.7,0.388,0.49189,0.32821,472.2,560.2,0.057,0.46438,0.28836,445.8,492.2,0.367,0.48649,0.32696,467.0,558.1,0.053,0.46798,0.29562,449.3,504.6,0.266,0.49152,0.32485,471.9,554.5,0.049,0.66447,0.31916,637.9,544.8,1.0,0.67139,0.34112,644.5,582.3,1.0,0.56625,0.26044,543.6,444.6,0.82,0.58426,0.39394,560.9,672.5,0.852,0.4435,0.3002,425.8,512.4,0.871,0.59796,0.47691,574.0,814.1,0.921,0.43714,0.31494,419.7,537.6,0.893,0.61625,0.49003,591.6,836.5,0.93,0.37616,0.28381,361.1,484.5,0.86,0.55909,0.49634,536.7,847.3,0.882
942,26.016,960,1707,0.58118,0.23775,557.9,405.8,0.999,0.583,0.23357,559.7,398.7,0.999,0.58424,0.23225,560.9,396.4,0.999,0.58553,0.23145,562.1,395.1,0.999,0.58315,0.2343,559.8,400.0,0.999,0.58434,0.23432,561.0,400.0,0.999,0.58503,0.23401,561.6,399.4,1.0,0.5959,0.2299,572.1,392.4,0.999,0.59594,0.23204,572.1,396.1,0.999,0.59042,0.23848,566.8,407.1,0.999,0.59142,0.24258,567.8,414.1,0.998,0.62354,0.23953,598.6,408.9,1.0,0.65771,0.25839,631.4,441.1,1.0,0.54655,0.28194,524.7,481.3,0.46,0.59131,0.30138,567.7,514.5,0.006,0.4811,0.30863,461.9,526.8,0.359,0.51474,0.32198,494.2,549.6,0.033,0.46522,0.31972,446.6,545.8,0.391,0.49664,0.32547,476.8,555.6,0.06,0.46413,0.30943,445.6,528.2,0.368,0.49123,0.32346,471.6,552.1,0.055,0.46723,0.30809,448.5,525.9,0.266,0.49647,0.32201,476.6,549.7,0.051,0.66535,0.31956,638.7,545.5,1.0,0.67457,0.34125,647.6,582.5,1.0,0.56775,0.26039,545.0,444.5,0.83,0.58623,0.39389,562.8,672.4,0.863,0.44744,0.29986,429.5,511.9,0.879,0.59898,0.47882,575.0,817.3,0.926,0.44003,0.31351,422.4,535.2,0.9,0.61621,0.494,591.6,843.3,0.935,0.37684,0.28142,361.8,480.4,0.87,0.55989,0.49627,537.5,847.1,0.891
943,26.043,960,1707,0.58104,0.23834,557.8,406.9,0.999,0.58281,0.2327,559.5,397.2,0.999,0.58412,0.23313,560.8,398.0,0.999,0.58547,0.23181,562.0,395.7,0.999,0.58275,0.2343,559.4,399.9,0.999,0.58404,0.23446,560.7,400.2,0.999,0.58476,0.23413,561.4,399.7,1.0,0.59463,0.2305,570.8,393.5,0.999,0.59562,0.23241,571.8,396.7,0.999,0.59012,0.23905,566.5,408.1,0.999,0.59196,0.2435,568.3,415.7,0.998,0.62067,0.24083,595.8,411.1,1.0,0.65764,0.25805,631.3,440.5,1.0,0.54734,0.28556,525.4,487.5,0.438,0.59166,0.30231,568.0,516.0,0.005,0.48143,0.31686,462.2,540.9,0.343,0.51669,0.32332,496.0,551.9,0.031,0.46585,0.32549,447.2,555.6,0.375,0.49916,0.32508,479.2,554.9,0.057,0.46444,0.31519,445.9,538.0,0.352,0.49376,0.32361,474.0,552.4,0.053,0.46797,0.31391,449.2,535.8,0.252,0.4987,0.32295,478.8,551.3,0.049,0.66357,0.31993,637.0,546.1,1.0,0.67476,0.34141,647.8,582.8,1.0,0.56823,0.25936,545.5,442.7,0.83,0.58824,0.39382,564.7,672.2,0.869,0.44871,0.3,430.8,512.1,0.882,0.59957,0.47877,575.6,817.3,0.929,0.44185,0.31353,424.2,535.2,0.903,0.61627,0.49463,591.6,844.3,0.938,0.37791,0.28221,362.8,481.7,0.874,0.56082,0.49715,538.4,848.6,0.895
944,26.071,960,1707,0.58048,0.23927,557.3,408.4,0.999,0.58258,0.23378,559.3,399.1,0.999,0.584,0.23375,560.6,399.0,0.999,0.58536,0.23232,562.0,396.6,0.999,0.58249,0.23472,559.2,400.7,0.999,0.58369,0.23469,560.3,400.6,0.999,0.58442,0.23458,561.0,400.4,1.0,0.59409,0.23105,570.3,394.4,0.999,0.59551,0.23266,571.7,397.2,0.999,0.58987,0.23978,566.3,409.3,0.999,0.59248,0.24417,568.8,416.8,0.998,0.61968,0.24092,594.9,411.2,1.0,0.65825,0.25788,631.9,440.2,1.0,0.54736,0.2863,525.5,488.7,0.422,0.59499,0.30381,571.2,518.6,0.005,0.48164,0.31918,462.4,544.8,0.332,0.51773,0.32875,497.0,561.2,0.031,0.46603,0.32696,447.4,558.1,0.363,0.49994,0.33034,479.9,563.9,0.056,0.46474,0.31775,446.2,542.4,0.34,0.49407,0.32965,474.3,562.7,0.051,0.46846,0.31658,449.7,540.4,0.241,0.5,0.32925,480.0,562.0,0.048,0.66334,0.32019,636.8,546.6,1.0,0.67821,0.34149,651.1,582.9,1.0,0.56908,0.25938,546.3,442.8,0.834,0.58849,0.39383,564.9,672.3,0.877,0.44914,0.29994,431.2,512.0,0.887,0.59964,0.47872,575.7,817.2,0.932,0.44247,0.314,424.8,536.0,0.908,0.61541,0.49543,590.8,845.7,0.941,0.37895,0.28256,363.8,482.3,0.879,0.5612,0.49708,538.8,848.5,0.9
945,26.098,960,1707,0.58416,0.23936,560.8,408.6,0.999,0.58546,0.23421,562.0,399.8,0.999,0.58635,0.23394,562.9,399.3,0.999,0.58714,0.23243,563.7,396.8,0.999,0.58542,0.23507,562.0,401.3,0.999,0.58663,0.23494,563.2,401.0,0.999,0.58692,0.23507,563.4,401.3,1.0,0.59631,0.23114,572.5,394.6,0.999,0.59587,0.2334,572.0,398.4,0.999,0.59235,0.24001,568.7,409.7,0.999,0.59323,0.24397,569.5,416.5,0.998,0.62187,0.24096,597.0,411.3,1.0,0.6569,0.25771,630.6,439.9,1.0,0.5487,0.28625,526.8,488.6,0.439,0.58778,0.30351,564.3,518.1,0.006,0.48182,0.32192,462.5,549.5,0.347,0.51643,0.3272,495.8,558.5,0.034,0.46567,0.32632,447.0,557.0,0.378,0.49658,0.33028,476.7,563.8,0.061,0.46497,0.32155,446.4,548.9,0.355,0.49159,0.329,471.9,561.6,0.056,0.46858,0.31913,449.8,544.8,0.253,0.49839,0.32837,478.5,560.5,0.052,0.66656,0.32024,639.9,546.7,1.0,0.67794,0.34153,650.8,583.0,1.0,0.56963,0.25979,546.8,443.5,0.847,0.58931,0.39197,565.7,669.1,0.887,0.44877,0.30034,430.8,512.7,0.895,0.59992,0.47765,575.9,815.4,0.937,0.44223,0.31422,424.5,536.4,0.914,0.61544,0.49273,590.8,841.1,0.945,0.37813,0.28329,363.0,483.6,0.888,0.56004,0.49499,537.6,844.9,0.908
946,26.126,960,1707,0.58603,0.23981,562.6,409.4,0.999,0.58686,0.2351,563.4,401.3,0.999,0.5876,0.23449,564.1,400.3,0.999,0.58815,0.23274,564.6,397.3,0.999,0.58693,0.23597,563.5,402.8,0.999,0.58827,0.23572,564.7,402.4,1.0,0.58856,0.23611,565.0,403.0,1.0,0.59821,0.23136,574.3,394.9,0.999,0.59704,0.2349,573.2,401.0,0.999,0.59408,0.2403,570.3,410.2,0.999,0.59434,0.2439,570.6,416.3,0.999,0.62462,0.24067,599.6,410.8,1.0,0.6562,0.25802,629.9,440.4,1.0,0.55117,0.28621,529.1,488.6,0.443,0.58443,0.30309,561.1,517.4,0.006,0.482,0.32121,462.7,548.3,0.349,0.51391,0.32664,493.4,557.6,0.035,0.46574,0.32405,447.1,553.2,0.38,0.4929,0.32982,473.2,563.0,0.064,0.46507,0.32101,446.5,548.0,0.356,0.48635,0.32785,466.9,559.6,0.059,0.46868,0.31906,449.9,544.6,0.252,0.49295,0.3274,473.2,558.9,0.055,0.66769,0.32024,641.0,546.6,1.0,0.67759,0.34159,650.5,583.1,1.0,0.56976,0.25988,547.0,443.6,0.856,0.5899,0.39157,566.3,668.4,0.892,0.45075,0.30057,432.7,513.1,0.901,0.60002,0.47632,576.0,813.1,0.941,0.44365,0.31448,425.9,536.8,0.919,0.61537,0.49008,590.8,836.6,0.948,0.37871,0.28339,363.6,483.7,0.895,0.56003,0.49299,537.6,841.5,0.913
947,26.154,960,1707,0.588,0.23996,564.5,409.6,0.999,0.58872,0.23548,565.2,402.0,0.999,0.59019,0.23468,566.6,400.6,0.999,0.59084,0.23285,567.2,397.5,0.999,0.58932,0.23625,565.7,403.3,1.0,0.59029,0.23596,566.7,402.8,1.0,0.59061,0.23638,567.0,403.5,1.0,0.60092,0.23147,576.9,395.1,0.999,0.60141,0.23512,577.4,401.4,0.999,0.59655,0.24039,572.7,410.3,0.999,0.59971,0.24413,575.7,416.7,0.999,0.6256,0.24062,600.6,410.7,1.0,0.65696,0.25868,630.7,441.6,1.0,0.55189,0.28634,529.8,488.8,0.456,0.5851,0.3045,561.7,519.8,0.007,0.48213,0.32084,462.8,547.7,0.365,0.51341,0.32893,492.9,561.5,0.042,0.4659,0.32512,447.3,555.0,0.394,0.49257,0.33301,472.9,568.4,0.075,0.46511,0.32066,446.5,547.4,0.37,0.48584,0.33071,466.4,564.5,0.069,0.46849,0.31894,449.7,544.4,0.264,0.49201,0.33006,472.3,563.4,0.064,0.66819,0.32012,641.5,546.4,1.0,0.68041,0.34184,653.2,583.5,1.0,0.56975,0.25995,547.0,443.7,0.867,0.5908,0.39159,567.2,668.4,0.9,0.45081,0.3006,432.8,513.1,0.908,0.60006,0.47635,576.1,813.1,0.945,0.44368,0.31472,425.9,537.2,0.924,0.615,0.49027,590.4,836.9,0.951,0.37926,0.28436,364.1,485.4,0.902,0.55932,0.49244,536.9,840.6,0.919
948,26.181,960,1707,0.58861,0.23995,565.1,409.6,0.999,0.58913,0.23569,565.6,402.3,0.999,0.59081,0.23479,567.2,400.8,0.999,0.59154,0.23295,567.9,397.6,0.999,0.59004,0.23648,566.4,403.7,1.0,0.59101,0.23624,567.4,403.3,1.0,0.59146,0.23674,567.8,404.1,1.0,0.60168,0.23153,577.6,395.2,0.999,0.60135,0.23563,577.3,402.2,0.999,0.59756,0.24038,573.7,410.3,0.999,0.60176,0.2442,577.7,416.9,0.999,0.6263,0.23988,601.2,409.5,1.0,0.65636,0.25855,630.1,441.3,1.0,0.55406,0.28552,531.9,487.4,0.469,0.58578,0.30404,562.3,519.0,0.007,0.48217,0.31964,462.9,545.6,0.379,0.5136,0.32786,493.1,559.7,0.044,0.46593,0.32545,447.3,555.5,0.408,0.49326,0.33237,473.5,567.4,0.077,0.46518,0.32264,446.6,550.7,0.383,0.48603,0.32987,466.6,563.1,0.072,0.46852,0.32121,449.8,548.3,0.274,0.49266,0.3294,473.0,562.3,0.067,0.6676,0.31937,640.9,545.2,1.0,0.67984,0.34188,652.7,583.6,1.0,0.57028,0.26008,547.5,444.0,0.877,0.59185,0.3912,568.2,667.8,0.906,0.45254,0.3011,434.4,514.0,0.914,0.60003,0.47548,576.0,811.6,0.948,0.44633,0.31481,428.5,537.4,0.929,0.61477,0.48809,590.2,833.2,0.954,0.38018,0.28641,365.0,488.9,0.908,0.55921,0.49137,536.8,838.8,0.924
949,26.209,960,1707,0.58793,0.24014,564.4,409.9,0.999,0.58859,0.23623,565.0,403.2,0.999,0.59025,0.23538,566.6,401.8,0.999,0.59101,0.23357,567.4,398.7,0.999,0.58953,0.2369,566.0,404.4,1.0,0.59047,0.23664,566.9,404.0,1.0,0.59081,0.23707,567.2,404.7,1.0,0.60109,0.23176,577.0,395.6,0.999,0.60075,0.23559,576.7,402.1,0.999,0.59688,0.24059,573.0,410.7,0.999,0.60144,0.24414,577.4,416.8,0.999,0.62585,0.23988,600.8,409.5,1.0,0.65876,0.25759,632.4,439.7,1.0,0.55369,0.28546,531.5,487.3,0.477,0.5929,0.30377,569.2,518.5,0.007,0.48229,0.31818,463.0,543.1,0.383,0.5137,0.32728,493.1,558.7,0.043,0.46627,0.32773,447.6,559.4,0.41,0.49375,0.3314,474.0,565.7,0.077,0.46565,0.32222,447.0,550.0,0.385,0.48617,0.32892,466.7,561.5,0.072,0.46902,0.32092,450.3,547.8,0.275,0.49345,0.32846,473.7,560.7,0.067,0.66854,0.31946,641.8,545.3,1.0,0.68238,0.34197,655.1,583.7,1.0,0.57043,0.26019,547.6,444.1,0.884,0.59331,0.39103,569.6,667.5,0.911,0.45279,0.30121,434.7,514.2,0.918,0.60008,0.47545,576.1,811.6,0.951,0.44608,0.31506,428.2,537.8,0.932,0.61474,0.48831,590.1,833.5,0.956,0.38027,0.28691,365.1,489.8,0.913,0.55912,0.4914,536.8,838.8,0.928
950,26.237,960,1707,0.58753,0.23975,564.0,409.3,0.999,0.58831,0.23623,564.8,403.3,0.999,0.5901,0.23524,566.5,401.6,0.999,0.59081,0.23357,567.2,398.7,0.999,0.58914,0.23689,565.6,404.4,1.0,0.59007,0.23664,566.5,403.9,1.0,0.59047,0.23694,566.8,404.5,1.0,0.6007,0.23175,576.7,395.6,0.999,0.60038,0.23556,576.4,402.1,0.999,0.59673,0.24054,572.9,410.6,0.999,0.60113,0.24411,577.1,416.7,0.999,0.62596,0.23952,600.9,408.9,1.0,0.65862,0.2576,632.3,439.7,1.0,0.55508,0.28545,532.9,487.3,0.489,0.59458,0.3037,570.8,518.4,0.008,0.48265,0.31706,463.3,541.2,0.398,0.51414,0.32522,493.6,555.1,0.044,0.46637,0.32536,447.7,555.4,0.426,0.49621,0.33002,476.4,563.3,0.079,0.46609,0.31854,447.4,543.7,0.4,0.48932,0.32802,469.8,559.9,0.074,0.46928,0.31735,450.5,541.7,0.287,0.49633,0.32731,476.5,558.7,0.068,0.67116,0.3199,644.3,546.1,1.0,0.68198,0.34205,654.7,583.9,1.0,0.57176,0.26144,548.9,446.3,0.892,0.59382,0.39088,570.1,667.2,0.915,0.45228,0.3022,434.2,515.9,0.923,0.60005,0.47481,576.0,810.5,0.954,0.44557,0.31624,427.7,539.8,0.936,0.61331,0.48811,588.8,833.2,0.958,0.38017,0.2881,365.0,491.8,0.918,0.55913,0.4884,536.8,833.7,0.932
951,26.264,960,1707,0.58716,0.23975,563.7,409.3,0.999,0.58758,0.23636,564.1,403.5,0.999,0.58908,0.23523,565.5,401.5,0.999,0.58957,0.23363,566.0,398.8,0.999,0.58865,0.23695,565.1,404.5,1.0,0.58968,0.2367,566.1,404.0,1.0,0.58982,0.23693,566.2,404.4,1.0,0.60061,0.23175,576.6,395.6,0.999,0.60026,0.2357,576.3,402.3,0.999,0.59642,0.2406,572.6,410.7,0.999,0.60045,0.24439,576.4,417.2,0.999,0.6259,0.2395,600.9,408.8,1.0,0.6593,0.25761,632.9,439.7,1.0,0.55652,0.28699,534.3,489.9,0.488,0.59934,0.30174,575.4,515.1,0.007,0.48414,0.31575,464.8,539.0,0.395,0.51912,0.32093,498.4,547.8,0.043,0.47014,0.32624,451.3,556.9,0.423,0.50262,0.32302,482.5,551.4,0.078,0.46829,0.31942,449.6,545.2,0.396,0.49562,0.3214,475.8,548.6,0.072,0.47251,0.31792,453.6,542.7,0.283,0.50228,0.32095,482.2,547.9,0.067,0.67244,0.32032,645.5,546.8,1.0,0.68337,0.34222,656.0,584.2,1.0,0.57271,0.26174,549.8,446.8,0.897,0.59432,0.3907,570.6,666.9,0.92,0.45278,0.3035,434.7,518.1,0.926,0.5997,0.47487,575.7,810.6,0.957,0.44703,0.3168,429.1,540.8,0.937,0.61115,0.48816,586.7,833.3,0.96,0.38074,0.29059,365.5,496.0,0.92,0.55812,0.48864,535.8,834.1,0.935
952,26.292,960,1707,0.58781,0.23982,564.3,409.4,0.999,0.58824,0.23651,564.7,403.7,0.999,0.58943,0.23528,565.8,401.6,0.999,0.58988,0.23385,566.3,399.2,0.999,0.58894,0.2371,565.4,404.7,1.0,0.58987,0.23682,566.3,404.3,1.0,0.59024,0.23693,566.6,404.4,1.0,0.60072,0.23199,576.7,396.0,0.999,0.60024,0.23575,576.2,402.4,0.999,0.59675,0.24062,572.9,410.7,0.999,0.60011,0.24415,576.1,416.8,0.999,0.62194,0.24213,597.1,413.3,1.0,0.66099,0.25797,634.6,440.4,1.0,0.55369,0.28627,531.5,488.7,0.488,0.60172,0.30194,577.6,515.4,0.007,0.48567,0.3158,466.2,539.1,0.391,0.52111,0.31996,500.3,546.2,0.042,0.47295,0.32615,454.0,556.7,0.417,0.50446,0.32298,484.3,551.3,0.076,0.47091,0.32213,452.1,549.9,0.39,0.49729,0.32143,477.4,548.7,0.07,0.47489,0.31883,455.9,544.2,0.278,0.50388,0.32108,483.7,548.1,0.066,0.67225,0.32036,645.4,546.9,1.0,0.68344,0.34246,656.1,584.6,1.0,0.57304,0.26183,550.1,446.9,0.899,0.59456,0.39074,570.8,667.0,0.922,0.45254,0.30416,434.4,519.2,0.925,0.59868,0.47426,574.7,809.6,0.958,0.44664,0.31698,428.8,541.1,0.937,0.60997,0.48757,585.6,832.3,0.961,0.38149,0.29228,366.2,498.9,0.919,0.55812,0.48892,535.8,834.6,0.937
953,26.319,960,1707,0.58933,0.23982,565.8,409.4,0.999,0.59011,0.23651,566.5,403.7,0.999,0.59101,0.23527,567.4,401.6,0.999,0.59226,0.23385,568.6,399.2,1.0,0.59077,0.23711,567.1,404.8,1.0,0.59144,0.23685,567.8,404.3,1.0,0.59149,0.23692,567.8,404.4,1.0,0.60259,0.23211,578.5,396.2,1.0,0.60128,0.23597,577.2,402.8,0.999,0.59803,0.24062,574.1,410.7,0.999,0.59987,0.24398,575.9,416.5,0.999,0.62004,0.24333,595.2,415.4,1.0,0.66078,0.25833,634.4,441.0,1.0,0.55939,0.2875,537.0,490.8,0.494,0.60122,0.29872,577.2,509.9,0.007,0.49603,0.31587,476.2,539.2,0.401,0.53201,0.30469,510.7,520.1,0.042,0.47821,0.3246,459.1,554.1,0.43,0.51742,0.30278,496.7,516.8,0.077,0.4751,0.32071,456.1,547.5,0.403,0.51259,0.29948,492.1,511.2,0.072,0.48955,0.31873,470.0,544.1,0.289,0.51792,0.30033,497.2,512.7,0.067,0.66853,0.32032,641.8,546.8,1.0,0.68332,0.34247,656.0,584.6,1.0,0.573,0.26188,550.1,447.0,0.9,0.5956,0.39053,571.8,666.6,0.924,0.45243,0.30571,434.3,521.8,0.927,0.59755,0.47424,573.6,809.5,0.961,0.44653,0.31774,428.7,542.4,0.938,0.6086,0.48763,584.3,832.4,0.963,0.38257,0.29376,367.3,501.5,0.92,0.55747,0.48793,535.2,832.9,0.941
954,26.347,960,1707,0.58931,0.23977,565.7,409.3,0.999,0.59008,0.23651,566.5,403.7,0.999,0.59095,0.23519,567.3,401.5,0.999,0.59191,0.23384,568.2,399.2,1.0,0.59052,0.23711,566.9,404.8,1.0,0.59148,0.23685,567.8,404.3,1.0,0.59153,0.23691,567.9,404.4,1.0,0.60299,0.23211,578.9,396.2,1.0,0.60148,0.2361,577.4,403.0,0.999,0.59812,0.24059,574.2,410.7,0.999,0.60178,0.24409,577.7,416.7,0.999,0.62218,0.24316,597.3,415.1,1.0,0.65965,0.26075,633.3,445.1,1.0,0.55905,0.28487,536.7,486.3,0.461,0.5977,0.29884,573.8,510.1,0.007,0.50745,0.29759,487.2,508.0,0.378,0.53,0.3091,508.8,527.6,0.041,0.49459,0.29918,474.8,510.7,0.41,0.51486,0.30823,494.3,526.2,0.075,0.50005,0.29555,480.1,504.5,0.385,0.5099,0.30526,489.5,521.1,0.07,0.50784,0.29531,487.5,504.1,0.275,0.51531,0.30561,494.7,521.7,0.065,0.66872,0.32003,642.0,546.3,1.0,0.68301,0.34248,655.7,584.6,1.0,0.57343,0.26215,550.5,447.5,0.892,0.59588,0.39055,572.0,666.7,0.918,0.4526,0.30776,434.5,525.3,0.921,0.59717,0.47418,573.3,809.4,0.959,0.44673,0.31895,428.9,544.5,0.936,0.60809,0.48768,583.8,832.5,0.962,0.38249,0.2947,367.2,503.1,0.915,0.55749,0.48794,535.2,832.9,0.938
955,26.375,960,1707,0.58958,0.23981,566.0,409.3,0.999,0.59036,0.23655,566.7,403.8,0.999,0.59123,0.23518,567.6,401.5,0.999,0.59199,0.23387,568.3,399.2,0.999,0.5905,0.23723,566.9,405.0,1.0,0.59162,0.23696,568.0,404.5,1.0,0.59168,0.23722,568.0,404.9,1.0,0.60358,0.23217,579.4,396.3,1.0,0.60173,0.23644,577.7,403.6,0.999,0.59835,0.24059,574.4,410.7,0.999,0.60222,0.24436,578.1,417.1,0.999,0.62124,0.2433,596.4,415.3,1.0,0.66057,0.2607,634.1,445.0,1.0,0.55911,0.28808,536.7,491.8,0.481,0.59832,0.29936,574.4,511.0,0.007,0.49845,0.30935,478.5,528.1,0.395,0.53113,0.31132,509.9,531.4,0.041,0.4936,0.3207,473.9,547.4,0.424,0.51692,0.31166,496.2,532.0,0.076,0.48532,0.31422,465.9,536.4,0.397,0.51125,0.30897,490.8,527.4,0.071,0.48937,0.31242,469.8,533.3,0.285,0.51621,0.30911,495.6,527.6,0.066,0.66863,0.32014,641.9,546.5,1.0,0.68317,0.34249,655.8,584.6,1.0,0.57391,0.26257,551.0,448.2,0.894,0.59634,0.39061,572.5,666.8,0.921,0.45256,0.30868,434.5,526.9,0.923,0.59678,0.47416,572.9,809.4,0.961,0.4466,0.32009,428.7,546.4,0.937,0.60802,0.48776,583.7,832.6,0.964,0.38216,0.295,366.9,503.6,0.916,0.5573,0.48811,535.0,833.2,0.941
956,26.402,960,1707,0.59034,0.24117,566.7,411.7,0.999,0.59117,0.23753,567.5,405.5,0.999,0.59225,0.23638,568.6,403.5,0.999,0.5931,0.23518,569.4,401.5,1.0,0.59077,0.23837,567.1,406.9,1.0,0.59191,0.23857,568.2,407.2,1.0,0.59192,0.23854,568.2,407.2,1.0,0.60482,0.23229,580.6,396.5,1.0,0.60178,0.23709,577.7,404.7,0.999,0.59928,0.24135,575.3,412.0,0.999,0.60198,0.24464,577.9,417.6,0.999,0.62147,0.24326,596.6,415.2,1.0,0.66042,0.2603,634.0,444.3,1.0,0.55426,0.28682,532.1,489.6,0.494,0.5984,0.30074,574.5,513.4,0.007,0.48928,0.31231,469.7,533.1,0.403,0.52782,0.31928,506.7,545.0,0.041,0.479,0.3239,459.8,552.9,0.43,0.50836,0.32541,488.0,555.5,0.075,0.4725,0.32118,453.6,548.2,0.402,0.50192,0.3245,481.8,553.9,0.069,0.47525,0.317,456.2,541.1,0.288,0.50851,0.3222,488.2,550.0,0.065,0.67191,0.32046,645.0,547.0,1.0,0.68328,0.34249,656.0,584.6,1.0,0.57454,0.26396,551.6,450.6,0.898,0.59726,0.39099,573.4,667.4,0.922,0.45201,0.30911,433.9,527.7,0.924,0.59674,0.47408,572.9,809.3,0.961,0.44646,0.32164,428.6,549.0,0.937,0.60815,0.48805,583.8,833.1,0.964,0.38066,0.29672,365.4,506.5,0.917,0.55723,0.48828,534.9,833.5,0.942
957,26.43,960,1707,0.59102,0.24152,567.4,412.3,0.999,0.59222,0.23774,568.5,405.8,0.999,0.59397,0.23657,570.2,403.8,0.999,0.59519,0.23516,571.4,401.4,1.0,0.59144,0.23869,567.8,407.4,1.0,0.59226,0.23875,568.6,407.6,1.0,0.59226,0.23892,568.6,407.8,1.0,0.60669,0.23229,582.4,396.5,1.0,0.60211,0.23727,578.0,405.0,0.999,0.60032,0.24146,576.3,412.2,0.999,0.60176,0.24465,577.7,417.6,0.999,0.63686,0.24527,611.4,418.7,1.0,0.65688,0.26022,630.6,444.2,1.0,0.55415,0.28615,532.0,488.5,0.497,0.58815,0.30148,564.6,514.6,0.007,0.48806,0.31457,468.5,537.0,0.396,0.51799,0.32491,497.3,554.6,0.039,0.47475,0.32522,455.8,555.2,0.42,0.49851,0.32981,478.6,563.0,0.071,0.46946,0.32338,450.7,552.0,0.393,0.49105,0.32871,471.4,561.1,0.066,0.47192,0.31902,453.0,544.6,0.28,0.49636,0.32771,476.5,559.4,0.063,0.67581,0.32125,648.8,548.4,1.0,0.68141,0.34234,654.2,584.4,1.0,0.57592,0.26483,552.9,452.1,0.892,0.59761,0.39101,573.7,667.4,0.916,0.45194,0.30965,433.9,528.6,0.918,0.59687,0.47401,573.0,809.1,0.959,0.44638,0.32232,428.5,550.2,0.931,0.60841,0.48811,584.1,833.2,0.961,0.38063,0.29717,365.4,507.3,0.912,0.55725,0.48837,535.0,833.6,0.939
958,26.458,960,1707,0.59141,0.24165,567.8,412.5,0.999,0.59262,0.23796,568.9,406.2,1.0,0.59458,0.23679,570.8,404.2,0.999,0.5957,0.23517,571.9,401.4,1.0,0.59162,0.239,568.0,408.0,1.0,0.59246,0.23896,568.8,407.9,1.0,0.59246,0.23931,568.8,408.5,1.0,0.60681,0.23242,582.5,396.7,1.0,0.60208,0.23774,578.0,405.8,0.999,0.60097,0.24145,576.9,412.1,0.999,0.60158,0.24463,577.5,417.6,0.999,0.63554,0.24481,610.1,417.9,1.0,0.65226,0.26218,626.2,447.5,1.0,0.55414,0.28546,532.0,487.3,0.519,0.58856,0.30385,565.0,518.7,0.007,0.48735,0.31529,467.9,538.2,0.417,0.51444,0.32582,493.9,556.2,0.04,0.47216,0.32572,453.3,556.0,0.44,0.49562,0.33093,475.8,564.9,0.073,0.46685,0.32274,448.2,550.9,0.414,0.48676,0.32874,467.3,561.2,0.068,0.4705,0.31971,451.7,545.7,0.298,0.49314,0.3281,473.4,560.1,0.064,0.67743,0.32149,650.3,548.8,1.0,0.68112,0.34238,653.9,584.4,1.0,0.57665,0.26478,553.6,452.0,0.897,0.59846,0.39102,574.5,667.5,0.919,0.45286,0.31109,434.8,531.0,0.921,0.59687,0.47395,573.0,809.0,0.96,0.4479,0.32368,430.0,552.5,0.933,0.60846,0.48808,584.1,833.2,0.962,0.38019,0.29912,365.0,510.6,0.916,0.55745,0.48913,535.2,835.0,0.941
959,26.485,960,1707,0.59138,0.24238,567.7,413.8,0.999,0.59253,0.23842,568.8,407.0,1.0,0.59443,0.23731,570.6,405.1,0.999,0.59548,0.23597,571.7,402.8,1.0,0.59138,0.23955,567.7,408.9,1.0,0.59214,0.23965,568.5,409.1,1.0,0.59207,0.23976,568.4,409.3,1.0,0.60695,0.23277,582.7,397.3,1.0,0.6021,0.23804,578.0,406.3,0.999,0.60089,0.24241,576.9,413.8,0.999,0.60059,0.24511,576.6,418.4,0.999,0.63401,0.24408,608.6,416.6,1.0,0.65232,0.26211,626.2,447.4,1.0,0.55027,0.28462,528.3,485.8,0.539,0.58887,0.30457,565.3,519.9,0.008,0.48239,0.31618,463.1,539.7,0.434,0.51534,0.32482,494.7,554.5,0.04,0.46925,0.32663,450.5,557.6,0.453,0.49589,0.3304,476.1,564.0,0.074,0.46428,0.32439,445.7,553.7,0.426,0.48858,0.32858,469.0,560.9,0.069,0.46671,0.32045,448.0,547.0,0.309,0.495,0.32799,475.2,559.9,0.065,0.67657,0.32129,649.5,548.4,1.0,0.68194,0.34251,654.7,584.7,1.0,0.57699,0.26551,553.9,453.2,0.898,0.59944,0.39103,575.5,667.5,0.921,0.45545,0.31255,437.2,533.5,0.921,0.59689,0.47386,573.0,808.9,0.961,0.45077,0.32534,432.7,555.4,0.932,0.60848,0.48811,584.1,833.2,0.962,0.38197,0.29991,366.7,511.9,0.915,0.55783,0.48846,535.5,833.8,0.942
960,26.513,960,1707,0.59159,0.24275,567.9,414.4,0.999,0.59321,0.23857,569.5,407.2,1.0,0.59535,0.23742,571.5,405.3,0.999,0.59664,0.23597,572.8,402.8,1.0,0.5917,0.23981,568.0,409.3,1.0,0.59254,0.24,568.8,409.7,1.0,0.59244,0.24001,568.7,409.7,1.0,0.60937,0.23285,585.0,397.5,1.0,0.60344,0.23818,579.3,406.6,0.999,0.60099,0.24313,576.9,415.0,0.999,0.60052,0.2455,576.5,419.1,0.999,0.63376,0.24132,608.4,411.9,1.0,0.6526,0.26292,626.5,448.8,1.0,0.55155,0.28403,529.5,484.8,0.557,0.59047,0.30684,566.8,523.8,0.007,0.48276,0.31843,463.4,543.6,0.451,0.5161,0.33179,495.5,566.4,0.039,0.47011,0.33169,451.3,566.2,0.466,0.49907,0.33481,479.1,571.5,0.071,0.46504,0.32782,446.4,559.6,0.439,0.49303,0.33265,473.3,567.8,0.066,0.46803,0.32476,449.3,554.4,0.319,0.4992,0.33182,479.2,566.4,0.063,0.67634,0.3213,649.3,548.5,1.0,0.68193,0.34272,654.6,585.0,1.0,0.57799,0.26552,554.9,453.2,0.894,0.60005,0.39115,576.0,667.7,0.917,0.45647,0.31348,438.2,535.1,0.918,0.59696,0.47385,573.1,808.9,0.96,0.4523,0.32688,434.2,558.0,0.931,0.60854,0.48808,584.2,833.1,0.962,0.38256,0.30014,367.3,512.3,0.913,0.55824,0.4885,535.9,833.9,0.941
961,26.54,960,1707,0.59403,0.24338,570.3,415.4,0.999,0.59545,0.23907,571.6,408.1,1.0,0.5973,0.23794,573.4,406.2,0.999,0.59819,0.2367,574.3,404.1,1.0,0.59494,0.24045,571.1,410.4,1.0,0.5954,0.24043,571.6,410.4,1.0,0.59516,0.24028,571.4,410.2,1.0,0.60921,0.23346,584.8,398.5,1.0,0.60624,0.23831,582.0,406.8,0.999,0.60231,0.24401,578.2,416.5,0.999,0.60195,0.24596,577.9,419.9,0.999,0.62897,0.24143,603.8,412.1,1.0,0.66072,0.26326,634.3,449.4,1.0,0.55194,0.28455,529.9,485.7,0.59,0.60132,0.31079,577.3,530.5,0.008,0.48547,0.32035,466.0,546.8,0.49,0.52589,0.3313,504.9,565.5,0.043,0.47083,0.33164,452.0,566.1,0.501,0.51129,0.33326,490.8,568.9,0.077,0.46553,0.32877,446.9,561.2,0.474,0.50495,0.33083,484.8,564.7,0.072,0.46827,0.32624,449.5,556.9,0.353,0.51009,0.33022,489.7,563.7,0.069,0.67473,0.32131,647.7,548.5,1.0,0.68611,0.34318,658.7,585.8,1.0,0.57837,0.26595,555.2,454.0,0.901,0.60073,0.39131,576.7,668.0,0.922,0.45633,0.31333,438.1,534.9,0.924,0.59697,0.47386,573.1,808.9,0.963,0.45211,0.32669,434.0,557.7,0.936,0.60857,0.4885,584.2,833.9,0.964,0.38288,0.30009,367.6,512.3,0.919,0.55907,0.48856,536.7,834.0,0.945
962,26.568,960,1707,0.59742,0.24328,573.5,415.3,0.999,0.59898,0.23906,575.0,408.1,1.0,0.60025,0.23797,576.2,406.2,1.0,0.60108,0.23664,577.0,403.9,1.0,0.59803,0.24038,574.1,410.3,1.0,0.59832,0.24043,574.4,410.4,1.0,0.59798,0.24026,574.1,410.1,1.0,0.61075,0.23363,586.3,398.8,1.0,0.60904,0.23829,584.7,406.8,0.999,0.60465,0.2439,580.5,416.3,0.999,0.60455,0.24592,580.4,419.8,0.999,0.62827,0.24203,603.1,413.1,1.0,0.6642,0.26317,637.6,449.2,1.0,0.55199,0.28456,529.9,485.7,0.593,0.60086,0.31027,576.8,529.6,0.008,0.4856,0.31995,466.2,546.1,0.496,0.52497,0.3301,504.0,563.5,0.042,0.47082,0.33072,452.0,564.5,0.505,0.50926,0.33211,488.9,566.9,0.077,0.46572,0.32801,447.1,559.9,0.478,0.50484,0.32973,484.6,562.8,0.072,0.46895,0.32573,450.2,556.0,0.355,0.50955,0.3292,489.2,561.9,0.069,0.67377,0.32131,646.8,548.5,1.0,0.68922,0.34326,661.7,585.9,1.0,0.57888,0.26612,555.7,454.3,0.897,0.60156,0.39303,577.5,670.9,0.921,0.45735,0.31299,439.1,534.3,0.923,0.59692,0.47488,573.0,810.6,0.963,0.4538,0.32644,435.6,557.2,0.937,0.60836,0.48973,584.0,836.0,0.964,0.38323,0.3014,367.9,514.5,0.918,0.56004,0.49026,537.6,836.9,0.944
963,26.596,960,1707,0.59719,0.24321,573.3,415.2,0.999,0.59855,0.23904,574.6,408.0,1.0,0.59968,0.23795,575.7,406.2,1.0,0.60045,0.23662,576.4,403.9,1.0,0.59785,0.24033,573.9,410.2,1.0,0.5982,0.24041,574.3,410.4,1.0,0.59802,0.24022,574.1,410.1,1.0,0.61038,0.23367,586.0,398.9,1.0,0.60913,0.23825,584.8,406.7,0.999,0.60491,0.24379,580.7,416.2,0.999,0.60726,0.24599,583.0,419.9,0.999,0.62763,0.24199,602.5,413.1,1.0,0.6658,0.26278,639.2,448.6,1.0,0.55207,0.28465,530.0,485.9,0.603,0.60001,0.30634,576.0,522.9,0.007,0.48442,0.31983,465.0,545.9,0.502,0.52446,0.3253,503.5,555.3,0.042,0.47029,0.3303,451.5,563.8,0.508,0.50581,0.33172,485.6,566.2,0.076,0.46583,0.32801,447.2,559.9,0.48,0.50125,0.32908,481.2,561.7,0.071,0.46939,0.32572,450.6,556.0,0.356,0.50694,0.3286,486.7,560.9,0.068,0.67368,0.32112,646.7,548.1,1.0,0.69082,0.34268,663.2,585.0,1.0,0.57921,0.26657,556.0,455.0,0.896,0.60253,0.39308,578.4,671.0,0.922,0.45776,0.31307,439.4,534.4,0.921,0.59692,0.47537,573.0,811.5,0.963,0.45414,0.32654,436.0,557.4,0.935,0.60841,0.48972,584.1,836.0,0.964,0.38369,0.30156,368.3,514.8,0.915,0.55978,0.49108,537.4,838.3,0.945
964,26.623,960,1707,0.59682,0.24446,572.9,417.3,1.0,0.59846,0.24004,574.5,409.7,1.0,0.5994,0.23901,575.4,408.0,1.0,0.60011,0.23793,576.1,406.1,1.0,0.59754,0.24125,573.6,411.8,1.0,0.59782,0.24099,573.9,411.4,1.0,0.59766,0.24062,573.8,410.7,1.0,0.61011,0.23464,585.7,400.5,1.0,0.60873,0.23832,584.4,406.8,1.0,0.60468,0.24525,580.5,418.6,0.999,0.60695,0.24671,582.7,421.1,0.999,0.62743,0.24223,602.3,413.5,1.0,0.66856,0.26263,641.8,448.3,1.0,0.55254,0.28534,530.4,487.1,0.603,0.60878,0.30716,584.4,524.3,0.007,0.48455,0.32071,465.2,547.5,0.494,0.52467,0.32528,503.7,555.3,0.04,0.47037,0.33092,451.6,564.9,0.499,0.50567,0.33144,485.4,565.8,0.072,0.46612,0.32914,447.5,561.8,0.47,0.49947,0.32901,479.5,561.6,0.068,0.46973,0.3269,450.9,558.0,0.347,0.50397,0.32868,483.8,561.1,0.065,0.6713,0.32097,644.5,547.9,1.0,0.69164,0.34268,664.0,585.0,1.0,0.57964,0.2665,556.5,454.9,0.896,0.60316,0.39306,579.0,670.9,0.921,0.4583,0.31409,440.0,536.1,0.92,0.59693,0.47535,573.1,811.4,0.963,0.45503,0.32729,436.8,558.7,0.933,0.60843,0.48973,584.1,836.0,0.964,0.38506,0.30153,369.7,514.7,0.912,0.55956,0.49117,537.2,838.4,0.945
965,26.651,960,1707,0.59678,0.24433,572.9,417.1,1.0,0.5981,0.23999,574.2,409.7,1.0,0.59906,0.23894,575.1,407.9,1.0,0.59975,0.23785,575.8,406.0,1.0,0.59743,0.24116,573.5,411.7,1.0,0.59776,0.24092,573.8,411.2,1.0,0.5977,0.2406,573.8,410.7,1.0,0.61001,0.23461,585.6,400.5,1.0,0.6089,0.2383,584.5,406.8,1.0,0.60452,0.24503,580.3,418.3,0.999,0.60803,0.24693,583.7,421.5,0.999,0.62803,0.24172,602.9,412.6,1.0,0.67047,0.2627,643.7,448.4,1.0,0.55109,0.28533,529.0,487.1,0.623,0.60756,0.30704,583.3,524.1,0.008,0.48358,0.32049,464.2,547.1,0.513,0.52452,0.32493,503.5,554.7,0.044,0.46998,0.33063,451.2,564.4,0.513,0.50467,0.33156,484.5,566.0,0.078,0.46603,0.32868,447.4,561.0,0.484,0.49783,0.32876,477.9,561.2,0.073,0.46994,0.32642,451.1,557.2,0.36,0.50183,0.32842,481.8,560.6,0.07,0.67052,0.32034,643.7,546.8,1.0,0.69201,0.34232,664.3,584.3,1.0,0.57974,0.26683,556.6,455.5,0.903,0.60357,0.39303,579.4,670.9,0.926,0.46293,0.31541,444.4,538.4,0.923,0.59698,0.47519,573.1,811.2,0.966,0.45714,0.32825,438.9,560.3,0.936,0.60881,0.48979,584.5,836.1,0.967,0.38873,0.30403,373.2,519.0,0.915,0.55861,0.49031,536.3,837.0,0.948
966,26.678,960,1707,0.59705,0.24424,573.2,416.9,1.0,0.59816,0.23994,574.2,409.6,1.0,0.5992,0.23888,575.2,407.8,1.0,0.59986,0.23775,575.9,405.8,1.0,0.59776,0.2411,573.8,411.6,1.0,0.59818,0.24087,574.3,411.2,1.0,0.59815,0.24057,574.2,410.7,1.0,0.61014,0.23458,585.7,400.4,1.0,0.60961,0.23827,585.2,406.7,1.0,0.60504,0.24498,580.8,418.2,0.999,0.60872,0.247,584.4,421.6,0.999,0.62802,0.2418,602.9,412.8,1.0,0.66987,0.26268,643.1,448.4,1.0,0.55119,0.28534,529.1,487.1,0.612,0.60694,0.30702,582.7,524.1,0.007,0.4822,0.32036,462.9,546.9,0.492,0.52455,0.32381,503.6,552.7,0.042,0.4696,0.33041,450.8,564.0,0.492,0.50465,0.33128,484.5,565.5,0.075,0.4658,0.32833,447.2,560.5,0.462,0.49783,0.329,477.9,561.6,0.07,0.46924,0.32609,450.5,556.6,0.342,0.50108,0.32721,481.0,558.5,0.067,0.67055,0.32028,643.7,546.7,1.0,0.69245,0.34229,664.8,584.3,1.0,0.57996,0.26733,556.8,456.3,0.898,0.60424,0.39302,580.1,670.9,0.923,0.46537,0.3163,446.8,539.9,0.917,0.59706,0.47427,573.2,809.6,0.964,0.45926,0.33027,440.9,563.8,0.93,0.60934,0.4875,585.0,832.2,0.965,0.38988,0.30453,374.3,519.8,0.907,0.55856,0.49029,536.2,836.9,0.946
967,26.706,960,1707,0.59696,0.24463,573.1,417.6,1.0,0.59801,0.24007,574.1,409.8,1.0,0.59905,0.23898,575.1,407.9,1.0,0.59969,0.23787,575.7,406.0,1.0,0.59771,0.24115,573.8,411.6,1.0,0.59804,0.24094,574.1,411.3,1.0,0.598,0.24059,574.1,410.7,1.0,0.61028,0.23456,585.9,400.4,1.0,0.6094,0.23827,585.0,406.7,1.0,0.60489,0.24519,580.7,418.5,0.999,0.60811,0.24708,583.8,421.8,0.999,0.62778,0.24198,602.7,413.1,1.0,0.66985,0.26265,643.1,448.3,1.0,0.55222,0.2864,530.1,488.9,0.626,0.60654,0.30933,582.3,528.0,0.007,0.48503,0.32299,465.6,551.3,0.514,0.52444,0.3308,503.5,564.7,0.042,0.47126,0.33395,452.4,570.1,0.512,0.50462,0.3334,484.4,569.1,0.074,0.46674,0.33047,448.1,564.1,0.483,0.49809,0.332,478.2,566.7,0.069,0.46972,0.32813,450.9,560.1,0.361,0.50322,0.33154,483.1,565.9,0.067,0.67169,0.32047,644.8,547.0,1.0,0.69316,0.34236,665.4,584.4,1.0,0.58047,0.26728,557.3,456.3,0.895,0.60486,0.39301,580.7,670.9,0.921,0.46476,0.31597,446.2,539.4,0.917,0.59779,0.47478,573.9,810.4,0.963,0.45812,0.32981,439.8,563.0,0.931,0.61042,0.48815,586.0,833.3,0.965,0.38945,0.30311,373.9,517.4,0.908,0.55863,0.49029,536.3,836.9,0.945
968,26.734,960,1707,0.59766,0.24398,573.8,416.5,1.0,0.59799,0.24005,574.1,409.8,1.0,0.59893,0.23864,575.0,407.4,1.0,0.59828,0.23457,574.3,400.4,1.0,0.59808,0.24105,574.2,411.5,1.0,0.59836,0.24076,574.4,411.0,1.0,0.59822,0.24029,574.3,410.2,1.0,0.61025,0.23454,585.8,400.4,1.0,0.62518,0.23799,600.2,406.3,1.0,0.60544,0.2451,581.2,418.4,0.999,0.61148,0.24708,587.0,421.8,0.999,0.6244,0.24305,599.4,414.9,1.0,0.68261,0.26177,655.3,446.8,1.0,0.55143,0.28625,529.4,488.6,0.636,0.60889,0.30921,584.5,527.8,0.007,0.48529,0.32319,465.9,551.7,0.53,0.52432,0.33027,503.3,563.8,0.045,0.47225,0.33559,453.4,572.9,0.524,0.50427,0.33314,484.1,568.7,0.079,0.46699,0.33126,448.3,565.5,0.495,0.49808,0.33142,478.2,565.7,0.073,0.46983,0.32891,451.0,561.5,0.37,0.5034,0.33103,483.3,565.1,0.071,0.67342,0.32081,646.5,547.6,1.0,0.69761,0.34264,669.7,584.9,1.0,0.5811,0.26696,557.9,455.7,0.899,0.60524,0.39301,581.0,670.9,0.925,0.4634,0.31573,444.9,538.9,0.921,0.59783,0.4749,573.9,810.7,0.965,0.45543,0.32948,437.2,562.4,0.935,0.61112,0.48832,586.7,833.6,0.967,0.38915,0.3025,373.6,516.4,0.91,0.5578,0.49099,535.5,838.1,0.946
969,26.761,960,1707,0.59923,0.24313,575.3,415.0,1.0,0.59993,0.23977,575.9,409.3,1.0,0.60029,0.23811,576.3,406.5,1.0,0.59998,0.23468,576.0,400.6,1.0,0.59995,0.24075,576.0,411.0,1.0,0.60014,0.24045,576.1,410.4,1.0,0.59982,0.23993,575.8,409.6,1.0,0.61022,0.2345,585.8,400.3,1.0,0.62278,0.23798,597.9,406.2,1.0,0.60681,0.24471,582.5,417.7,0.999,0.61291,0.24705,588.4,421.7,0.999,0.62448,0.24308,599.5,414.9,1.0,0.6811,0.26154,653.9,446.4,1.0,0.55145,0.28623,529.4,488.6,0.65,0.61632,0.30336,591.7,517.8,0.007,0.48737,0.32282,467.9,551.0,0.547,0.53641,0.31573,515.0,539.0,0.048,0.47332,0.33472,454.4,571.4,0.542,0.51978,0.31464,499.0,537.1,0.086,0.46817,0.33081,449.4,564.7,0.513,0.51316,0.31265,492.6,533.7,0.079,0.47158,0.32859,452.7,560.9,0.386,0.51876,0.31323,498.0,534.7,0.077,0.6738,0.32082,646.8,547.6,1.0,0.69679,0.34272,668.9,585.0,1.0,0.5815,0.26718,558.2,456.1,0.906,0.60604,0.393,581.8,670.8,0.93,0.46297,0.31569,444.4,538.9,0.927,0.59795,0.47457,574.0,810.1,0.968,0.45532,0.32919,437.1,561.9,0.939,0.61113,0.48837,586.7,833.6,0.969,0.38897,0.30237,373.4,516.1,0.916,0.55794,0.49091,535.6,838.0,0.949
970,26.789,960,1707,0.59916,0.24382,575.2,416.2,1.0,0.59989,0.24014,575.9,409.9,1.0,0.60031,0.23878,576.3,407.6,1.0,0.6002,0.23651,576.2,403.7,1.0,0.60001,0.24101,576.0,411.4,1.0,0.60033,0.24095,576.3,411.3,1.0,0.60008,0.24042,576.1,410.4,1.0,0.61059,0.23476,586.2,400.7,1.0,0.62145,0.23824,596.6,406.7,1.0,0.60695,0.24522,582.7,418.6,0.999,0.61276,0.24716,588.2,421.9,0.999,0.62454,0.24334,599.6,415.4,1.0,0.679,0.26155,651.8,446.5,1.0,0.55109,0.2863,529.0,488.7,0.666,0.61693,0.30431,592.3,519.5,0.007,0.48721,0.32259,467.7,550.7,0.564,0.53407,0.32221,512.7,550.0,0.051,0.47256,0.33451,453.7,571.0,0.556,0.51675,0.32022,496.1,546.6,0.091,0.46823,0.3305,449.5,564.2,0.526,0.51072,0.31964,490.3,545.6,0.084,0.47182,0.32835,452.9,560.5,0.399,0.51585,0.32033,495.2,546.8,0.082,0.66459,0.3272,638.0,558.5,1.0,0.69644,0.34273,668.6,585.0,1.0,0.58146,0.26721,558.2,456.1,0.912,0.60625,0.3927,582.0,670.3,0.934,0.46357,0.3166,445.0,540.4,0.931,0.59847,0.47366,574.5,808.5,0.97,0.45782,0.3295,439.5,562.4,0.943,0.61155,0.48681,587.1,831.0,0.971,0.39016,0.30226,374.6,516.0,0.921,0.55799,0.49055,535.7,837.4,0.952
971,26.817,960,1707,0.59955,0.24381,575.6,416.2,1.0,0.60022,0.24013,576.2,409.9,1.0,0.60091,0.23875,576.9,407.6,1.0,0.60101,0.23651,577.0,403.7,1.0,0.60026,0.241,576.2,411.4,1.0,0.60057,0.24087,576.6,411.2,1.0,0.60039,0.24041,576.4,410.4,1.0,0.61107,0.2347,586.6,400.6,1.0,0.6209,0.2381,596.1,406.4,1.0,0.60731,0.24519,583.0,418.5,1.0,0.61336,0.24722,588.8,422.0,0.999,0.62607,0.24272,601.0,414.3,1.0,0.67851,0.26118,651.4,445.8,1.0,0.55111,0.28427,529.1,485.2,0.69,0.61529,0.30316,590.7,517.5,0.008,0.48746,0.32249,468.0,550.5,0.594,0.53377,0.32207,512.4,549.8,0.057,0.47212,0.33359,453.2,569.4,0.586,0.51643,0.32157,495.8,548.9,0.103,0.46803,0.33009,449.3,563.5,0.558,0.50928,0.32077,488.9,547.5,0.096,0.47201,0.32822,453.1,560.3,0.434,0.51421,0.32113,493.6,548.2,0.094,0.66226,0.32823,635.8,560.3,1.0,0.69669,0.34265,668.8,584.9,1.0,0.58185,0.26711,558.6,456.0,0.919,0.6062,0.39237,582.0,669.8,0.939,0.46322,0.31643,444.7,540.1,0.937,0.5986,0.47344,574.7,808.2,0.972,0.45826,0.32939,439.9,562.3,0.947,0.61163,0.48652,587.2,830.5,0.973,0.38998,0.30168,374.4,515.0,0.927,0.55802,0.49061,535.7,837.5,0.956
972,26.844,960,1707,0.60009,0.24491,576.1,418.1,1.0,0.60092,0.24068,576.9,410.8,1.0,0.60187,0.23941,577.8,408.7,1.0,0.60228,0.23776,578.2,405.9,1.0,0.60103,0.24171,577.0,412.6,1.0,0.60161,0.24144,577.5,412.1,1.0,0.6017,0.24096,577.6,411.3,1.0,0.61279,0.2349,588.3,401.0,1.0,0.6195,0.23829,594.7,406.8,1.0,0.60778,0.24632,583.5,420.5,1.0,0.61295,0.24792,588.4,423.2,0.999,0.62709,0.24246,602.0,413.9,1.0,0.67885,0.26202,651.7,447.3,1.0,0.55217,0.28346,530.1,483.9,0.696,0.6162,0.30587,591.6,522.1,0.008,0.48793,0.32242,468.4,550.4,0.602,0.53209,0.32396,510.8,553.0,0.06,0.47237,0.33341,453.5,569.1,0.59,0.51373,0.3286,493.2,560.9,0.107,0.4681,0.32963,449.4,562.7,0.56,0.49905,0.32726,479.1,558.6,0.1,0.47202,0.32688,453.1,558.0,0.437,0.50703,0.32762,486.7,559.2,0.098,0.66787,0.32107,641.2,548.1,1.0,0.69684,0.3425,669.0,584.6,1.0,0.58183,0.2671,558.6,455.9,0.925,0.60613,0.39237,581.9,669.8,0.943,0.45861,0.31536,440.3,538.3,0.94,0.59891,0.47352,575.0,808.3,0.974,0.45347,0.32853,435.3,560.8,0.95,0.6122,0.48814,587.7,833.3,0.974,0.38684,0.30082,371.4,513.5,0.929,0.55801,0.49065,535.7,837.5,0.958
973,26.872,960,1707,0.60122,0.24566,577.2,419.3,1.0,0.60178,0.24137,577.7,412.0,1.0,0.60255,0.2403,578.4,410.2,1.0,0.60293,0.23913,578.8,408.2,1.0,0.60236,0.24241,578.3,413.8,1.0,0.6031,0.24204,579.0,413.2,1.0,0.60338,0.24157,579.2,412.4,1.0,0.61369,0.23623,589.1,403.3,1.0,0.61958,0.23874,594.8,407.5,1.0,0.60878,0.24713,584.4,421.9,1.0,0.61551,0.24932,590.9,425.6,0.999,0.62606,0.24314,601.0,415.0,1.0,0.6833,0.26384,656.0,450.4,1.0,0.55231,0.28335,530.2,483.7,0.713,0.62091,0.31182,596.1,532.3,0.008,0.48872,0.32247,469.2,550.5,0.624,0.53124,0.33057,510.0,564.3,0.064,0.47305,0.33348,454.1,569.3,0.608,0.51277,0.3316,492.3,566.0,0.112,0.46871,0.32997,450.0,563.3,0.578,0.49933,0.33013,479.4,563.5,0.104,0.47259,0.32748,453.7,559.0,0.455,0.50705,0.33025,486.8,563.7,0.102,0.67181,0.31948,644.9,545.4,1.0,0.69762,0.34243,669.7,584.5,1.0,0.58188,0.26693,558.6,455.6,0.93,0.60624,0.39245,582.0,669.9,0.947,0.45714,0.31455,438.9,536.9,0.943,0.59905,0.47364,575.1,808.5,0.975,0.45227,0.3276,434.2,559.2,0.954,0.61227,0.48914,587.8,835.0,0.976,0.38605,0.30081,370.6,513.5,0.932,0.55788,0.49097,535.6,838.1,0.96
974,26.899,960,1707,0.60193,0.24708,577.9,421.8,1.0,0.60202,0.24208,577.9,413.2,1.0,0.6026,0.24115,578.5,411.6,1.0,0.60288,0.2402,578.8,410.0,1.0,0.60306,0.24301,578.9,414.8,1.0,0.60393,0.24251,579.8,414.0,1.0,0.60436,0.24195,580.2,413.0,1.0,0.6136,0.23723,589.1,404.9,1.0,0.61934,0.23892,594.6,407.8,1.0,0.609,0.24828,584.6,423.8,1.0,0.61653,0.25005,591.9,426.8,0.999,0.62411,0.24399,599.1,416.5,1.0,0.68822,0.2621,660.7,447.4,1.0,0.55244,0.28331,530.3,483.6,0.736,0.62402,0.31106,599.1,531.0,0.009,0.48923,0.32237,469.7,550.3,0.652,0.53382,0.33032,512.5,563.9,0.067,0.47345,0.33347,454.5,569.2,0.634,0.51598,0.33128,495.3,565.5,0.116,0.46947,0.32983,450.7,563.0,0.606,0.50527,0.32984,485.1,563.0,0.108,0.47327,0.32738,454.3,558.8,0.487,0.5116,0.32986,491.1,563.1,0.106,0.67306,0.31925,646.1,545.0,1.0,0.70037,0.34237,672.4,584.4,1.0,0.58219,0.26571,558.9,453.6,0.935,0.6073,0.39261,583.0,670.2,0.949,0.45374,0.31257,435.6,533.6,0.947,0.59909,0.47328,575.1,807.9,0.977,0.4531,0.33337,435.0,569.1,0.956,0.61211,0.4877,587.6,832.5,0.978,0.38372,0.30084,368.4,513.5,0.935,0.55793,0.49003,535.6,836.5,0.962
975,26.927,960,1707,0.60258,0.2478,578.5,423.0,1.0,0.60275,0.24235,578.6,413.7,1.0,0.60336,0.2414,579.2,412.1,1.0,0.60377,0.24043,579.6,410.4,1.0,0.6038,0.24331,579.6,415.3,1.0,0.60472,0.24278,580.5,414.4,1.0,0.60522,0.2422,581.0,413.4,1.0,0.61434,0.23734,589.8,405.1,1.0,0.61975,0.239,595.0,408.0,1.0,0.60981,0.24871,585.4,424.5,1.0,0.61808,0.25043,593.4,427.5,0.999,0.62436,0.24397,599.4,416.5,1.0,0.68679,0.26181,659.3,446.9,1.0,0.55327,0.28336,531.1,483.7,0.743,0.62266,0.31082,597.8,530.6,0.009,0.48949,0.32231,469.9,550.2,0.665,0.53305,0.33047,511.7,564.1,0.067,0.47372,0.33333,454.8,569.0,0.643,0.51505,0.33127,494.4,565.5,0.113,0.46991,0.32967,451.1,562.8,0.615,0.50506,0.33026,484.9,563.7,0.105,0.47361,0.32647,454.7,557.3,0.493,0.51148,0.33033,491.0,563.9,0.103,0.67514,0.31904,648.1,544.6,1.0,0.70007,0.34203,672.1,583.8,1.0,0.58296,0.26507,559.6,452.5,0.935,0.60827,0.39283,583.9,670.6,0.949,0.45407,0.31214,435.9,532.8,0.947,0.59921,0.47342,575.2,808.1,0.976,0.45294,0.32922,434.8,562.0,0.957,0.61224,0.48867,587.7,834.2,0.977,0.38378,0.30075,368.4,513.4,0.932,0.55856,0.49008,536.2,836.6,0.959
976,26.955,960,1707,0.60535,0.24722,581.1,422.0,1.0,0.60535,0.24228,581.1,413.6,1.0,0.60578,0.24137,581.6,412.0,1.0,0.60613,0.2403,581.9,410.2,1.0,0.60605,0.24327,581.8,415.3,1.0,0.60771,0.24274,583.4,414.4,1.0,0.60825,0.24213,583.9,413.3,1.0,0.61535,0.23722,590.7,404.9,1.0,0.62403,0.23892,599.1,407.8,1.0,0.61177,0.24844,587.3,424.1,1.0,0.61997,0.25024,595.2,427.2,0.999,0.62573,0.24396,600.7,416.4,1.0,0.6868,0.26181,659.3,446.9,1.0,0.55384,0.28337,531.7,483.7,0.76,0.62212,0.30929,597.2,527.9,0.01,0.4903,0.32152,470.7,548.8,0.685,0.53198,0.33003,510.7,563.4,0.073,0.47529,0.33293,456.3,568.3,0.662,0.51473,0.33112,494.1,565.2,0.121,0.47177,0.32796,452.9,559.8,0.634,0.50485,0.33013,484.7,563.5,0.112,0.47485,0.32427,455.9,553.5,0.515,0.51141,0.3301,491.0,563.5,0.111,0.67636,0.31909,649.3,544.7,1.0,0.70153,0.34202,673.5,583.8,1.0,0.58389,0.26486,560.5,452.1,0.939,0.60888,0.39306,584.5,671.0,0.952,0.45433,0.31148,436.2,531.7,0.949,0.59939,0.47343,575.4,808.1,0.978,0.45851,0.33241,440.2,567.4,0.96,0.61242,0.48843,587.9,833.8,0.979,0.38459,0.30054,369.2,513.0,0.934,0.5584,0.49006,536.1,836.5,0.961
977,26.982,960,1707,0.60837,0.2451,584.0,418.4,1.0,0.6083,0.23726,584.0,405.0,1.0,0.60812,0.236,583.8,402.9,1.0,0.60807,0.23494,583.7,401.0,1.0,0.61291,0.23976,588.4,409.3,1.0,0.61628,0.24028,591.6,410.2,1.0,0.6194,0.24059,594.6,410.7,1.0,0.62156,0.23273,596.7,397.3,1.0,0.63926,0.23876,613.7,407.6,1.0,0.615,0.24712,590.4,421.8,1.0,0.6226,0.24972,597.7,426.3,0.999,0.63204,0.24298,606.8,414.8,1.0,0.68593,0.26182,658.5,446.9,1.0,0.55473,0.28501,532.5,486.5,0.766,0.61429,0.30709,589.7,524.2,0.011,0.49074,0.32091,471.1,547.8,0.694,0.52734,0.32435,506.2,553.7,0.081,0.47612,0.33259,457.1,567.7,0.668,0.51067,0.33099,490.2,565.0,0.13,0.4719,0.32741,453.0,558.9,0.639,0.50348,0.32996,483.3,563.2,0.121,0.47519,0.3235,456.2,552.2,0.519,0.50959,0.32992,489.2,563.2,0.118,0.68043,0.31916,653.2,544.8,1.0,0.70135,0.34203,673.3,583.8,1.0,0.5855,0.26462,562.1,451.7,0.942,0.61016,0.39293,585.8,670.7,0.954,0.45487,0.31105,436.7,531.0,0.95,0.5994,0.47311,575.4,807.6,0.978,0.45526,0.32615,437.1,556.7,0.961,0.61245,0.48721,587.9,831.7,0.979,0.38531,0.30012,369.9,512.3,0.934,0.55838,0.48996,536.0,836.4,0.961
978,27.01,960,1707,0.60772,0.24613,583.4,420.1,0.999,0.60764,0.23934,583.3,408.6,1.0,0.60763,0.23854,583.3,407.2,0.999,0.60765,0.23785,583.3,406.0,1.0,0.61137,0.24108,586.9,411.5,1.0,0.6143,0.2412,589.7,411.7,1.0,0.61692,0.24121,592.2,411.7,1.0,0.62028,0.23597,595.5,402.8,1.0,0.63625,0.23913,610.8,408.2,0.999,0.61442,0.24773,589.8,422.9,0.999,0.62164,0.24971,596.8,426.3,0.999,0.62842,0.2442,603.3,416.8,1.0,0.69048,0.25885,662.9,441.9,1.0,0.55468,0.28383,532.5,484.5,0.781,0.64995,0.29833,624.0,509.3,0.01,0.49192,0.32108,472.2,548.1,0.714,0.5696,0.30784,546.8,525.5,0.078,0.47645,0.3326,457.4,567.7,0.687,0.55475,0.30679,532.6,523.7,0.125,0.47223,0.32781,453.3,559.6,0.66,0.54357,0.30544,521.8,521.4,0.116,0.47654,0.32464,457.5,554.2,0.542,0.54788,0.30612,526.0,522.6,0.114,0.67987,0.31952,652.7,545.4,1.0,0.70474,0.34238,676.6,584.4,1.0,0.58618,0.26462,562.7,451.7,0.941,0.61108,0.39324,586.6,671.3,0.953,0.45492,0.31107,436.7,531.0,0.951,0.59934,0.47252,575.4,806.6,0.979,0.45425,0.32573,436.1,556.0,0.961,0.61238,0.48506,587.9,828.0,0.979,0.38542,0.30012,370.0,512.3,0.935,0.56076,0.48993,538.3,836.3,0.962
979,27.037,960,1707,0.60727,0.2462,583.0,420.3,0.999,0.60728,0.2402,583.0,410.0,0.999,0.60739,0.23957,583.1,408.9,0.999,0.60749,0.23901,583.2,408.0,1.0,0.61049,0.24146,586.1,412.2,1.0,0.61309,0.24144,588.6,412.1,1.0,0.61525,0.24134,590.6,412.0,1.0,0.62003,0.23728,595.2,405.0,1.0,0.6334,0.2392,608.1,408.3,0.999,0.61435,0.24804,589.8,423.4,0.999,0.61883,0.24968,594.1,426.2,0.999,0.62594,0.24563,600.9,419.3,1.0,0.69206,0.25905,664.4,442.2,1.0,0.55348,0.28528,531.3,487.0,0.797,0.6484,0.30394,622.5,518.8,0.011,0.49181,0.32158,472.1,548.9,0.735,0.57002,0.32191,547.2,549.5,0.084,0.47639,0.33268,457.3,567.9,0.708,0.5556,0.3214,533.4,548.6,0.134,0.47218,0.32841,453.3,560.6,0.683,0.54533,0.31954,523.5,545.5,0.125,0.47651,0.32584,457.4,556.2,0.569,0.54935,0.31897,527.4,544.5,0.122,0.67652,0.31936,649.5,545.1,1.0,0.70411,0.3422,675.9,584.1,1.0,0.58628,0.26499,562.8,452.3,0.946,0.61188,0.393,587.4,670.9,0.956,0.45508,0.31115,436.9,531.1,0.955,0.59938,0.47244,575.4,806.4,0.981,0.45053,0.32568,432.5,555.9,0.964,0.61268,0.48514,588.2,828.1,0.981,0.38546,0.30012,370.0,512.3,0.94,0.56002,0.48991,537.6,836.3,0.965
980,27.065,960,1707,0.607,0.24619,582.7,420.2,0.999,0.60693,0.24046,582.7,410.5,0.999,0.6071,0.23981,582.8,409.4,0.999,0.60721,0.2392,582.9,408.3,0.999,0.60994,0.24164,585.5,412.5,0.999,0.61255,0.24155,588.0,412.3,0.999,0.61479,0.24139,590.2,412.1,1.0,0.61941,0.23752,594.6,405.4,0.999,0.63325,0.23922,607.9,408.3,0.999,0.61402,0.248,589.5,423.3,0.999,0.61877,0.24966,594.0,426.2,0.999,0.62571,0.24591,600.7,419.8,1.0,0.69153,0.25935,663.9,442.7,1.0,0.55344,0.28531,531.3,487.0,0.806,0.64171,0.30412,616.0,519.1,0.011,0.48903,0.32156,469.5,548.9,0.746,0.56391,0.32164,541.4,549.0,0.083,0.47533,0.33261,456.3,567.8,0.717,0.54718,0.32115,525.3,548.2,0.133,0.4712,0.32847,452.4,560.7,0.692,0.54022,0.31927,518.6,545.0,0.123,0.47589,0.32607,456.9,556.6,0.577,0.54538,0.31914,523.6,544.8,0.121,0.67775,0.3194,650.6,545.2,1.0,0.70341,0.34205,675.3,583.9,1.0,0.58656,0.2657,563.1,453.6,0.947,0.61202,0.39282,587.5,670.5,0.957,0.45653,0.31175,438.3,532.2,0.956,0.59942,0.47246,575.4,806.5,0.982,0.45069,0.32596,432.7,556.4,0.965,0.61299,0.48574,588.5,829.2,0.982,0.38582,0.30149,370.4,514.6,0.94,0.55887,0.48999,536.5,836.4,0.966
981,27.093,960,1707,0.60684,0.24529,582.6,418.7,0.999,0.60669,0.24029,582.4,410.2,0.999,0.60689,0.23961,582.6,409.0,0.999,0.60701,0.23864,582.7,407.4,0.999,0.6097,0.24129,585.3,411.9,0.999,0.61239,0.24115,587.9,411.6,0.999,0.61423,0.24112,589.7,411.6,1.0,0.6191,0.23724,594.3,405.0,0.999,0.63156,0.23909,606.3,408.1,0.999,0.6138,0.24669,589.2,421.1,0.999,0.61884,0.24897,594.1,425.0,0.998,0.6252,0.24624,600.2,420.3,1.0,0.69057,0.25977,662.9,443.4,1.0,0.5529,0.28547,530.8,487.3,0.811,0.63897,0.30617,613.4,522.6,0.01,0.48908,0.32234,469.5,550.2,0.746,0.55874,0.32519,536.4,555.1,0.079,0.47536,0.33358,456.3,569.4,0.715,0.54139,0.32472,519.7,554.3,0.127,0.47119,0.32963,452.3,562.7,0.688,0.53253,0.32314,511.2,551.6,0.118,0.47589,0.32737,456.8,558.8,0.572,0.53801,0.32312,516.5,551.6,0.116,0.67846,0.31971,651.3,545.8,1.0,0.7031,0.34234,675.0,584.4,1.0,0.58679,0.2674,563.3,456.5,0.944,0.61191,0.3928,587.4,670.5,0.954,0.45655,0.31195,438.3,532.5,0.956,0.59946,0.47245,575.5,806.5,0.982,0.45034,0.32603,432.3,556.5,0.965,0.61318,0.48587,588.7,829.4,0.982,0.38637,0.30147,370.9,514.6,0.938,0.55867,0.49,536.3,836.4,0.965
982,27.12,960,1707,0.60623,0.24502,582.0,418.3,0.999,0.60614,0.24024,581.9,410.1,0.999,0.60657,0.23949,582.3,408.8,0.999,0.60682,0.23824,582.5,406.7,0.999,0.60732,0.24123,583.0,411.8,0.999,0.60972,0.24104,585.3,411.4,0.999,0.61069,0.24105,586.3,411.5,1.0,0.61887,0.23649,594.1,403.7,0.999,0.62371,0.23908,598.8,408.1,0.999,0.61328,0.24612,588.8,420.1,0.999,0.6178,0.24891,593.1,424.9,0.999,0.62925,0.24611,604.1,420.1,1.0,0.67934,0.26034,652.2,444.4,1.0,0.5552,0.28638,533.0,488.9,0.813,0.61062,0.3046,586.2,519.9,0.01,0.48927,0.32258,469.7,550.6,0.748,0.53344,0.32747,512.1,559.0,0.077,0.47626,0.33404,457.2,570.2,0.717,0.51527,0.32874,494.7,561.2,0.124,0.47148,0.33032,452.6,563.9,0.69,0.50949,0.32757,489.1,559.2,0.115,0.47595,0.32786,456.9,559.7,0.572,0.51659,0.3272,495.9,558.5,0.114,0.67934,0.31997,652.2,546.2,1.0,0.6982,0.34234,670.3,584.4,1.0,0.58749,0.26808,564.0,457.6,0.944,0.61165,0.39201,587.2,669.2,0.954,0.45658,0.31199,438.3,532.6,0.956,0.59963,0.47227,575.6,806.2,0.981,0.45009,0.32491,432.1,554.6,0.965,0.61319,0.48555,588.7,828.8,0.981,0.38755,0.30089,372.1,513.6,0.939,0.55898,0.48988,536.6,836.2,0.965
983,27.148,960,1707,0.60607,0.24466,581.8,417.6,0.999,0.60655,0.23994,582.3,409.6,0.999,0.60727,0.23874,583.0,407.5,0.999,0.60788,0.23753,583.6,405.5,0.999,0.60718,0.24093,582.9,411.3,0.999,0.60953,0.2407,585.2,410.9,0.999,0.61054,0.24051,586.1,410.5,1.0,0.61955,0.23587,594.8,402.6,0.999,0.62358,0.23858,598.6,407.3,0.999,0.61406,0.24529,589.5,418.7,0.999,0.61703,0.24778,592.3,423.0,0.999,0.63853,0.24511,613.0,418.4,1.0,0.67265,0.26081,645.7,445.2,1.0,0.55838,0.28787,536.0,491.4,0.811,0.60077,0.30373,576.7,518.5,0.01,0.49002,0.3226,470.4,550.7,0.752,0.52055,0.32693,499.7,558.1,0.076,0.4772,0.33401,458.1,570.2,0.723,0.50492,0.33111,484.7,565.2,0.123,0.47224,0.33047,453.3,564.1,0.696,0.49569,0.32774,475.9,559.4,0.114,0.47654,0.32789,457.5,559.7,0.577,0.50218,0.32732,482.1,558.7,0.112,0.67971,0.32002,652.5,546.3,1.0,0.69417,0.34198,666.4,583.8,1.0,0.58748,0.26815,564.0,457.7,0.944,0.60995,0.39131,585.6,668.0,0.954,0.45653,0.31203,438.3,532.6,0.956,0.59975,0.47246,575.8,806.5,0.981,0.45016,0.32483,432.2,554.5,0.964,0.61334,0.48563,588.8,829.0,0.981,0.38771,0.30082,372.2,513.5,0.941,0.55919,0.4902,536.8,836.8,0.965
984,27.176,960,1707,0.60633,0.24387,582.1,416.3,0.999,0.60743,0.2396,583.1,409.0,0.999,0.60819,0.23807,583.9,406.4,0.999,0.60889,0.23689,584.5,404.4,0.999,0.60743,0.24061,583.1,410.7,0.999,0.60927,0.24038,584.9,410.3,0.999,0.6102,0.24008,585.8,409.8,1.0,0.6196,0.23547,594.8,402.0,0.999,0.6228,0.23854,597.9,407.2,0.999,0.61392,0.24463,589.4,417.6,0.999,0.61719,0.2475,592.5,422.5,0.999,0.64146,0.24448,615.8,417.3,1.0,0.66841,0.26117,641.7,445.8,1.0,0.5583,0.2881,536.0,491.8,0.806,0.5917,0.3033,568.0,517.7,0.01,0.48922,0.32209,469.7,549.8,0.751,0.51333,0.32669,492.8,557.7,0.076,0.47741,0.3336,458.3,569.5,0.724,0.49973,0.33121,479.7,565.4,0.124,0.47282,0.33014,453.9,563.6,0.698,0.48974,0.32776,470.2,559.5,0.115,0.47607,0.32568,457.0,555.9,0.578,0.49611,0.32721,476.3,558.6,0.113,0.68055,0.32028,653.3,546.7,1.0,0.6918,0.34193,664.1,583.7,1.0,0.58745,0.26771,564.0,457.0,0.944,0.60877,0.39128,584.4,667.9,0.954,0.45654,0.31204,438.3,532.7,0.955,0.59981,0.47246,575.8,806.5,0.98,0.44979,0.32338,431.8,552.0,0.963,0.61416,0.48526,589.6,828.3,0.98,0.38733,0.3006,371.8,513.1,0.941,0.55918,0.49007,536.8,836.5,0.964
985,27.203,960,1707,0.60804,0.24271,583.7,414.3,0.999,0.60875,0.23882,584.4,407.7,0.999,0.60947,0.23726,585.1,405.0,0.999,0.61011,0.23617,585.7,403.1,0.999,0.60859,0.23985,584.2,409.4,0.999,0.60989,0.23962,585.5,409.0,0.999,0.61143,0.23912,587.0,408.2,1.0,0.62025,0.23485,595.4,400.9,0.999,0.62363,0.23793,598.7,406.2,0.999,0.61525,0.24308,590.6,414.9,0.999,0.6175,0.24533,592.8,418.8,0.999,0.63427,0.24446,608.9,417.3,1.0,0.67215,0.26153,645.3,446.4,1.0,0.55449,0.28798,532.3,491.6,0.815,0.59283,0.30495,569.1,520.5,0.013,0.48771,0.32162,468.2,549.0,0.765,0.51868,0.32826,497.9,560.3,0.094,0.47739,0.33339,458.3,569.1,0.738,0.50286,0.3313,482.7,565.5,0.147,0.47314,0.33012,454.2,563.5,0.713,0.49282,0.32798,473.1,559.9,0.138,0.47607,0.3251,457.0,554.9,0.596,0.49869,0.3274,478.7,558.9,0.134,0.67726,0.32019,650.2,546.6,1.0,0.69212,0.34199,664.4,583.8,1.0,0.5875,0.2656,564.0,453.4,0.949,0.60839,0.39114,584.1,667.7,0.957,0.45796,0.3119,439.6,532.4,0.958,0.59982,0.47237,575.8,806.3,0.981,0.4511,0.32293,433.1,551.2,0.965,0.61417,0.48508,589.6,828.0,0.981,0.38677,0.30065,371.3,513.2,0.944,0.55913,0.48984,536.8,836.2,0.966
986,27.231,960,1707,0.60785,0.243,583.5,414.8,0.999,0.60898,0.23888,584.6,407.8,0.999,0.60973,0.23739,585.3,405.2,0.999,0.61038,0.23622,586.0,403.2,0.999,0.60886,0.23987,584.5,409.5,0.999,0.61003,0.23963,585.6,409.1,0.999,0.61125,0.23924,586.8,408.4,1.0,0.62089,0.23484,596.1,400.9,0.999,0.62433,0.23795,599.4,406.2,0.999,0.6151,0.24319,590.5,415.1,0.999,0.61871,0.24596,594.0,419.9,0.999,0.63582,0.24588,610.4,419.7,1.0,0.67326,0.26149,646.3,446.4,1.0,0.55472,0.28795,532.5,491.5,0.821,0.5985,0.30384,574.6,518.7,0.014,0.48757,0.31991,468.1,546.1,0.775,0.51762,0.32701,496.9,558.2,0.103,0.47713,0.3305,458.0,564.2,0.747,0.49906,0.33103,479.1,565.1,0.159,0.47267,0.32677,453.8,557.8,0.723,0.49125,0.32816,471.6,560.2,0.149,0.47579,0.32346,456.8,552.2,0.608,0.49737,0.32745,477.5,559.0,0.144,0.67737,0.32004,650.3,546.3,1.0,0.69248,0.34199,664.8,583.8,1.0,0.58814,0.26414,564.6,450.9,0.952,0.60763,0.39062,583.3,666.8,0.96,0.45763,0.31095,439.3,530.8,0.96,0.5999,0.47227,575.9,806.2,0.982,0.4497,0.32206,431.7,549.8,0.967,0.61425,0.48502,589.7,827.9,0.982,0.38624,0.30061,370.8,513.1,0.946,0.55907,0.48967,536.7,835.9,0.967
987,27.258,960,1707,0.60854,0.24305,584.2,414.9,0.999,0.60976,0.23884,585.4,407.7,0.999,0.61067,0.23743,586.2,405.3,0.999,0.61149,0.23615,587.0,403.1,0.999,0.60941,0.23985,585.0,409.4,0.999,0.61042,0.23959,586.0,409.0,0.999,0.61211,0.23925,587.6,408.4,1.0,0.62203,0.23464,597.1,400.5,0.999,0.6251,0.23793,600.1,406.2,0.999,0.61607,0.24325,591.4,415.2,0.999,0.62002,0.2461,595.2,420.1,0.999,0.63564,0.24296,610.2,414.7,1.0,0.67366,0.26145,646.7,446.3,1.0,0.55483,0.28655,532.6,489.1,0.828,0.59887,0.30209,574.9,515.7,0.015,0.48604,0.31826,466.6,543.3,0.787,0.51584,0.32514,495.2,555.0,0.115,0.47593,0.32868,456.9,561.0,0.76,0.49742,0.33023,477.5,563.7,0.175,0.47101,0.32474,452.2,554.3,0.736,0.4904,0.32813,470.8,560.1,0.164,0.47359,0.32229,454.6,550.1,0.624,0.49663,0.32728,476.8,558.7,0.159,0.67656,0.31847,649.5,543.6,1.0,0.69272,0.3415,665.0,582.9,1.0,0.58827,0.26111,564.7,445.7,0.955,0.60736,0.39033,583.1,666.3,0.962,0.45747,0.31066,439.2,530.3,0.962,0.59991,0.47216,575.9,806.0,0.983,0.44953,0.32234,431.5,550.2,0.969,0.61425,0.48501,589.7,827.9,0.983,0.38494,0.30175,369.5,515.1,0.949,0.55893,0.48953,536.6,835.6,0.969
988,27.286,960,1707,0.60929,0.24284,584.9,414.5,0.999,0.61017,0.23867,585.8,407.4,0.999,0.61113,0.23734,586.7,405.1,0.999,0.61192,0.23581,587.4,402.5,0.999,0.60962,0.23971,585.2,409.2,0.999,0.6105,0.23945,586.1,408.7,0.999,0.61245,0.2392,587.9,408.3,1.0,0.62241,0.23434,597.5,400.0,0.999,0.62516,0.23786,600.2,406.0,0.999,0.61646,0.24332,591.8,415.3,0.999,0.62094,0.2462,596.1,420.3,0.999,0.63802,0.24068,612.5,410.8,1.0,0.67048,0.26145,643.7,446.3,1.0,0.55512,0.28604,532.9,488.3,0.824,0.59258,0.30078,568.9,513.4,0.015,0.48611,0.31833,466.7,543.4,0.784,0.51353,0.32396,493.0,553.0,0.113,0.47616,0.32946,457.1,562.4,0.758,0.4979,0.33018,478.0,563.6,0.173,0.47102,0.32519,452.2,555.1,0.734,0.48894,0.32788,469.4,559.7,0.163,0.4734,0.32256,454.5,550.6,0.621,0.49544,0.32687,475.6,558.0,0.157,0.67773,0.31856,650.6,543.8,1.0,0.6896,0.34125,662.0,582.5,1.0,0.58815,0.25967,564.6,443.3,0.956,0.60725,0.38998,583.0,665.7,0.962,0.45809,0.31093,439.8,530.8,0.961,0.59994,0.47211,575.9,805.9,0.982,0.45091,0.323,432.9,551.4,0.968,0.61429,0.48505,589.7,828.0,0.983,0.38469,0.30355,369.3,518.2,0.948,0.55869,0.48924,536.3,835.1,0.968
989,27.314,960,1707,0.60932,0.24233,584.9,413.7,0.999,0.61014,0.23828,585.7,406.7,0.999,0.61109,0.23664,586.6,403.9,0.999,0.61185,0.2353,587.4,401.6,0.999,0.60961,0.23942,585.2,408.7,0.999,0.61047,0.23918,586.0,408.3,0.999,0.61251,0.23879,588.0,407.6,1.0,0.62253,0.23383,597.6,399.1,0.999,0.6336,0.23783,608.3,406.0,0.999,0.61636,0.24325,591.7,415.2,0.999,0.62096,0.24626,596.1,420.4,0.999,0.63863,0.23906,613.1,408.1,1.0,0.66964,0.26175,642.9,446.8,1.0,0.55604,0.28449,533.8,485.6,0.805,0.59133,0.29986,567.7,511.9,0.015,0.48613,0.31687,466.7,540.9,0.767,0.51281,0.3237,492.3,552.6,0.112,0.47543,0.32676,456.4,557.8,0.743,0.49721,0.33013,477.3,563.5,0.173,0.46978,0.32262,451.0,550.7,0.719,0.48889,0.32778,469.3,559.5,0.163,0.47323,0.32081,454.3,547.6,0.603,0.49566,0.32671,475.8,557.7,0.156,0.67829,0.31855,651.2,543.8,1.0,0.69016,0.34124,662.6,582.5,1.0,0.58771,0.25946,564.2,442.9,0.956,0.60725,0.38935,583.0,664.6,0.961,0.45916,0.31136,440.8,531.5,0.96,0.59996,0.47211,576.0,805.9,0.982,0.45171,0.32338,433.6,552.0,0.968,0.61428,0.48534,589.7,828.5,0.982,0.38417,0.30373,368.8,518.5,0.948,0.55869,0.48911,536.3,834.9,0.968
990,27.341,960,1707,0.60889,0.24238,584.5,413.7,0.999,0.60995,0.23831,585.6,406.8,0.999,0.61091,0.23668,586.5,404.0,0.999,0.61176,0.2353,587.3,401.7,0.999,0.60947,0.23944,585.1,408.7,0.999,0.61033,0.23919,585.9,408.3,0.999,0.6119,0.2388,587.4,407.6,1.0,0.62248,0.23361,597.6,398.8,0.999,0.63511,0.23783,609.7,406.0,0.999,0.61592,0.24328,591.3,415.3,0.999,0.62093,0.24634,596.1,420.5,0.999,0.63823,0.23908,612.7,408.1,1.0,0.67044,0.2617,643.6,446.7,1.0,0.55568,0.28253,533.5,482.3,0.792,0.59234,0.29961,568.7,511.4,0.015,0.48528,0.3172,465.9,541.5,0.752,0.51368,0.32363,493.1,552.4,0.11,0.47534,0.32733,456.3,558.7,0.729,0.49854,0.33006,478.6,563.4,0.171,0.47012,0.32383,451.3,552.8,0.704,0.48957,0.32773,470.0,559.4,0.161,0.47314,0.32114,454.2,548.2,0.587,0.49635,0.32663,476.5,557.6,0.154,0.6781,0.31832,651.0,543.4,1.0,0.69063,0.34113,663.0,582.3,1.0,0.58714,0.25903,563.7,442.2,0.956,0.60727,0.38925,583.0,664.4,0.96,0.45964,0.31154,441.3,531.8,0.959,0.59998,0.47206,576.0,805.8,0.982,0.458,0.33388,439.7,569.9,0.967,0.61429,0.48536,589.7,828.5,0.982,0.38426,0.30343,368.9,517.9,0.947,0.55871,0.48897,536.4,834.7,0.968
991,27.369,960,1707,0.6069,0.24271,582.6,414.3,0.999,0.6074,0.23843,583.1,407.0,0.999,0.60843,0.23687,584.1,404.3,0.999,0.60936,0.23537,585.0,401.8,0.999,0.6075,0.23949,583.2,408.8,1.0,0.60849,0.23921,584.2,408.3,1.0,0.60955,0.23886,585.2,407.7,1.0,0.6197,0.23359,594.9,398.7,0.999,0.62716,0.23761,602.1,405.6,0.999,0.61534,0.24333,590.7,415.4,0.999,0.62044,0.2466,595.6,420.9,0.999,0.63298,0.23944,607.7,408.7,1.0,0.67384,0.26108,646.9,445.7,1.0,0.55391,0.2827,531.8,482.6,0.791,0.60451,0.30181,580.3,515.2,0.015,0.48416,0.31708,464.8,541.3,0.753,0.51448,0.32336,493.9,552.0,0.114,0.47279,0.32711,453.9,558.4,0.729,0.49916,0.33001,479.2,563.3,0.176,0.46991,0.32348,451.1,552.2,0.703,0.49036,0.32757,470.7,559.2,0.165,0.47276,0.32116,453.8,548.2,0.584,0.49708,0.32658,477.2,557.5,0.158,0.67642,0.31773,649.4,542.4,1.0,0.69301,0.34104,665.3,582.2,1.0,0.58706,0.25862,563.6,441.5,0.959,0.60732,0.38926,583.0,664.5,0.961,0.4602,0.31155,441.8,531.8,0.961,0.59999,0.47206,576.0,805.8,0.982,0.45909,0.33463,440.7,571.2,0.969,0.61428,0.4854,589.7,828.6,0.983,0.38432,0.30276,368.9,516.8,0.949,0.55871,0.48891,536.4,834.6,0.969
992,27.397,960,1707,0.60688,0.24247,582.6,413.9,0.999,0.6074,0.23827,583.1,406.7,0.999,0.60844,0.23647,584.1,403.6,0.999,0.60937,0.23508,585.0,401.3,0.999,0.60749,0.23939,583.2,408.6,1.0,0.60846,0.2391,584.1,408.2,1.0,0.6093,0.23872,584.9,407.5,1.0,0.61967,0.23333,594.9,398.3,0.999,0.62414,0.23757,599.2,405.5,0.999,0.61511,0.24333,590.5,415.4,0.999,0.62031,0.24657,595.5,420.9,0.999,0.6356,0.2387,610.2,407.5,1.0,0.67078,0.26141,643.9,446.2,1.0,0.55393,0.28264,531.8,482.5,0.778,0.59461,0.30077,570.8,513.4,0.015,0.48422,0.3172,464.8,541.5,0.742,0.51296,0.32338,492.4,552.0,0.113,0.4722,0.32715,453.3,558.4,0.72,0.4963,0.32919,476.4,561.9,0.174,0.46826,0.32323,449.5,551.8,0.693,0.48868,0.32755,469.1,559.1,0.164,0.47235,0.3212,453.5,548.3,0.573,0.49551,0.32656,475.7,557.4,0.156,0.6775,0.31778,650.4,542.5,1.0,0.69107,0.34066,663.4,581.5,1.0,0.58695,0.25877,563.5,441.7,0.956,0.60715,0.38875,582.9,663.6,0.958,0.46143,0.3122,443.0,532.9,0.958,0.6,0.47191,576.0,805.6,0.981,0.45874,0.33285,440.4,568.2,0.967,0.61432,0.48532,589.7,828.4,0.982,0.38472,0.30348,369.3,518.0,0.947,0.55872,0.48918,536.4,835.0,0.967
993,27.424,960,1707,0.60688,0.24276,582.6,414.4,0.999,0.60727,0.23861,583.0,407.3,0.999,0.60823,0.23706,583.9,404.7,0.999,0.60898,0.23587,584.6,402.6,0.999,0.6075,0.24003,583.2,409.7,0.999,0.60846,0.23971,584.1,409.2,0.999,0.60928,0.23927,584.9,408.4,0.999,0.61887,0.23395,594.1,399.4,0.999,0.63294,0.23807,607.6,406.4,0.999,0.61486,0.24375,590.3,416.1,0.999,0.62045,0.24679,595.6,421.3,0.998,0.63248,0.23894,607.2,407.9,1.0,0.67798,0.26054,650.9,444.7,1.0,0.55274,0.28209,530.6,481.5,0.772,0.62776,0.2962,602.6,505.6,0.014,0.48456,0.31685,465.2,540.9,0.741,0.5572,0.30506,534.9,520.7,0.104,0.47354,0.32705,454.6,558.3,0.719,0.54498,0.30366,523.2,518.3,0.163,0.46832,0.3232,449.6,551.7,0.692,0.53768,0.30149,516.2,514.6,0.153,0.47317,0.32115,454.2,548.2,0.568,0.54108,0.3021,519.4,515.7,0.145,0.67428,0.31783,647.3,542.5,1.0,0.69126,0.34061,663.6,581.4,1.0,0.58655,0.25898,563.1,442.1,0.946,0.60658,0.38867,582.3,663.5,0.953,0.46691,0.31316,448.2,534.6,0.953,0.60001,0.47171,576.0,805.2,0.98,0.46702,0.33185,448.3,566.5,0.963,0.61435,0.48488,589.8,827.7,0.981,0.39042,0.31031,374.8,529.7,0.94,0.55876,0.49023,536.4,836.8,0.965
994,27.452,960,1707,0.60548,0.24306,581.3,414.9,0.999,0.60545,0.23877,581.2,407.6,0.999,0.6062,0.23739,582.0,405.2,0.999,0.60673,0.23634,582.5,403.4,0.999,0.60596,0.24009,581.7,409.8,0.999,0.60767,0.23989,583.4,409.5,0.999,0.60843,0.23943,584.1,408.7,0.999,0.61652,0.23399,591.9,399.4,0.999,0.62631,0.23806,601.3,406.4,0.999,0.61331,0.24382,588.8,416.2,0.999,0.6167,0.24679,592.0,421.3,0.998,0.6314,0.244,606.1,416.5,1.0,0.67786,0.26075,650.7,445.1,1.0,0.55135,0.28213,529.3,481.6,0.773,0.62081,0.30165,596.0,514.9,0.014,0.4846,0.31726,465.2,541.6,0.739,0.55595,0.31752,533.7,542.0,0.102,0.47357,0.32707,454.6,558.3,0.716,0.53717,0.31385,515.7,535.7,0.16,0.46827,0.32329,449.5,551.9,0.688,0.5348,0.31423,513.4,536.4,0.15,0.47317,0.3214,454.2,548.6,0.562,0.54057,0.31471,518.9,537.2,0.143,0.67095,0.31786,644.1,542.6,1.0,0.69009,0.34059,662.5,581.4,1.0,0.58601,0.25911,562.6,442.3,0.947,0.60605,0.38869,581.8,663.5,0.955,0.4667,0.31343,448.0,535.0,0.954,0.59988,0.47153,575.9,804.9,0.981,0.46572,0.33127,447.1,565.5,0.964,0.61419,0.48404,589.6,826.3,0.982,0.39116,0.30943,375.5,528.2,0.94,0.55955,0.49076,537.2,837.7,0.966
995,27.479,960,1707,0.60515,0.24317,580.9,415.1,0.999,0.60499,0.23891,580.8,407.8,0.999,0.60558,0.23768,581.4,405.7,0.999,0.60597,0.23675,581.7,404.1,0.999,0.60597,0.24009,581.7,409.8,0.999,0.60764,0.23994,583.3,409.6,0.999,0.60839,0.23946,584.1,408.8,0.999,0.61532,0.23402,590.7,399.5,0.999,0.63055,0.23816,605.3,406.5,0.998,0.61317,0.24383,588.6,416.2,0.999,0.61675,0.24694,592.1,421.5,0.998,0.62907,0.24545,603.9,419.0,1.0,0.67896,0.26041,651.8,444.5,1.0,0.55164,0.28212,529.6,481.6,0.784,0.62931,0.30165,604.1,514.9,0.013,0.48712,0.31884,467.6,544.3,0.754,0.55888,0.312,536.5,532.6,0.097,0.47561,0.33074,456.6,564.6,0.73,0.54524,0.30951,523.4,528.3,0.154,0.46937,0.32598,450.6,556.4,0.703,0.53839,0.30711,516.9,524.2,0.144,0.47457,0.32388,455.6,552.9,0.579,0.54226,0.30777,520.6,525.4,0.137,0.66658,0.31789,639.9,542.6,1.0,0.68939,0.34066,661.8,581.5,1.0,0.58522,0.25868,561.8,441.6,0.943,0.60573,0.38899,581.5,664.0,0.953,0.46627,0.31341,447.6,535.0,0.954,0.59973,0.47083,575.7,803.7,0.981,0.465,0.32996,446.4,563.2,0.964,0.61405,0.48201,589.5,822.8,0.982,0.39086,0.30854,375.2,526.7,0.94,0.56201,0.49073,539.5,837.7,0.966
996,27.507,960,1707,0.60483,0.24291,580.6,414.6,0.999,0.60403,0.23882,579.9,407.7,0.999,0.60419,0.23752,580.0,405.4,0.999,0.60408,0.23667,579.9,404.0,0.999,0.60566,0.23971,581.4,409.2,0.999,0.60711,0.23944,582.8,408.7,0.999,0.60771,0.23889,583.4,407.8,0.999,0.61093,0.23403,586.5,399.5,0.999,0.63231,0.2378,607.0,405.9,0.998,0.61169,0.24355,587.2,415.7,0.999,0.6168,0.24682,592.1,421.3,0.998,0.62285,0.24547,597.9,419.0,1.0,0.6823,0.25934,655.0,442.7,1.0,0.55196,0.28085,529.9,479.4,0.803,0.63833,0.30164,612.8,514.9,0.013,0.49044,0.32034,470.8,546.8,0.776,0.56573,0.31377,543.1,535.6,0.103,0.47807,0.33306,459.0,568.5,0.754,0.55134,0.31309,529.3,534.4,0.162,0.47069,0.32836,451.9,560.5,0.73,0.54431,0.31095,522.5,530.8,0.152,0.47568,0.32603,456.7,556.5,0.614,0.54832,0.31125,526.4,531.3,0.145,0.66318,0.31811,636.7,543.0,1.0,0.68973,0.34066,662.1,581.5,1.0,0.58439,0.25878,561.0,441.7,0.946,0.60522,0.38916,581.0,664.3,0.955,0.46566,0.31299,447.0,534.3,0.957,0.59954,0.47081,575.6,803.7,0.982,0.46429,0.32757,445.7,559.2,0.967,0.61405,0.48226,589.5,823.2,0.983,0.39071,0.30819,375.1,526.1,0.943,0.56104,0.4904,538.6,837.1,0.968
997,27.535,960,1707,0.60327,0.24234,579.1,413.7,0.999,0.60148,0.23812,577.4,406.5,0.999,0.60161,0.23399,577.5,399.4,0.999,0.60094,0.23291,576.9,397.6,0.999,0.60491,0.23921,580.7,408.3,0.999,0.60626,0.2389,582.0,407.8,0.999,0.61083,0.23865,586.4,407.4,0.999,0.60872,0.23379,584.4,399.1,0.999,0.6327,0.23778,607.4,405.9,0.998,0.60917,0.24342,584.8,415.5,0.999,0.6159,0.24678,591.3,421.2,0.998,0.62254,0.24518,597.6,418.5,1.0,0.68018,0.26136,653.0,446.1,1.0,0.5519,0.27904,529.8,476.3,0.817,0.63064,0.30901,605.4,527.5,0.013,0.49074,0.3206,471.1,547.3,0.791,0.54486,0.32835,523.1,560.5,0.103,0.47945,0.33408,460.3,570.3,0.768,0.52911,0.3292,507.9,561.9,0.162,0.47118,0.32994,452.3,563.2,0.744,0.52229,0.32717,501.4,558.5,0.152,0.47583,0.32726,456.8,558.6,0.632,0.52622,0.32672,505.2,557.7,0.145,0.66193,0.31853,635.4,543.7,1.0,0.68764,0.3409,660.1,581.9,1.0,0.58108,0.25744,557.8,439.4,0.949,0.60429,0.38957,580.1,665.0,0.958,0.46503,0.31298,446.4,534.3,0.96,0.59945,0.47086,575.5,803.8,0.983,0.4635,0.32758,445.0,559.2,0.969,0.614,0.48237,589.4,823.4,0.984,0.3903,0.30836,374.7,526.4,0.946,0.56171,0.49039,539.2,837.1,0.97
998,27.562,960,1707,0.60509,0.2387,580.9,407.5,0.999,0.604,0.23176,579.8,395.6,0.999,0.60353,0.22972,579.4,392.1,0.999,0.60276,0.22863,578.6,390.3,0.999,0.60936,0.2345,585.0,400.3,0.999,0.61235,0.23523,587.9,401.5,0.999,0.61625,0.23585,591.6,402.6,0.999,0.61442,0.22782,589.8,388.9,0.999,0.63509,0.23582,609.7,402.5,0.998,0.61056,0.24063,586.1,410.8,0.999,0.61722,0.24408,592.5,416.7,0.998,0.63372,0.245,608.4,418.2,1.0,0.67006,0.26135,643.3,446.1,1.0,0.56112,0.28575,538.7,487.8,0.817,0.60163,0.30312,577.6,517.4,0.013,0.49131,0.31975,471.7,545.8,0.785,0.53818,0.32784,516.7,559.6,0.104,0.48026,0.33366,461.0,569.6,0.761,0.52421,0.33004,503.2,563.4,0.164,0.47153,0.32924,452.7,562.0,0.737,0.52187,0.32796,501.0,559.8,0.154,0.47668,0.32667,457.6,557.6,0.621,0.52548,0.32716,504.5,558.5,0.146,0.6633,0.31888,636.8,544.3,1.0,0.68059,0.34094,653.4,582.0,1.0,0.57984,0.25617,556.6,437.3,0.949,0.60403,0.38974,579.9,665.3,0.959,0.46526,0.31298,446.6,534.3,0.96,0.59904,0.47086,575.1,803.8,0.983,0.46334,0.32627,444.8,556.9,0.97,0.61389,0.48246,589.3,823.6,0.984,0.3902,0.30802,374.6,525.8,0.947,0.56113,0.49073,538.7,837.7,0.97
999,27.59,960,1707,0.60538,0.23811,581.2,406.4,0.999,0.60404,0.23065,579.9,393.7,0.999,0.60362,0.22903,579.5,390.9,0.999,0.60291,0.22787,578.8,389.0,0.999,0.60928,0.23358,584.9,398.7,0.999,0.60825,0.23549,583.9,402.0,0.999,0.60927,0.23575,584.9,402.4,0.999,0.61491,0.22585,590.3,385.5,0.999,0.63441,0.23481,609.0,400.8,0.999,0.61109,0.23974,586.6,409.2,0.999,0.61726,0.24327,592.6,415.3,0.998,0.63565,0.24473,610.2,417.8,1.0,0.66396,0.25957,637.4,443.1,1.0,0.56238,0.28828,539.9,492.1,0.792,0.58991,0.29991,566.3,512.0,0.013,0.4931,0.31978,473.4,545.9,0.754,0.51637,0.32771,495.7,559.4,0.098,0.4813,0.33337,462.0,569.1,0.732,0.5074,0.33131,487.1,565.5,0.155,0.47232,0.32914,453.4,561.8,0.707,0.50496,0.3298,484.8,563.0,0.145,0.47762,0.32648,458.5,557.3,0.59,0.50105,0.32834,481.0,560.5,0.138,0.66366,0.31891,637.1,544.4,1.0,0.67565,0.34051,648.6,581.2,1.0,0.57789,0.25446,554.8,434.4,0.937,0.60392,0.38992,579.8,665.6,0.949,0.46511,0.31282,446.5,534.0,0.95,0.59908,0.4708,575.1,803.7,0.979,0.46314,0.32449,444.6,553.9,0.96,0.61389,0.48249,589.3,823.6,0.98,0.38976,0.30792,374.2,525.6,0.936,0.56052,0.49046,538.1,837.2,0.964
1000,27.617,960,1707,0.60107,0.23774,577.0,405.8,0.999,0.60163,0.23175,577.6,395.6,0.999,0.60219,0.2301,578.1,392.8,0.999,0.59815,0.22769,574.2,388.7,0.999,0.60261,0.23396,578.5,399.4,0.999,0.6025,0.23523,578.4,401.5,0.999,0.60356,0.23513,579.4,401.4,1.0,0.61302,0.22705,588.5,387.6,0.999,0.63048,0.23399,605.3,399.4,0.999,0.60768,0.23923,583.4,408.4,0.999,0.614,0.2427,589.4,414.3,0.998,0.62947,0.24445,604.3,417.3,1.0,0.66491,0.25643,638.3,437.7,1.0,0.55996,0.28524,537.6,486.9,0.807,0.61593,0.28945,591.3,494.1,0.013,0.49335,0.31977,473.6,545.8,0.774,0.56263,0.28451,540.1,485.7,0.103,0.48197,0.33314,462.7,568.7,0.755,0.55248,0.27899,530.4,476.2,0.171,0.47323,0.32817,454.3,560.2,0.732,0.55045,0.27456,528.4,468.7,0.16,0.47854,0.32553,459.4,555.7,0.622,0.55199,0.27643,529.9,471.9,0.151,0.65948,0.31698,633.1,541.1,1.0,0.67791,0.34043,650.8,581.1,1.0,0.57614,0.25132,553.1,429.0,0.941,0.6037,0.39021,579.6,666.1,0.953,0.46501,0.31127,446.4,531.3,0.954,0.59909,0.47103,575.1,804.0,0.981,0.46364,0.32302,445.1,551.4,0.963,0.61341,0.48413,588.9,826.4,0.982,0.38958,0.30701,374.0,524.1,0.941,0.56128,0.49018,538.8,836.7,0.967
1001,27.645,960,1707,0.69778,0.20806,669.9,355.2,0.999,0.69922,0.20358,671.3,347.5,0.999,0.69958,0.20402,671.6,348.3,0.999,0.69983,0.20457,671.8,349.2,0.999,0.69607,0.20322,668.2,346.9,0.999,0.69383,0.20359,666.1,347.5,0.999,0.69086,0.20413,663.2,348.5,1.0,0.68675,0.20791,659.3,354.9,0.999,0.67787,0.20896,650.8,356.7,0.999,0.68658,0.21424,659.1,365.7,0.999,0.68277,0.21427,655.5,365.8,0.999,0.66681,0.23944,640.1,408.7,1.0,0.66338,0.24997,636.8,426.7,1.0,0.58459,0.28337,561.2,483.7,0.733,0.57742,0.29227,554.3,498.9,0.012,0.51905,0.29263,498.3,499.5,0.701,0.51332,0.30329,492.8,517.7,0.094,0.50371,0.29462,483.6,502.9,0.685,0.49408,0.31566,474.3,538.8,0.156,0.50726,0.2897,487.0,494.5,0.664,0.49028,0.31107,470.7,531.0,0.147,0.51355,0.29035,493.0,495.6,0.564,0.49714,0.30733,477.3,524.6,0.138,0.67166,0.3171,644.8,541.3,1.0,0.6692,0.33889,642.4,578.5,1.0,0.57581,0.25016,552.8,427.0,0.886,0.60372,0.39004,579.6,665.8,0.904,0.46703,0.31132,448.4,531.4,0.896,0.5992,0.47104,575.2,804.1,0.957,0.47659,0.33747,457.5,576.1,0.912,0.6134,0.48432,588.9,826.7,0.953,0.3923,0.30875,376.6,527.0,0.885,0.56177,0.4904,539.3,837.1,0.929
1002,27.673,960,1707,0.70795,0.20524,679.6,350.3,0.999,0.70891,0.20098,680.6,343.1,0.999,0.70863,0.2015,680.3,344.0,0.999,0.70813,0.20207,679.8,344.9,0.999,0.70611,0.20025,677.9,341.8,0.999,0.70341,0.2003,675.3,341.9,0.999,0.69982,0.2004,671.8,342.1,1.0,0.69415,0.20683,666.4,353.1,0.999,0.68306,0.20514,655.7,350.2,0.999,0.70005,0.21198,672.1,361.8,0.999,0.69496,0.2112,667.2,360.5,0.999,0.69204,0.23723,664.4,405.0,1.0,0.65055,0.24369,624.5,416.0,1.0,0.66457,0.28212,638.0,481.6,0.666,0.56622,0.29143,543.6,497.5,0.013,0.6624,0.27752,635.9,473.7,0.639,0.50304,0.31274,482.9,533.9,0.089,0.66299,0.27325,636.5,466.4,0.627,0.48322,0.32153,463.9,548.9,0.148,0.66669,0.26817,640.0,457.8,0.609,0.47891,0.31932,459.8,545.1,0.14,0.66555,0.27105,638.9,462.7,0.517,0.48563,0.31743,466.2,541.8,0.131,0.6768,0.31766,649.7,542.2,1.0,0.65367,0.33588,627.5,573.4,1.0,0.57429,0.24723,551.3,422.0,0.869,0.6038,0.3893,579.6,664.5,0.861,0.46693,0.311,448.3,530.9,0.866,0.59956,0.47017,575.6,802.6,0.937,0.47745,0.33766,458.3,576.4,0.88,0.61233,0.48326,587.8,824.9,0.928,0.38927,0.3086,373.7,526.8,0.861,0.56333,0.49,540.8,836.4,0.901
1003,27.7,960,1707,0.6975,0.2081,669.6,355.2,0.999,0.69691,0.20298,669.0,346.5,0.999,0.69668,0.20295,668.8,346.4,0.999,0.69653,0.20315,668.7,346.8,0.999,0.69622,0.20316,668.4,346.8,0.999,0.69549,0.20345,667.7,347.3,0.999,0.69463,0.20363,666.8,347.6,1.0,0.68338,0.20714,656.0,353.6,0.999,0.68664,0.20675,659.2,352.9,0.999,0.69134,0.2136,663.7,364.6,0.999,0.68954,0.21378,662.0,364.9,0.999,0.67278,0.23603,645.9,402.9,1.0,0.65258,0.24235,626.5,413.7,1.0,0.64734,0.29151,621.4,497.6,0.628,0.56994,0.29208,547.1,498.6,0.013,0.52897,0.30869,507.8,526.9,0.604,0.50688,0.32127,486.6,548.4,0.083,0.51261,0.3177,492.1,542.3,0.592,0.48884,0.32714,469.3,558.4,0.138,0.50384,0.30932,483.7,528.0,0.576,0.48351,0.32621,464.2,556.8,0.13,0.50873,0.30834,488.4,526.3,0.486,0.49016,0.3263,470.6,557.0,0.122,0.6706,0.31709,643.8,541.3,1.0,0.66044,0.3357,634.0,573.0,1.0,0.56619,0.24402,543.5,416.5,0.826,0.6039,0.38916,579.7,664.3,0.836,0.46674,0.30973,448.1,528.7,0.829,0.60074,0.47055,576.7,803.2,0.92,0.47509,0.33655,456.1,574.5,0.844,0.61472,0.48327,590.1,824.9,0.913,0.40169,0.30992,385.6,529.0,0.82,0.56165,0.49013,539.2,836.6,0.874
1004,27.728,960,1707,0.67687,0.20627,649.8,352.1,0.999,0.68083,0.20102,653.6,343.1,0.999,0.67972,0.20138,652.5,343.7,0.999,0.67845,0.20177,651.3,344.4,0.999,0.67999,0.20098,652.8,343.1,0.999,0.67613,0.20209,649.1,345.0,0.999,0.67555,0.20244,648.5,345.6,1.0,0.67458,0.20578,647.6,351.3,0.999,0.67404,0.2058,647.1,351.3,0.999,0.67416,0.21199,647.2,361.9,0.999,0.67276,0.2128,645.9,363.2,0.999,0.66973,0.23488,642.9,400.9,1.0,0.65025,0.24086,624.2,411.1,1.0,0.63554,0.30069,610.1,513.3,0.595,0.56967,0.29126,546.9,497.2,0.012,0.50108,0.31677,481.0,540.7,0.575,0.50531,0.32406,485.1,553.2,0.077,0.4855,0.32809,466.1,560.1,0.57,0.48924,0.33346,469.7,569.2,0.13,0.4767,0.32056,457.6,547.2,0.555,0.48371,0.33218,464.4,567.0,0.122,0.48221,0.31907,462.9,544.7,0.465,0.48974,0.33159,470.2,566.0,0.115,0.66732,0.31691,640.6,541.0,1.0,0.65685,0.33491,630.6,571.7,1.0,0.56643,0.24356,543.8,415.8,0.825,0.60275,0.38922,578.6,664.4,0.836,0.4666,0.30977,447.9,528.8,0.823,0.60073,0.47055,576.7,803.2,0.92,0.47327,0.32908,454.3,561.7,0.831,0.61532,0.48275,590.7,824.1,0.91,0.4001,0.30967,384.1,528.6,0.815,0.56166,0.49035,539.2,837.0,0.874
1005,27.756,960,1707,0.67238,0.20469,645.5,349.4,0.999,0.675,0.19919,648.0,340.0,0.999,0.67515,0.20021,648.1,341.8,0.999,0.67459,0.20076,647.6,342.7,0.999,0.67347,0.19997,646.5,341.4,0.999,0.67186,0.20063,645.0,342.5,0.999,0.6712,0.20105,644.3,343.2,1.0,0.67415,0.20507,647.2,350.1,0.999,0.67343,0.20448,646.5,349.0,0.999,0.67,0.21038,643.2,359.1,0.999,0.6678,0.2114,641.1,360.9,0.999,0.66791,0.23541,641.2,401.8,1.0,0.65156,0.2399,625.5,409.5,1.0,0.58067,0.29692,557.4,506.8,0.571,0.57181,0.28929,548.9,493.8,0.012,0.49762,0.31818,477.7,543.1,0.546,0.50371,0.32375,483.6,552.6,0.072,0.48386,0.32956,464.5,562.6,0.545,0.48968,0.33334,470.1,569.0,0.122,0.47383,0.32111,454.9,548.1,0.531,0.48355,0.33147,464.2,565.8,0.115,0.47849,0.31947,459.3,545.3,0.444,0.48824,0.32988,468.7,563.1,0.109,0.66071,0.3154,634.3,538.4,1.0,0.65578,0.33429,629.6,570.6,1.0,0.55964,0.24104,537.3,411.5,0.818,0.60225,0.38923,578.2,664.4,0.833,0.46654,0.30925,447.9,527.9,0.813,0.60014,0.47114,576.1,804.2,0.92,0.47262,0.32617,453.7,556.8,0.816,0.61478,0.48278,590.2,824.1,0.908,0.39969,0.30828,383.7,526.2,0.805,0.56146,0.49098,539.0,838.1,0.873
1006,27.783,960,1707,0.66828,0.20641,641.6,352.3,0.999,0.67034,0.2008,643.5,342.8,0.999,0.67078,0.20074,644.0,342.7,0.999,0.671,0.20075,644.2,342.7,0.999,0.66864,0.20177,641.9,344.4,1.0,0.66735,0.20234,640.7,345.4,1.0,0.6667,0.20274,640.0,346.1,1.0,0.6684,0.20517,641.7,350.2,1.0,0.67033,0.20455,643.5,349.2,0.999,0.66654,0.2115,639.9,361.0,0.999,0.66443,0.21271,637.9,363.1,0.999,0.66387,0.23578,637.3,402.5,1.0,0.65047,0.23787,624.4,406.0,1.0,0.56516,0.29306,542.6,500.2,0.538,0.57037,0.2885,547.6,492.5,0.012,0.49736,0.31927,477.5,545.0,0.511,0.50233,0.32333,482.2,551.9,0.068,0.4849,0.33163,465.5,566.1,0.515,0.48768,0.33271,468.2,567.9,0.115,0.47346,0.32293,454.5,551.2,0.503,0.48142,0.33067,462.2,564.5,0.109,0.47678,0.32124,457.7,548.4,0.418,0.48624,0.3295,466.8,562.5,0.103,0.65943,0.31454,633.1,536.9,1.0,0.65347,0.33256,627.3,567.7,1.0,0.5577,0.24187,535.4,412.9,0.817,0.60226,0.3884,578.2,663.0,0.836,0.46365,0.30869,445.1,526.9,0.808,0.59908,0.47199,575.1,805.7,0.923,0.46723,0.32486,448.5,554.5,0.805,0.61405,0.48427,589.5,826.6,0.908,0.39433,0.3074,378.6,524.7,0.801,0.56119,0.49097,538.7,838.1,0.877
1007,27.811,960,1707,0.61845,0.20773,593.7,354.6,0.999,0.62005,0.20348,595.2,347.3,0.999,0.62117,0.20384,596.3,348.0,0.999,0.62242,0.20387,597.5,348.0,1.0,0.61192,0.20582,587.4,351.3,1.0,0.61193,0.20576,587.5,351.2,1.0,0.61177,0.20562,587.3,351.0,1.0,0.6251,0.20728,600.1,353.8,1.0,0.61937,0.20498,594.6,349.9,0.999,0.61916,0.21386,594.4,365.1,0.999,0.61685,0.21562,592.2,368.1,0.999,0.64579,0.23578,620.0,402.5,1.0,0.64797,0.23933,622.0,408.5,1.0,0.56256,0.29155,540.1,497.7,0.544,0.57016,0.28867,547.4,492.8,0.013,0.4964,0.31943,476.5,545.3,0.514,0.50136,0.32226,481.3,550.1,0.067,0.48268,0.3309,463.4,564.8,0.522,0.48446,0.33227,465.1,567.2,0.113,0.47287,0.32296,454.0,551.3,0.511,0.47909,0.32971,459.9,562.8,0.108,0.47617,0.32128,457.1,548.4,0.422,0.48353,0.32864,464.2,561.0,0.103,0.65339,0.31296,627.3,534.2,1.0,0.65329,0.33235,627.2,567.3,1.0,0.55584,0.24133,533.6,411.9,0.826,0.60224,0.38798,578.2,662.3,0.844,0.46341,0.30842,444.9,526.5,0.817,0.59902,0.47201,575.1,805.7,0.927,0.47447,0.33378,455.5,569.8,0.811,0.61423,0.48426,589.7,826.6,0.912,0.38953,0.30745,373.9,524.8,0.81,0.55939,0.49057,537.0,837.4,0.883
1008,27.838,960,1707,0.61458,0.208,590.0,355.1,0.999,0.61559,0.20539,591.0,350.6,0.999,0.61645,0.20564,591.8,351.0,0.999,0.6174,0.20549,592.7,350.8,1.0,0.61439,0.20692,589.8,353.2,1.0,0.60651,0.20833,582.2,355.6,1.0,0.60629,0.20801,582.0,355.1,1.0,0.6249,0.20705,599.9,353.4,1.0,0.62492,0.20685,599.9,353.1,0.999,0.61741,0.21548,592.7,367.8,0.999,0.61494,0.21718,590.3,370.7,0.999,0.63972,0.23543,614.1,401.9,1.0,0.64607,0.2401,620.2,409.9,1.0,0.56427,0.28928,541.7,493.8,0.552,0.56851,0.28879,545.8,493.0,0.013,0.49717,0.3195,477.3,545.4,0.514,0.50201,0.32202,481.9,549.7,0.066,0.48216,0.33047,462.9,564.1,0.525,0.48465,0.33154,465.3,565.9,0.113,0.47359,0.32242,454.6,550.4,0.514,0.47994,0.32898,460.7,561.6,0.108,0.47701,0.32067,457.9,547.4,0.423,0.48475,0.32802,465.4,559.9,0.103,0.65039,0.31143,624.4,531.6,1.0,0.65184,0.33122,625.8,565.4,1.0,0.55319,0.23967,531.1,409.1,0.835,0.60206,0.38732,578.0,661.2,0.854,0.46245,0.30726,444.0,524.5,0.827,0.59889,0.47271,574.9,806.9,0.932,0.47027,0.32599,451.5,556.5,0.818,0.61427,0.48472,589.7,827.4,0.918,0.38807,0.30679,372.5,523.7,0.82,0.55817,0.49018,535.8,836.7,0.891
1009,27.866,960,1707,0.61599,0.2229,591.4,380.5,0.999,0.61532,0.21617,590.7,369.0,0.999,0.61538,0.21534,590.8,367.6,0.999,0.61553,0.21462,590.9,366.3,1.0,0.61762,0.21827,592.9,372.6,1.0,0.61681,0.21907,592.1,373.9,1.0,0.61773,0.21949,593.0,374.7,1.0,0.61886,0.21717,594.1,370.7,1.0,0.63035,0.2191,605.1,374.0,0.999,0.61988,0.22633,595.1,386.3,0.999,0.62124,0.22921,596.4,391.3,0.999,0.62955,0.2365,604.4,403.7,1.0,0.64824,0.24569,622.3,419.4,1.0,0.55235,0.28689,530.3,489.7,0.541,0.57828,0.29933,555.2,511.0,0.013,0.49176,0.31892,472.1,544.4,0.503,0.5036,0.32195,483.5,549.6,0.072,0.47742,0.32971,458.3,562.8,0.514,0.48651,0.33137,467.0,565.7,0.118,0.47009,0.32205,451.3,549.7,0.503,0.48165,0.3285,462.4,560.7,0.113,0.47442,0.32026,455.4,546.7,0.411,0.48643,0.32756,467.0,559.2,0.106,0.63592,0.31194,610.5,532.5,1.0,0.65357,0.33078,627.4,564.6,1.0,0.54883,0.23763,526.9,405.6,0.833,0.60176,0.38552,577.7,658.1,0.86,0.46328,0.30726,444.7,524.5,0.827,0.59917,0.47167,575.2,805.1,0.933,0.47178,0.3327,452.9,567.9,0.824,0.61458,0.48323,590.0,824.9,0.922,0.38825,0.30645,372.7,523.1,0.813,0.55819,0.48936,535.9,835.3,0.89
1010,27.894,960,1707,0.6748,0.21157,647.8,361.1,1.0,0.67655,0.20803,649.5,355.1,1.0,0.67563,0.20835,648.6,355.6,0.999,0.67379,0.20874,646.8,356.3,1.0,0.67528,0.20753,648.3,354.3,1.0,0.67353,0.20754,646.6,354.3,1.0,0.67138,0.20716,644.5,353.6,1.0,0.66822,0.21254,641.5,362.8,1.0,0.65567,0.20927,629.4,357.2,0.999,0.67032,0.21686,643.5,370.2,1.0,0.66741,0.2176,640.7,371.4,0.999,0.64506,0.23618,619.3,403.2,1.0,0.64928,0.24124,623.3,411.8,1.0,0.55427,0.28753,532.1,490.8,0.503,0.56858,0.29263,545.8,499.5,0.013,0.49427,0.31983,474.5,545.9,0.463,0.50153,0.32192,481.5,549.5,0.067,0.48066,0.33128,461.4,565.5,0.474,0.48491,0.33086,465.5,564.8,0.111,0.47289,0.32262,454.0,550.7,0.464,0.48078,0.32795,461.5,559.8,0.105,0.47734,0.32094,458.2,547.8,0.379,0.48564,0.32733,466.2,558.7,0.1,0.64106,0.31196,615.4,532.5,1.0,0.6529,0.32902,626.8,561.6,1.0,0.5475,0.23739,525.6,405.2,0.809,0.60164,0.38407,577.6,655.6,0.845,0.46446,0.30739,445.9,524.7,0.802,0.59924,0.47088,575.3,803.8,0.925,0.4751,0.33381,456.1,569.8,0.801,0.61454,0.48271,590.0,824.0,0.912,0.38863,0.30666,373.1,523.5,0.789,0.55849,0.4886,536.2,834.0,0.876
1011,27.921,960,1707,0.63461,0.21622,609.2,369.1,1.0,0.63533,0.21033,609.9,359.0,1.0,0.63544,0.20995,610.0,358.4,0.999,0.63561,0.20985,610.2,358.2,1.0,0.63719,0.21127,611.7,360.6,1.0,0.63896,0.21158,613.4,361.2,1.0,0.63986,0.21196,614.3,361.8,1.0,0.6417,0.21237,616.0,362.5,1.0,0.64418,0.21304,618.4,363.7,0.999,0.63778,0.21974,612.3,375.1,1.0,0.63864,0.22193,613.1,378.8,0.999,0.65015,0.23594,624.1,402.7,1.0,0.64447,0.24184,618.7,412.8,1.0,0.55743,0.28682,535.1,489.6,0.487,0.56491,0.2912,542.3,497.1,0.013,0.49581,0.31975,476.0,545.8,0.447,0.49802,0.32182,478.1,549.3,0.069,0.48234,0.33173,463.0,566.3,0.458,0.48284,0.33048,463.5,564.1,0.112,0.47305,0.32237,454.1,550.3,0.449,0.47914,0.32774,460.0,559.5,0.107,0.47783,0.32076,458.7,547.5,0.363,0.48327,0.32717,463.9,558.5,0.1,0.63856,0.31205,613.0,532.7,1.0,0.64715,0.32765,621.3,559.3,1.0,0.54537,0.23588,523.6,402.6,0.797,0.60109,0.38288,577.0,653.6,0.845,0.46686,0.30739,448.2,524.7,0.79,0.59933,0.47041,575.4,803.0,0.922,0.48184,0.33697,462.6,575.2,0.796,0.61439,0.48266,589.8,823.9,0.911,0.38931,0.30728,373.7,524.5,0.775,0.55803,0.48733,535.7,831.9,0.87
1012,27.949,960,1707,0.61123,0.21641,586.8,369.4,1.0,0.61143,0.2104,587.0,359.2,1.0,0.61208,0.20988,587.6,358.3,1.0,0.61286,0.20954,588.4,357.7,1.0,0.61228,0.21131,587.8,360.7,1.0,0.60502,0.21175,580.8,361.5,1.0,0.60415,0.21211,580.0,362.1,1.0,0.6215,0.21065,596.6,359.6,1.0,0.62437,0.21353,599.4,364.5,1.0,0.61738,0.21978,592.7,375.2,1.0,0.61729,0.22245,592.6,379.7,0.999,0.63647,0.23587,611.0,402.6,1.0,0.63625,0.24224,610.8,413.5,1.0,0.55934,0.28635,537.0,488.8,0.475,0.55894,0.29066,536.6,496.2,0.013,0.49627,0.31958,476.4,545.5,0.433,0.49684,0.32266,477.0,550.8,0.071,0.48229,0.33126,463.0,565.5,0.446,0.48159,0.33019,462.3,563.6,0.115,0.47162,0.32218,452.8,550.0,0.437,0.47768,0.32776,458.6,559.5,0.109,0.47529,0.32056,456.3,547.2,0.351,0.4816,0.32716,462.3,558.5,0.101,0.64119,0.30925,615.5,527.9,1.0,0.64467,0.32733,618.9,558.7,1.0,0.54409,0.23515,522.3,401.4,0.794,0.60091,0.38268,576.9,653.2,0.848,0.46719,0.30739,448.5,524.7,0.791,0.59956,0.46938,575.6,801.2,0.923,0.48288,0.33802,463.6,577.0,0.8,0.61428,0.48143,589.7,821.8,0.913,0.38984,0.30766,374.2,525.2,0.775,0.55879,0.48692,536.4,831.2,0.87
1013,27.976,960,1707,0.61053,0.21775,586.1,371.7,1.0,0.61048,0.211,586.1,360.2,1.0,0.61144,0.21017,587.0,358.8,1.0,0.61251,0.20964,588.0,357.9,1.0,0.60995,0.21269,585.5,363.1,1.0,0.60871,0.21331,584.4,364.1,1.0,0.59988,0.21408,575.9,365.4,1.0,0.62138,0.21008,596.5,358.6,1.0,0.62035,0.21445,595.5,366.1,1.0,0.61749,0.22023,592.8,375.9,1.0,0.61639,0.22345,591.7,381.4,0.999,0.64418,0.2354,618.4,401.8,1.0,0.62894,0.24221,603.8,413.5,1.0,0.5663,0.2865,543.6,489.1,0.442,0.55321,0.28814,531.1,491.9,0.014,0.50419,0.31993,484.0,546.1,0.4,0.49307,0.31891,473.3,544.4,0.071,0.48647,0.33182,467.0,566.4,0.416,0.47721,0.32246,458.1,550.4,0.114,0.47264,0.32243,453.7,550.4,0.409,0.47501,0.32205,456.0,549.7,0.109,0.47891,0.3208,459.7,547.6,0.327,0.47818,0.32145,459.0,548.7,0.1,0.64752,0.30871,621.6,527.0,1.0,0.63989,0.3259,614.3,556.3,1.0,0.54312,0.23495,521.4,401.1,0.788,0.60105,0.38137,577.0,651.0,0.847,0.47187,0.30948,453.0,528.3,0.789,0.60038,0.46713,576.4,797.4,0.922,0.48756,0.34107,468.1,582.2,0.797,0.61427,0.47899,589.7,817.6,0.911,0.39831,0.31496,382.4,537.6,0.776,0.55996,0.48685,537.6,831.1,0.868
1014,28.004,960,1707,0.60917,0.22012,584.8,375.8,1.0,0.60873,0.21259,584.4,362.9,1.0,0.6088,0.21159,584.5,361.2,1.0,0.60898,0.21088,584.6,360.0,1.0,0.61122,0.2146,586.8,366.3,1.0,0.61217,0.21527,587.7,367.5,1.0,0.60997,0.21603,585.6,368.8,1.0,0.61694,0.21046,592.3,359.2,1.0,0.62432,0.21635,599.3,369.3,1.0,0.61392,0.22246,589.4,379.7,1.0,0.61597,0.22564,591.3,385.2,0.999,0.62667,0.2354,601.6,401.8,1.0,0.62949,0.24323,604.3,415.2,1.0,0.55693,0.28556,534.7,487.4,0.414,0.55651,0.28843,534.2,492.3,0.014,0.50351,0.31992,483.4,546.1,0.369,0.49481,0.31902,475.0,544.6,0.073,0.48489,0.33154,465.5,565.9,0.384,0.47799,0.32315,458.9,551.6,0.115,0.47326,0.32258,454.3,550.6,0.377,0.47559,0.32245,456.6,550.4,0.109,0.47879,0.32073,459.6,547.5,0.3,0.47951,0.32185,460.3,549.4,0.1,0.64236,0.30826,616.7,526.2,1.0,0.64257,0.32633,616.9,557.0,1.0,0.53985,0.23491,518.3,401.0,0.767,0.60109,0.3813,577.0,650.9,0.844,0.47211,0.30895,453.2,527.4,0.773,0.60051,0.46666,576.5,796.6,0.919,0.48543,0.33957,466.0,579.7,0.793,0.61425,0.4793,589.7,818.2,0.911,0.39754,0.31381,381.6,535.7,0.75,0.56176,0.48672,539.3,830.8,0.857
1015,28.032,960,1707,0.6061,0.2211,581.9,377.4,1.0,0.60584,0.21338,581.6,364.2,1.0,0.60621,0.21226,582.0,362.3,0.999,0.60669,0.21144,582.4,360.9,1.0,0.60757,0.2156,583.3,368.0,1.0,0.60889,0.2163,584.5,369.2,1.0,0.60924,0.21704,584.9,370.5,1.0,0.61567,0.21054,591.0,359.4,1.0,0.62139,0.21704,596.5,370.5,0.999,0.61178,0.22317,587.3,381.0,1.0,0.6132,0.22637,588.7,386.4,0.999,0.63502,0.23476,609.6,400.7,1.0,0.63069,0.24346,605.5,415.6,1.0,0.55843,0.2842,536.1,485.1,0.385,0.55244,0.28837,530.3,492.2,0.014,0.50316,0.31984,483.0,546.0,0.338,0.49497,0.31905,475.2,544.6,0.073,0.48358,0.33127,464.2,565.5,0.353,0.47732,0.32344,458.2,552.1,0.114,0.47364,0.322,454.7,549.6,0.347,0.47508,0.32268,456.1,550.8,0.108,0.47787,0.32039,458.8,546.9,0.275,0.47927,0.3215,460.1,548.8,0.098,0.63905,0.30865,613.5,526.9,1.0,0.64183,0.32506,616.2,554.9,1.0,0.53927,0.23443,517.7,400.2,0.745,0.60103,0.38104,577.0,650.4,0.835,0.47199,0.30895,453.1,527.4,0.759,0.60065,0.46612,576.6,795.7,0.913,0.48559,0.33956,466.2,579.6,0.787,0.61425,0.47897,589.7,817.6,0.908,0.39764,0.31322,381.7,534.7,0.735,0.56146,0.4862,539.0,829.9,0.845
1016,28.059,960,1707,0.59686,0.22108,573.0,377.4,1.0,0.5988,0.21557,574.8,368.0,1.0,0.60053,0.2151,576.5,367.2,0.999,0.60228,0.21188,578.2,361.7,1.0,0.5956,0.21721,571.8,370.8,1.0,0.59553,0.21778,571.7,371.7,1.0,0.59502,0.21815,571.2,372.4,1.0,0.60999,0.21171,585.6,361.4,1.0,0.60144,0.21782,577.4,371.8,0.999,0.60323,0.22309,579.1,380.8,1.0,0.60051,0.22609,576.5,385.9,0.999,0.63933,0.2348,613.8,400.8,1.0,0.62572,0.24459,600.7,417.5,1.0,0.55899,0.28465,536.6,485.9,0.359,0.5488,0.28901,526.8,493.3,0.014,0.50269,0.3199,482.6,546.1,0.312,0.49364,0.31941,473.9,545.2,0.072,0.4819,0.33107,462.6,565.1,0.328,0.47584,0.32371,456.8,552.6,0.112,0.47255,0.32252,453.6,550.5,0.322,0.47319,0.32244,454.3,550.4,0.106,0.47709,0.32035,458.0,546.8,0.255,0.47743,0.32158,458.3,548.9,0.096,0.64037,0.30756,614.8,525.0,1.0,0.63854,0.32558,613.0,555.8,1.0,0.53843,0.23448,516.9,400.3,0.733,0.60104,0.38088,577.0,650.2,0.829,0.47174,0.30904,452.9,527.5,0.752,0.60094,0.46609,576.9,795.6,0.91,0.48649,0.34021,467.0,580.7,0.782,0.61424,0.47862,589.7,817.0,0.904,0.39815,0.31279,382.2,533.9,0.731,0.56308,0.48626,540.6,830.0,0.84
1017,28.087,960,1707,0.60221,0.22435,578.1,383.0,1.0,0.60268,0.21748,578.6,371.2,0.999,0.60378,0.21651,579.6,369.6,0.999,0.60496,0.2146,580.8,366.3,1.0,0.60147,0.21969,577.4,375.0,1.0,0.60165,0.22038,577.6,376.2,1.0,0.60153,0.22096,577.5,377.2,1.0,0.61309,0.21268,588.6,363.1,1.0,0.60969,0.2201,585.3,375.7,0.999,0.60843,0.22559,584.1,385.1,1.0,0.60701,0.22887,582.7,390.7,0.999,0.65244,0.23522,626.3,401.5,1.0,0.6192,0.24485,594.4,418.0,1.0,0.57166,0.28517,548.8,486.8,0.329,0.54392,0.28823,522.2,492.0,0.015,0.51021,0.31978,489.8,545.9,0.284,0.49174,0.31868,472.1,544.0,0.071,0.49762,0.33112,477.7,565.2,0.299,0.47397,0.32368,455.0,552.5,0.11,0.48386,0.3226,464.5,550.7,0.294,0.47194,0.32161,453.1,549.0,0.105,0.49441,0.32044,474.6,547.0,0.232,0.47634,0.32077,457.3,547.6,0.094,0.64317,0.30732,617.4,524.6,1.0,0.63637,0.32562,610.9,555.8,1.0,0.53701,0.23367,515.5,398.9,0.72,0.60105,0.37943,577.0,647.7,0.821,0.47169,0.30901,452.8,527.5,0.744,0.60159,0.46568,577.5,794.9,0.906,0.48754,0.33973,468.0,579.9,0.774,0.61428,0.47831,589.7,816.5,0.898,0.39784,0.31271,381.9,533.8,0.726,0.56387,0.48596,541.3,829.5,0.834
1018,28.115,960,1707,0.60103,0.22401,577.0,382.4,1.0,0.6021,0.21799,578.0,372.1,1.0,0.60364,0.21744,579.5,371.2,0.999,0.60493,0.21636,580.7,369.3,1.0,0.59826,0.21942,574.3,374.5,1.0,0.59743,0.21994,573.5,375.4,1.0,0.59633,0.22064,572.5,376.6,1.0,0.6149,0.21267,590.3,363.0,1.0,0.59986,0.22018,575.9,375.9,1.0,0.60683,0.22503,582.6,384.1,1.0,0.60257,0.22745,578.5,388.3,0.999,0.65649,0.23525,630.2,401.6,1.0,0.61959,0.24464,594.8,417.6,1.0,0.57084,0.28518,548.0,486.8,0.311,0.54678,0.28783,524.9,491.3,0.016,0.50934,0.3193,489.0,545.0,0.266,0.49225,0.31877,472.6,544.1,0.076,0.49595,0.33101,476.1,565.0,0.284,0.474,0.32379,455.0,552.7,0.117,0.48376,0.32254,464.4,550.6,0.28,0.47182,0.32232,452.9,550.2,0.111,0.49011,0.3204,470.5,546.9,0.22,0.47612,0.32097,457.1,547.9,0.099,0.64635,0.30695,620.5,524.0,1.0,0.63609,0.32562,610.6,555.8,1.0,0.53664,0.23398,515.2,399.4,0.724,0.60101,0.37914,577.0,647.2,0.826,0.4712,0.3088,452.4,527.1,0.749,0.6017,0.46564,577.6,794.8,0.908,0.48738,0.33955,467.9,579.6,0.774,0.61429,0.47833,589.7,816.5,0.898,0.3976,0.31251,381.7,533.5,0.734,0.56333,0.48589,540.8,829.4,0.839
1019,28.142,960,1707,0.60308,0.22148,579.0,378.1,1.0,0.60393,0.21761,579.8,371.5,1.0,0.60545,0.21698,581.2,370.4,0.999,0.607,0.21519,582.7,367.3,1.0,0.59922,0.21934,575.3,374.4,1.0,0.59773,0.21981,573.8,375.2,1.0,0.59603,0.22014,572.2,375.8,1.0,0.61607,0.21203,591.4,361.9,1.0,0.59799,0.21945,574.1,374.6,1.0,0.60859,0.22293,584.2,380.5,1.0,0.60384,0.22352,579.7,381.6,0.999,0.65781,0.23491,631.5,401.0,1.0,0.61566,0.24453,591.0,417.4,1.0,0.58148,0.29183,558.2,498.1,0.285,0.54486,0.2875,523.1,490.8,0.017,0.5105,0.31719,490.1,541.4,0.243,0.49146,0.31875,471.8,544.1,0.073,0.52341,0.32522,502.5,555.1,0.262,0.47258,0.32384,453.7,552.8,0.112,0.52411,0.32005,503.1,546.3,0.259,0.47025,0.32238,451.4,550.3,0.107,0.52891,0.31855,507.8,543.8,0.203,0.47502,0.32106,456.0,548.1,0.096,0.6454,0.30881,619.6,527.1,1.0,0.63515,0.32548,609.7,555.6,1.0,0.53545,0.23355,514.0,398.7,0.694,0.60087,0.37911,576.8,647.1,0.802,0.47118,0.30964,452.3,528.5,0.728,0.60183,0.46571,577.8,795.0,0.895,0.48861,0.34049,469.1,581.2,0.75,0.61453,0.47839,589.9,816.6,0.883,0.39762,0.3161,381.7,539.6,0.718,0.56326,0.4859,540.7,829.4,0.823
1020,28.17,960,1707,0.59845,0.22135,574.5,377.8,1.0,0.60092,0.21797,576.9,372.1,1.0,0.60295,0.21755,578.8,371.4,0.999,0.60459,0.2166,580.4,369.7,1.0,0.59608,0.21929,572.2,374.3,1.0,0.59498,0.2197,571.2,375.0,1.0,0.59357,0.21993,569.8,375.4,1.0,0.61019,0.21448,585.8,366.1,1.0,0.59584,0.2199,572.0,375.4,1.0,0.60391,0.223,579.8,380.7,1.0,0.59886,0.22369,574.9,381.8,0.999,0.64787,0.23476,622.0,400.7,1.0,0.61923,0.2446,594.5,417.5,1.0,0.56407,0.28577,541.5,487.8,0.273,0.54534,0.2874,523.5,490.6,0.017,0.50809,0.31715,487.8,541.4,0.229,0.49181,0.31879,472.1,544.2,0.073,0.5027,0.32624,482.6,556.9,0.248,0.47314,0.32412,454.2,553.3,0.112,0.48982,0.32014,470.2,546.5,0.245,0.47061,0.32245,451.8,550.4,0.107,0.49045,0.31857,470.8,543.8,0.191,0.47522,0.32115,456.2,548.2,0.095,0.63688,0.30893,611.4,527.3,1.0,0.63624,0.32547,610.8,555.6,1.0,0.53183,0.23375,510.6,399.0,0.686,0.60092,0.3787,576.9,646.4,0.801,0.46972,0.30868,450.9,526.9,0.724,0.60185,0.46562,577.8,794.8,0.894,0.48677,0.34018,467.3,580.7,0.751,0.61445,0.47826,589.9,816.4,0.884,0.39635,0.31556,380.5,538.7,0.714,0.56317,0.48567,540.6,829.0,0.82
1021,28.197,960,1707,0.59549,0.22536,571.7,384.7,1.0,0.59839,0.22251,574.5,379.8,1.0,0.59994,0.22214,575.9,379.2,0.999,0.60116,0.22096,577.1,377.2,1.0,0.59531,0.2231,571.5,380.8,1.0,0.59509,0.22314,571.3,380.9,1.0,0.5944,0.22302,570.6,380.7,1.0,0.60598,0.22033,581.7,376.1,1.0,0.59894,0.22349,575.0,381.5,1.0,0.6007,0.22722,576.7,387.9,1.0,0.59748,0.22838,573.6,389.8,0.999,0.62578,0.23428,600.7,399.9,1.0,0.62732,0.24844,602.2,424.1,1.0,0.55499,0.28186,532.8,481.1,0.271,0.55476,0.28917,532.6,493.6,0.016,0.50283,0.31685,482.7,540.9,0.222,0.4987,0.31928,478.7,545.0,0.072,0.48577,0.32636,466.3,557.1,0.241,0.48433,0.32614,465.0,556.7,0.11,0.47522,0.31987,456.2,546.0,0.237,0.47907,0.32484,459.9,554.5,0.105,0.47821,0.31838,459.1,543.5,0.183,0.48234,0.32322,463.0,551.7,0.092,0.62939,0.30899,604.2,527.4,1.0,0.63928,0.32579,613.7,556.1,1.0,0.5312,0.23389,510.0,399.2,0.662,0.60109,0.37886,577.0,646.7,0.794,0.46767,0.30633,449.0,522.9,0.709,0.60221,0.46585,578.1,795.2,0.889,0.48105,0.33834,461.8,577.5,0.752,0.61454,0.47987,590.0,819.1,0.886,0.39474,0.31169,378.9,532.0,0.695,0.56211,0.48566,539.6,829.0,0.811
1022,28.225,960,1707,0.59539,0.22599,571.6,385.8,1.0,0.59771,0.22307,573.8,380.8,1.0,0.59863,0.22204,574.7,379.0,0.999,0.59912,0.22119,575.2,377.6,1.0,0.59643,0.22354,572.6,381.6,1.0,0.59647,0.2235,572.6,381.5,1.0,0.59607,0.22324,572.2,381.1,1.0,0.60234,0.22072,578.2,376.8,1.0,0.60123,0.2235,577.2,381.5,1.0,0.5994,0.22806,575.4,389.3,1.0,0.59795,0.22968,574.0,392.1,0.999,0.61269,0.23384,588.2,399.2,1.0,0.63837,0.24889,612.8,424.9,1.0,0.54486,0.27889,523.1,476.1,0.287,0.57726,0.29972,554.2,511.6,0.015,0.49895,0.31681,479.0,540.8,0.233,0.50351,0.31936,483.4,545.1,0.074,0.48058,0.32656,461.4,557.4,0.247,0.49249,0.32689,472.8,558.0,0.113,0.47034,0.31991,451.5,546.1,0.243,0.48391,0.32605,464.6,556.6,0.106,0.4738,0.31839,454.8,543.5,0.185,0.48785,0.32423,468.3,553.5,0.094,0.62366,0.30901,598.7,527.5,1.0,0.64468,0.3259,618.9,556.3,1.0,0.52875,0.23411,507.6,399.6,0.666,0.60126,0.37893,577.2,646.8,0.802,0.46543,0.30525,446.8,521.1,0.716,0.60243,0.46587,578.3,795.2,0.894,0.478,0.33704,458.9,575.3,0.766,0.61465,0.47988,590.1,819.2,0.894,0.39126,0.30974,375.6,528.7,0.697,0.56146,0.48518,539.0,828.2,0.816
1023,28.253,960,1707,0.59556,0.22579,571.7,385.4,1.0,0.59747,0.22238,573.6,379.6,0.999,0.59842,0.22162,574.5,378.3,0.999,0.59872,0.22084,574.8,377.0,1.0,0.59676,0.22339,572.9,381.3,1.0,0.59682,0.22335,572.9,381.3,1.0,0.59651,0.22305,572.6,380.7,1.0,0.60059,0.22049,576.6,376.4,1.0,0.6014,0.2232,577.3,381.0,0.999,0.59954,0.22787,575.6,389.0,1.0,0.59856,0.22917,574.6,391.2,0.999,0.61651,0.23346,591.8,398.5,1.0,0.63739,0.24879,611.9,424.7,1.0,0.54658,0.27867,524.7,475.7,0.285,0.5726,0.29936,549.7,511.0,0.015,0.49706,0.31676,477.2,540.7,0.225,0.50274,0.31946,482.6,545.3,0.075,0.47837,0.3267,459.2,557.7,0.239,0.49015,0.3272,470.5,558.5,0.113,0.46811,0.31993,449.4,546.1,0.234,0.48292,0.32633,463.6,557.0,0.107,0.47182,0.31838,452.9,543.5,0.177,0.48709,0.32452,467.6,554.0,0.094,0.62754,0.3062,602.4,522.7,1.0,0.64459,0.32594,618.8,556.4,1.0,0.52801,0.23405,506.9,399.5,0.657,0.6014,0.37896,577.3,646.9,0.805,0.46543,0.30516,446.8,520.9,0.712,0.60261,0.46581,578.5,795.1,0.895,0.47755,0.3365,458.5,574.4,0.771,0.61476,0.47987,590.2,819.1,0.898,0.39015,0.30956,374.5,528.4,0.687,0.5626,0.48521,540.1,828.3,0.815
1024,28.28,960,1707,0.59479,0.22927,571.0,391.4,1.0,0.59601,0.22583,572.2,385.5,0.999,0.596,0.22539,572.2,384.7,0.999,0.59556,0.22504,571.7,384.1,1.0,0.59729,0.22661,573.4,386.8,1.0,0.59768,0.22636,573.8,386.4,1.0,0.59726,0.22591,573.4,385.6,1.0,0.59727,0.22417,573.4,382.7,1.0,0.6021,0.22576,578.0,385.4,0.999,0.59667,0.23249,572.8,396.9,1.0,0.59857,0.23339,574.6,398.4,0.999,0.60296,0.23301,578.8,397.7,1.0,0.66104,0.2511,634.6,428.6,1.0,0.53168,0.27762,510.4,473.9,0.331,0.59565,0.30142,571.8,514.5,0.015,0.48632,0.31524,466.9,538.1,0.268,0.51104,0.31796,490.6,542.8,0.088,0.47069,0.32467,451.9,554.2,0.277,0.49787,0.32643,478.0,557.2,0.131,0.46555,0.31935,446.9,545.1,0.27,0.4896,0.32447,470.0,553.9,0.124,0.46718,0.3168,448.5,540.8,0.207,0.49202,0.32328,472.3,551.8,0.109,0.61838,0.30634,593.6,522.9,1.0,0.64923,0.32604,623.3,556.6,1.0,0.5271,0.23413,506.0,399.7,0.688,0.60167,0.37903,577.6,647.0,0.823,0.46465,0.3043,446.1,519.4,0.738,0.60321,0.46555,579.1,794.7,0.905,0.47197,0.33629,453.1,574.0,0.792,0.61515,0.47979,590.5,819.0,0.907,0.39036,0.30938,374.7,528.1,0.713,0.56257,0.48464,540.1,827.3,0.832
1025,28.308,960,1707,0.59439,0.23099,570.6,394.3,0.999,0.59489,0.22703,571.1,387.5,0.999,0.5941,0.2266,570.3,386.8,0.999,0.59304,0.2263,569.3,386.3,1.0,0.59773,0.2278,573.8,388.9,1.0,0.59824,0.22758,574.3,388.5,1.0,0.59755,0.22721,573.6,387.9,1.0,0.5945,0.22566,570.7,385.2,1.0,0.60403,0.22734,579.9,388.1,0.999,0.59474,0.23414,571.0,399.7,0.999,0.59855,0.23524,574.6,401.5,0.999,0.59032,0.2324,566.7,396.7,1.0,0.67178,0.2515,644.9,429.3,1.0,0.52848,0.27522,507.3,469.8,0.381,0.61534,0.30073,590.7,513.4,0.015,0.48215,0.31375,462.9,535.6,0.324,0.52826,0.31807,507.1,542.9,0.095,0.47186,0.3236,453.0,552.4,0.328,0.51557,0.32315,494.9,551.6,0.142,0.46532,0.31867,446.7,544.0,0.32,0.50051,0.32066,480.5,547.4,0.133,0.46593,0.31558,447.3,538.7,0.255,0.50562,0.31931,485.4,545.1,0.117,0.61578,0.30584,591.2,522.1,1.0,0.65295,0.32609,626.8,556.6,1.0,0.52605,0.23418,505.0,399.7,0.717,0.60189,0.37938,577.8,647.6,0.84,0.46346,0.30325,444.9,517.6,0.763,0.60371,0.46552,579.6,794.6,0.914,0.46863,0.33382,449.9,569.8,0.811,0.61558,0.47981,591.0,819.0,0.917,0.39057,0.30876,374.9,527.1,0.739,0.56266,0.48467,540.2,827.3,0.848
1026,28.335,960,1707,0.59533,0.23242,571.5,396.7,0.999,0.59598,0.2279,572.1,389.0,0.999,0.59544,0.22744,571.6,388.2,0.999,0.59462,0.22706,570.8,387.6,1.0,0.59784,0.2289,573.9,390.7,1.0,0.59901,0.22869,575.1,390.4,1.0,0.59988,0.2283,575.9,389.7,1.0,0.59595,0.22755,572.1,388.4,1.0,0.62024,0.22873,595.4,390.4,0.999,0.59648,0.23489,572.6,400.9,0.999,0.59913,0.23609,575.2,403.0,0.999,0.59722,0.23231,573.3,396.6,1.0,0.67244,0.25209,645.5,430.3,1.0,0.53095,0.27473,509.7,469.0,0.419,0.6071,0.30202,582.8,515.5,0.015,0.48229,0.31346,463.0,535.1,0.365,0.52151,0.31724,500.7,541.5,0.1,0.47262,0.32345,453.7,552.1,0.366,0.5098,0.32338,489.4,552.0,0.15,0.46499,0.3184,446.4,543.5,0.356,0.49761,0.32099,477.7,547.9,0.139,0.4656,0.31522,447.0,538.1,0.289,0.50245,0.31968,482.3,545.7,0.122,0.61599,0.30525,591.3,521.1,1.0,0.65361,0.32606,627.5,556.6,1.0,0.52608,0.23431,505.0,400.0,0.742,0.60199,0.37951,577.9,647.8,0.854,0.4634,0.30314,444.9,517.5,0.784,0.60383,0.46562,579.7,794.8,0.922,0.46791,0.33333,449.2,569.0,0.829,0.61565,0.48011,591.0,819.5,0.925,0.39076,0.30847,375.1,526.6,0.76,0.56268,0.4847,540.2,827.4,0.863
1027,28.363,960,1707,0.597,0.23289,573.1,397.5,0.999,0.59607,0.22833,572.2,389.8,0.999,0.59601,0.2279,572.2,389.0,0.999,0.5956,0.22744,571.8,388.2,1.0,0.59856,0.22968,574.6,392.1,1.0,0.60071,0.2294,576.7,391.6,1.0,0.6016,0.22893,577.5,390.8,1.0,0.59723,0.228,573.3,389.2,1.0,0.6239,0.22937,598.9,391.5,0.999,0.59708,0.23501,573.2,401.2,0.999,0.60062,0.23597,576.6,402.8,0.999,0.60249,0.23235,578.4,396.6,1.0,0.66555,0.25335,638.9,432.5,1.0,0.53273,0.27563,511.4,470.5,0.439,0.59688,0.30199,573.0,515.5,0.014,0.48241,0.31345,463.1,535.1,0.373,0.52061,0.3173,499.8,541.6,0.1,0.46923,0.32308,450.5,551.5,0.37,0.50634,0.32407,486.1,553.2,0.15,0.46406,0.31823,445.5,543.2,0.358,0.49656,0.32166,476.7,549.1,0.139,0.46434,0.31502,445.8,537.7,0.287,0.50117,0.32009,481.1,546.4,0.122,0.61708,0.30506,592.4,520.7,1.0,0.65338,0.32594,627.2,556.4,1.0,0.526,0.23449,505.0,400.3,0.756,0.60201,0.37927,577.9,647.4,0.864,0.46311,0.30319,444.6,517.5,0.798,0.60382,0.46563,579.7,794.8,0.929,0.46905,0.3347,450.3,571.3,0.842,0.61558,0.48011,591.0,819.5,0.931,0.3908,0.30833,375.2,526.3,0.77,0.56267,0.48472,540.2,827.4,0.873
1028,28.391,960,1707,0.59741,0.23194,573.5,395.9,0.999,0.59668,0.2276,572.8,388.5,0.999,0.5967,0.22715,572.8,387.7,0.999,0.59611,0.22662,572.3,386.8,1.0,0.59866,0.22895,574.7,390.8,1.0,0.60149,0.22868,577.4,390.4,1.0,0.6025,0.22823,578.4,389.6,1.0,0.59748,0.22745,573.6,388.3,1.0,0.62594,0.22859,600.9,390.2,0.999,0.59723,0.23433,573.3,400.0,0.999,0.60241,0.23515,578.3,401.4,0.999,0.6012,0.23194,577.2,395.9,1.0,0.66362,0.25285,637.1,431.6,1.0,0.53176,0.2761,510.5,471.3,0.467,0.59492,0.30097,571.1,513.8,0.014,0.48133,0.31335,462.1,534.9,0.401,0.51597,0.3174,495.3,541.8,0.106,0.46779,0.32298,449.1,551.3,0.396,0.50441,0.32415,484.2,553.3,0.158,0.46382,0.31822,445.3,543.2,0.383,0.49257,0.32294,472.9,551.3,0.147,0.46386,0.31497,445.3,537.7,0.308,0.49413,0.32035,474.4,546.8,0.128,0.61717,0.30505,592.5,520.7,1.0,0.65297,0.32593,626.8,556.4,1.0,0.5262,0.23497,505.2,401.1,0.777,0.60198,0.37932,577.9,647.5,0.876,0.46215,0.30324,443.7,517.6,0.815,0.60384,0.46611,579.7,795.6,0.935,0.46981,0.33473,451.0,571.4,0.856,0.61557,0.48058,590.9,820.4,0.938,0.39091,0.30836,375.3,526.4,0.788,0.56282,0.48583,540.3,829.3,0.885
1029,28.418,960,1707,0.59689,0.23134,573.0,394.9,0.999,0.59638,0.22723,572.5,387.9,0.999,0.59597,0.22678,572.1,387.1,0.999,0.59504,0.22625,571.2,386.2,1.0,0.59888,0.22853,574.9,390.1,1.0,0.60138,0.22827,577.3,389.6,1.0,0.60251,0.22779,578.4,388.8,1.0,0.59504,0.2265,571.2,386.6,1.0,0.62586,0.22807,600.8,389.3,0.999,0.59749,0.2337,573.6,398.9,0.999,0.60189,0.23496,577.8,401.1,0.999,0.59752,0.23155,573.6,395.3,1.0,0.66544,0.2528,638.8,431.5,1.0,0.5282,0.27564,507.1,470.5,0.496,0.60302,0.30032,578.9,512.6,0.015,0.47699,0.31291,457.9,534.1,0.432,0.51449,0.31719,493.9,541.5,0.112,0.46639,0.32271,447.7,550.9,0.424,0.50279,0.32422,482.7,553.5,0.166,0.46324,0.3181,444.7,543.0,0.409,0.49152,0.32298,471.9,551.3,0.154,0.46307,0.31484,444.5,537.4,0.332,0.49382,0.32037,474.1,546.9,0.133,0.61602,0.30482,591.4,520.3,1.0,0.65441,0.32594,628.2,556.4,1.0,0.52603,0.23534,505.0,401.7,0.797,0.60196,0.37941,577.9,647.7,0.887,0.46148,0.30341,443.0,517.9,0.832,0.60385,0.46615,579.7,795.7,0.941,0.46991,0.33474,451.1,571.4,0.869,0.61554,0.4806,590.9,820.4,0.944,0.39106,0.30875,375.4,527.0,0.805,0.56348,0.48666,540.9,830.7,0.896
1030,28.446,960,1707,0.59708,0.23315,573.2,398.0,0.999,0.59526,0.22935,571.4,391.5,0.999,0.59524,0.22774,571.4,388.8,0.999,0.59434,0.22724,570.6,387.9,0.999,0.59827,0.22962,574.3,392.0,1.0,0.60017,0.22931,576.2,391.4,1.0,0.60108,0.2288,577.0,390.6,1.0,0.59442,0.22713,570.6,387.7,1.0,0.62441,0.22822,599.4,389.6,0.999,0.59734,0.23468,573.4,400.6,0.999,0.6046,0.23693,580.4,404.4,0.999,0.60016,0.23238,576.2,396.7,1.0,0.66332,0.25291,636.8,431.7,1.0,0.52995,0.2759,508.8,471.0,0.48,0.59968,0.29995,575.7,512.0,0.014,0.47769,0.31256,458.6,533.5,0.411,0.51117,0.31725,490.7,541.6,0.106,0.46553,0.32244,446.9,550.4,0.402,0.49979,0.32455,479.8,554.0,0.157,0.46026,0.31706,441.8,541.2,0.387,0.4891,0.32312,469.5,551.6,0.145,0.46253,0.31465,444.0,537.1,0.311,0.49193,0.32058,472.3,547.2,0.126,0.61644,0.30567,591.8,521.8,1.0,0.654,0.32587,627.8,556.3,1.0,0.52561,0.23559,504.6,402.2,0.777,0.60206,0.37944,578.0,647.7,0.886,0.46132,0.30354,442.9,518.1,0.827,0.60383,0.46603,579.7,795.5,0.941,0.47025,0.33522,451.4,572.2,0.873,0.61553,0.48025,590.9,819.8,0.947,0.3911,0.30923,375.5,527.8,0.791,0.56421,0.487,541.6,831.3,0.892
1031,28.474,960,1707,0.59256,0.23123,568.9,394.7,0.999,0.59255,0.22864,568.9,390.3,0.999,0.59273,0.22756,569.0,388.4,0.999,0.59222,0.22718,568.5,387.8,1.0,0.5937,0.22813,570.0,389.4,1.0,0.59464,0.22779,570.9,388.8,1.0,0.59593,0.22703,572.1,387.5,1.0,0.59414,0.22366,570.4,381.8,1.0,0.61668,0.22718,592.0,387.8,0.999,0.59484,0.23259,571.1,397.0,0.999,0.59855,0.23464,574.6,400.5,0.999,0.60194,0.23267,577.9,397.2,1.0,0.6413,0.25196,615.7,430.1,1.0,0.53608,0.27845,514.6,475.3,0.472,0.56882,0.2936,546.1,501.2,0.013,0.48586,0.31453,466.4,536.9,0.392,0.50612,0.31732,485.9,541.7,0.104,0.47017,0.32495,451.4,554.7,0.383,0.49099,0.32459,471.4,554.1,0.152,0.46056,0.31846,442.1,543.6,0.369,0.48421,0.32313,464.8,551.6,0.141,0.46399,0.31664,445.4,540.5,0.293,0.48636,0.32068,466.9,547.4,0.121,0.61782,0.30442,593.1,519.6,1.0,0.65085,0.3259,624.8,556.3,1.0,0.52503,0.23605,504.0,402.9,0.76,0.60213,0.37947,578.0,647.8,0.884,0.46223,0.3037,443.7,518.4,0.818,0.60383,0.46573,579.7,795.0,0.939,0.47243,0.33523,453.5,572.2,0.873,0.61553,0.47983,590.9,819.1,0.947,0.39052,0.30911,374.9,527.7,0.777,0.56563,0.48699,543.0,831.3,0.885
1032,28.501,960,1707,0.59268,0.23182,569.0,395.7,0.999,0.59138,0.22837,567.7,389.8,0.999,0.59147,0.22755,567.8,388.4,0.999,0.59101,0.2271,567.4,387.7,1.0,0.59338,0.22867,569.6,390.3,1.0,0.59465,0.22826,570.9,389.6,1.0,0.59596,0.22753,572.1,388.4,1.0,0.59276,0.22505,569.1,384.2,1.0,0.61693,0.2279,592.3,389.0,0.999,0.59413,0.23336,570.4,398.3,0.999,0.59863,0.2361,574.7,403.0,0.999,0.60301,0.23271,578.9,397.2,1.0,0.65471,0.25321,628.5,432.2,1.0,0.5359,0.27781,514.5,474.2,0.473,0.57686,0.29811,553.8,508.9,0.012,0.48565,0.31446,466.2,536.8,0.381,0.50615,0.31739,485.9,541.8,0.1,0.47023,0.32488,451.4,554.6,0.371,0.49165,0.32531,472.0,555.3,0.147,0.46146,0.31853,443.0,543.7,0.357,0.48423,0.3236,464.9,552.4,0.136,0.46451,0.31689,445.9,540.9,0.279,0.48642,0.32114,467.0,548.2,0.117,0.61771,0.30455,593.0,519.9,1.0,0.65161,0.32606,625.5,556.6,1.0,0.52434,0.23633,503.4,403.4,0.759,0.60214,0.37945,578.1,647.7,0.889,0.46226,0.30355,443.8,518.2,0.821,0.60383,0.4651,579.7,793.9,0.943,0.47267,0.33511,453.8,572.0,0.878,0.61553,0.47931,590.9,818.2,0.951,0.39065,0.3082,375.0,526.1,0.777,0.56562,0.48642,543.0,830.3,0.892
1033,28.529,960,1707,0.59285,0.23297,569.1,397.7,0.999,0.59111,0.2285,567.5,390.0,0.999,0.591,0.22779,567.4,388.8,0.999,0.59046,0.22724,566.8,387.9,0.999,0.59366,0.22949,569.9,391.7,1.0,0.59507,0.22908,571.3,391.0,1.0,0.60086,0.22933,576.8,391.5,1.0,0.5916,0.22603,567.9,385.8,0.999,0.61868,0.22897,593.9,390.8,0.999,0.59413,0.23444,570.4,400.2,0.999,0.59867,0.2361,574.7,403.0,0.999,0.59918,0.23266,575.2,397.1,1.0,0.6684,0.25362,641.7,432.9,1.0,0.53393,0.27742,512.6,473.6,0.495,0.60781,0.29907,583.5,510.5,0.012,0.48515,0.31441,465.7,536.7,0.398,0.52112,0.31564,500.3,538.8,0.097,0.47088,0.32487,452.0,554.6,0.384,0.50336,0.32493,483.2,554.7,0.144,0.46154,0.31869,443.1,544.0,0.368,0.49416,0.32361,474.4,552.4,0.133,0.46464,0.31713,446.1,541.3,0.285,0.51563,0.3212,495.0,548.3,0.115,0.61465,0.30422,590.1,519.3,1.0,0.6539,0.32621,627.7,556.8,1.0,0.52377,0.23662,502.8,403.9,0.776,0.60215,0.37914,578.1,647.2,0.898,0.46229,0.30351,443.8,518.1,0.834,0.60383,0.46447,579.7,792.9,0.948,0.47223,0.3347,453.3,571.3,0.887,0.61553,0.47882,590.9,817.3,0.956,0.39181,0.30741,376.1,524.7,0.79,0.56567,0.48565,543.0,829.0,0.902
1034,28.556,960,1707,0.59211,0.23353,568.4,398.6,0.999,0.59038,0.22857,566.8,390.2,0.999,0.59016,0.22796,566.5,389.1,0.999,0.58962,0.22738,566.0,388.1,1.0,0.5934,0.22978,569.7,392.2,1.0,0.59507,0.22938,571.3,391.5,1.0,0.60187,0.23014,577.8,392.8,1.0,0.59059,0.22668,567.0,386.9,1.0,0.61894,0.2295,594.2,391.8,0.999,0.5929,0.23514,569.2,401.4,0.999,0.59761,0.23615,573.7,403.1,0.999,0.59825,0.23263,574.3,397.1,1.0,0.66885,0.2539,642.1,433.4,1.0,0.5327,0.27728,511.4,473.3,0.519,0.60829,0.29961,584.0,511.4,0.011,0.48365,0.31402,464.3,536.0,0.42,0.521,0.31358,500.2,535.3,0.098,0.47114,0.32444,452.3,553.8,0.403,0.50662,0.32425,486.4,553.5,0.146,0.46213,0.31867,443.6,544.0,0.385,0.49443,0.32285,474.6,551.1,0.135,0.46502,0.31712,446.4,541.3,0.297,0.51253,0.32067,492.0,547.4,0.117,0.61343,0.30394,588.9,518.8,1.0,0.65433,0.32622,628.2,556.9,1.0,0.52247,0.23662,501.6,403.9,0.793,0.60218,0.37855,578.1,646.2,0.907,0.46226,0.30355,443.8,518.2,0.847,0.60383,0.46411,579.7,792.2,0.953,0.47147,0.3347,452.6,571.3,0.897,0.61554,0.47852,590.9,816.8,0.96,0.39247,0.30749,376.8,524.9,0.804,0.56564,0.48513,543.0,828.1,0.911
1035,28.584,960,1707,0.59138,0.23339,567.7,398.4,0.999,0.5896,0.22845,566.0,390.0,0.999,0.58926,0.22786,565.7,389.0,0.999,0.58863,0.22728,565.1,388.0,0.999,0.59238,0.22975,568.7,392.2,1.0,0.5947,0.22929,570.9,391.4,1.0,0.60221,0.23024,578.1,393.0,1.0,0.58944,0.22668,565.9,386.9,0.999,0.61892,0.22981,594.2,392.3,0.999,0.59136,0.2352,567.7,401.5,0.999,0.59613,0.23603,572.3,402.9,0.999,0.59438,0.23265,570.6,397.1,1.0,0.67179,0.25394,644.9,433.5,1.0,0.5321,0.27708,510.8,473.0,0.549,0.63992,0.29992,614.3,512.0,0.011,0.48372,0.31401,464.4,536.0,0.456,0.59028,0.31404,566.7,536.1,0.098,0.47236,0.32445,453.5,553.8,0.437,0.58569,0.31872,562.3,544.0,0.148,0.46272,0.31874,444.2,544.1,0.418,0.57503,0.31527,552.0,538.2,0.137,0.46557,0.31716,447.0,541.4,0.325,0.57523,0.31401,552.2,536.0,0.117,0.61158,0.30393,587.1,518.8,1.0,0.65436,0.32636,628.2,557.1,1.0,0.52152,0.23663,500.7,403.9,0.809,0.60223,0.3787,578.1,646.4,0.915,0.46226,0.30359,443.8,518.2,0.86,0.60383,0.46414,579.7,792.3,0.957,0.47145,0.33352,452.6,569.3,0.905,0.61551,0.47854,590.9,816.9,0.964,0.39327,0.3075,377.5,524.9,0.818,0.56557,0.48472,542.9,827.4,0.919
1036,28.612,960,1707,0.59018,0.23336,566.6,398.4,0.999,0.58867,0.2286,565.1,390.2,0.999,0.58806,0.22806,564.5,389.3,0.999,0.5872,0.22747,563.7,388.3,0.999,0.59185,0.22996,568.2,392.5,1.0,0.59462,0.22942,570.8,391.6,1.0,0.60239,0.23059,578.3,393.6,1.0,0.58802,0.22704,564.5,387.5,0.999,0.61901,0.23081,594.2,394.0,0.999,0.58982,0.23573,566.2,402.4,0.999,0.59522,0.23629,571.4,403.3,0.999,0.58919,0.23357,565.6,398.7,1.0,0.67327,0.25483,646.3,435.0,1.0,0.53151,0.27675,510.3,472.4,0.58,0.66848,0.30017,641.7,512.4,0.011,0.4846,0.31403,465.2,536.0,0.494,0.63739,0.31408,611.9,536.1,0.094,0.47463,0.32557,455.6,555.7,0.473,0.63863,0.31642,613.1,540.1,0.142,0.46514,0.31902,446.5,544.6,0.453,0.62607,0.31227,601.0,533.1,0.13,0.46633,0.31727,447.7,541.6,0.357,0.62278,0.31099,597.9,530.9,0.112,0.60878,0.30389,584.4,518.7,1.0,0.65549,0.3264,629.3,557.2,1.0,0.52047,0.23671,499.6,404.1,0.823,0.60223,0.37877,578.1,646.6,0.922,0.46339,0.30373,444.9,518.5,0.869,0.60383,0.46416,579.7,792.3,0.961,0.47161,0.33335,452.7,569.0,0.912,0.61549,0.47854,590.9,816.9,0.967,0.41069,0.31713,394.3,541.3,0.825,0.56556,0.4843,542.9,826.7,0.926
1037,28.639,960,1707,0.58832,0.23442,564.8,400.1,0.999,0.58596,0.23002,562.5,392.6,0.999,0.58607,0.22858,562.6,390.2,0.999,0.58533,0.22798,561.9,389.2,0.999,0.59164,0.23026,568.0,393.1,1.0,0.59218,0.23014,568.5,392.8,1.0,0.60109,0.23158,577.0,395.3,1.0,0.58722,0.22745,563.7,388.2,0.999,0.61684,0.23136,592.2,394.9,0.999,0.58791,0.23631,564.4,403.4,0.999,0.59268,0.23755,569.0,405.5,0.999,0.59007,0.23373,566.5,399.0,1.0,0.67148,0.25471,644.6,434.8,1.0,0.53156,0.27676,510.3,472.4,0.61,0.64182,0.30274,616.2,516.8,0.011,0.48468,0.31431,465.3,536.5,0.529,0.58553,0.31693,562.1,541.0,0.107,0.47536,0.32616,456.3,556.7,0.507,0.5787,0.31761,555.5,542.2,0.16,0.4652,0.31922,446.6,544.9,0.487,0.5679,0.31423,545.2,536.4,0.147,0.46656,0.31751,447.9,542.0,0.389,0.57034,0.31272,547.5,533.8,0.126,0.60816,0.30393,583.8,518.8,1.0,0.65536,0.32642,629.1,557.2,1.0,0.51964,0.23685,498.9,404.3,0.838,0.60232,0.37887,578.2,646.7,0.929,0.46233,0.30371,443.8,518.4,0.88,0.60383,0.46405,579.7,792.1,0.965,0.46897,0.33236,450.2,567.3,0.92,0.6154,0.47849,590.8,816.8,0.97,0.40458,0.30986,388.4,528.9,0.84,0.56582,0.48375,543.2,825.8,0.933
1038,28.667,960,1707,0.58762,0.23639,564.1,403.5,0.999,0.58554,0.23159,562.1,395.3,0.999,0.5858,0.2307,562.4,393.8,0.999,0.5854,0.23013,562.0,392.8,1.0,0.58942,0.23161,565.8,395.4,1.0,0.59009,0.23221,566.5,396.4,1.0,0.59917,0.2329,575.2,397.6,1.0,0.58777,0.22876,564.3,390.5,1.0,0.61438,0.23192,589.8,395.9,0.999,0.58706,0.23784,563.6,406.0,0.999,0.59026,0.23956,566.6,408.9,0.999,0.59231,0.2343,568.6,399.9,1.0,0.65801,0.25502,631.7,435.3,1.0,0.5333,0.27688,512.0,472.6,0.611,0.61013,0.30335,585.7,517.8,0.011,0.48323,0.31421,463.9,536.4,0.522,0.51951,0.31763,498.7,542.2,0.105,0.47425,0.32569,455.3,556.0,0.498,0.50634,0.32202,486.1,549.7,0.157,0.46483,0.31921,446.2,544.9,0.478,0.49978,0.31907,479.8,544.7,0.144,0.46666,0.3175,448.0,542.0,0.378,0.5011,0.31788,481.1,542.6,0.124,0.60888,0.30499,584.5,520.6,1.0,0.65507,0.32669,628.9,557.7,1.0,0.51928,0.2369,498.5,404.4,0.844,0.60233,0.37877,578.2,646.6,0.932,0.46017,0.30393,441.8,518.8,0.886,0.60385,0.46407,579.7,792.2,0.967,0.46895,0.3342,450.2,570.5,0.924,0.61539,0.47851,590.8,816.8,0.972,0.39871,0.30905,382.8,527.5,0.844,0.56572,0.48378,543.1,825.8,0.937
1039,28.695,960,1707,0.58768,0.23608,564.2,403.0,0.999,0.58555,0.23164,562.1,395.4,0.999,0.58538,0.23091,562.0,394.2,0.999,0.58483,0.2299,561.4,392.4,0.999,0.58962,0.23171,566.0,395.5,1.0,0.59284,0.23231,569.1,396.6,1.0,0.59946,0.23314,575.5,398.0,1.0,0.58686,0.22905,563.4,391.0,0.999,0.61492,0.23283,590.3,397.4,0.999,0.58727,0.23814,563.8,406.5,0.999,0.5911,0.23977,567.5,409.3,0.999,0.59007,0.23461,566.5,400.5,1.0,0.66694,0.25551,640.3,436.2,1.0,0.53264,0.2765,511.3,472.0,0.637,0.66167,0.30259,635.2,516.5,0.01,0.48397,0.31421,464.6,536.4,0.556,0.62436,0.31542,599.4,538.4,0.099,0.47491,0.32587,455.9,556.3,0.532,0.62404,0.31661,599.1,540.5,0.148,0.46595,0.31923,447.3,544.9,0.511,0.61146,0.313,587.0,534.3,0.136,0.46669,0.3175,448.0,542.0,0.409,0.6087,0.31182,584.3,532.3,0.116,0.60816,0.30419,583.8,519.2,1.0,0.65512,0.32671,628.9,557.7,1.0,0.5188,0.23689,498.0,404.4,0.851,0.60235,0.37873,578.3,646.5,0.937,0.45967,0.30394,441.3,518.8,0.891,0.60388,0.46403,579.7,792.1,0.97,0.46841,0.33146,449.7,565.8,0.929,0.61528,0.47857,590.7,816.9,0.975,0.39685,0.30831,381.0,526.3,0.848,0.5657,0.48341,543.1,825.2,0.942
1040,28.722,960,1707,0.58777,0.23604,564.3,402.9,0.999,0.58543,0.23034,562.0,393.2,0.999,0.58562,0.23065,562.2,393.7,0.999,0.58493,0.22968,561.5,392.1,1.0,0.58986,0.23158,566.3,395.3,1.0,0.59292,0.23206,569.2,396.1,1.0,0.59906,0.23284,575.1,397.5,1.0,0.58709,0.22887,563.6,390.7,0.999,0.61421,0.2328,589.6,397.4,0.999,0.5873,0.23787,563.8,406.0,0.999,0.59423,0.24,570.5,409.7,0.999,0.59432,0.23454,570.5,400.4,1.0,0.66653,0.25545,639.9,436.1,1.0,0.5333,0.27655,512.0,472.1,0.626,0.60807,0.30244,583.8,516.3,0.01,0.48346,0.31421,464.1,536.4,0.537,0.52239,0.31665,501.5,540.5,0.097,0.4742,0.3257,455.2,556.0,0.512,0.50935,0.32236,489.0,550.3,0.146,0.46569,0.31927,447.1,545.0,0.491,0.50329,0.31911,483.2,544.7,0.133,0.46679,0.31758,448.1,542.1,0.389,0.50407,0.31782,483.9,542.5,0.114,0.60976,0.30484,585.4,520.4,1.0,0.65502,0.32671,628.8,557.7,1.0,0.51862,0.23687,497.9,404.3,0.853,0.60237,0.37875,578.3,646.5,0.939,0.45889,0.30389,440.5,518.7,0.894,0.60388,0.46411,579.7,792.2,0.971,0.46856,0.33268,449.8,567.9,0.932,0.61524,0.47861,590.6,817.0,0.976,0.395,0.30772,379.2,525.3,0.85,0.56536,0.48342,542.8,825.2,0.944
1041,28.75,960,1707,0.587,0.23816,563.5,406.5,0.999,0.58434,0.23062,561.0,393.7,0.999,0.5837,0.23046,560.4,393.4,0.999,0.58269,0.22963,559.4,392.0,1.0,0.5897,0.23316,566.1,398.0,1.0,0.5928,0.23402,569.1,399.5,1.0,0.59761,0.23483,573.7,400.9,1.0,0.58657,0.22909,563.1,391.1,0.999,0.61228,0.23354,587.8,398.7,0.999,0.58622,0.24005,562.8,409.8,0.999,0.59465,0.24224,570.9,413.5,0.999,0.5946,0.23438,570.8,400.1,1.0,0.66637,0.25542,639.7,436.0,1.0,0.53345,0.27684,512.1,472.6,0.63,0.61094,0.303,586.5,517.2,0.01,0.48491,0.31481,465.5,537.4,0.536,0.53442,0.3206,513.0,547.3,0.094,0.47424,0.32616,455.3,556.8,0.509,0.52306,0.32292,502.1,551.2,0.141,0.46618,0.31953,447.5,545.4,0.488,0.51443,0.32018,493.9,546.5,0.13,0.46697,0.3178,448.3,542.5,0.382,0.51669,0.31924,496.0,544.9,0.111,0.60992,0.3047,585.5,520.1,1.0,0.65497,0.32671,628.8,557.7,1.0,0.518,0.237,497.3,404.6,0.86,0.60267,0.3788,578.6,646.6,0.943,0.45879,0.30389,440.4,518.7,0.9,0.60385,0.46415,579.7,792.3,0.973,0.4686,0.33321,449.9,568.8,0.936,0.61507,0.47867,590.5,817.1,0.978,0.39414,0.30723,378.4,524.4,0.856,0.5653,0.48344,542.7,825.2,0.948
1042,28.777,960,1707,0.5859,0.2387,562.5,407.5,0.999,0.58324,0.23077,559.9,393.9,0.999,0.58215,0.23032,558.9,393.2,0.999,0.58098,0.22955,557.7,391.8,0.999,0.58925,0.23384,565.7,399.2,0.999,0.59238,0.23486,568.7,400.9,0.999,0.59627,0.23574,572.4,402.4,0.999,0.58611,0.2291,562.7,391.1,0.999,0.61118,0.23469,586.7,400.6,0.998,0.58573,0.24103,562.3,411.4,0.998,0.59474,0.24304,570.9,414.9,0.998,0.59164,0.23567,568.0,402.3,1.0,0.66671,0.25523,640.0,435.7,1.0,0.53115,0.2783,509.9,475.1,0.63,0.68419,0.29876,656.8,510.0,0.009,0.48619,0.31498,466.7,537.7,0.528,0.63577,0.31427,610.3,536.5,0.086,0.47708,0.32647,458.0,557.3,0.501,0.64763,0.31658,621.7,540.4,0.13,0.4679,0.32024,449.2,546.6,0.478,0.63291,0.31276,607.6,533.9,0.119,0.46773,0.31783,449.0,542.5,0.371,0.62954,0.31146,604.4,531.7,0.102,0.61006,0.3048,585.7,520.3,1.0,0.65499,0.32681,628.8,557.9,1.0,0.51755,0.23764,496.8,405.6,0.85,0.60329,0.37913,579.2,647.2,0.942,0.45888,0.30389,440.5,518.7,0.889,0.60374,0.46435,579.6,792.7,0.974,0.46865,0.33152,449.9,565.9,0.929,0.61483,0.4789,590.2,817.5,0.979,0.39067,0.30681,375.0,523.7,0.837,0.56555,0.48403,542.9,826.2,0.949
1043,28.805,960,1707,0.58634,0.2402,562.9,410.0,0.998,0.58346,0.23571,560.1,402.4,0.998,0.5825,0.23117,559.2,394.6,0.998,0.58187,0.23298,558.6,397.7,0.999,0.59082,0.23618,567.2,403.2,0.999,0.59407,0.23743,570.3,405.3,0.999,0.59717,0.23847,573.3,407.1,0.999,0.58627,0.23287,562.8,397.5,0.999,0.61139,0.23757,586.9,405.5,0.998,0.58602,0.24308,562.6,414.9,0.998,0.59649,0.24437,572.6,417.1,0.997,0.58746,0.23567,564.0,402.3,1.0,0.66903,0.25547,642.3,436.1,1.0,0.53026,0.27746,509.0,473.6,0.653,0.70569,0.29576,677.5,504.9,0.009,0.48705,0.31473,467.6,537.2,0.537,0.64504,0.30779,619.2,525.4,0.078,0.47915,0.32647,460.0,557.3,0.505,0.65184,0.31126,625.8,531.3,0.118,0.46897,0.32047,450.2,547.0,0.48,0.63621,0.30751,610.8,524.9,0.108,0.46847,0.31782,449.7,542.5,0.373,0.63544,0.30532,610.0,521.2,0.093,0.6098,0.30255,585.4,516.5,1.0,0.65686,0.32607,630.6,556.6,1.0,0.51555,0.23764,494.9,405.6,0.856,0.60384,0.3786,579.7,646.3,0.946,0.45894,0.30392,440.6,518.8,0.893,0.60375,0.46422,579.6,792.4,0.976,0.46872,0.33118,450.0,565.3,0.932,0.61483,0.47888,590.2,817.4,0.98,0.39088,0.30774,375.2,525.3,0.841,0.56554,0.48415,542.9,826.4,0.952
1044,28.833,960,1707,0.58272,0.24161,559.4,412.4,0.998,0.58036,0.23508,557.1,401.3,0.998,0.57957,0.23186,556.4,395.8,0.998,0.57948,0.23446,556.3,400.2,0.999,0.58615,0.23695,562.7,404.5,0.999,0.58883,0.23805,565.3,406.3,0.999,0.59105,0.23894,567.4,407.9,0.999,0.58446,0.23397,561.1,399.4,0.999,0.60563,0.23768,581.4,405.7,0.997,0.58314,0.24328,559.8,415.3,0.998,0.59379,0.24579,570.0,419.6,0.996,0.58847,0.23657,564.9,403.8,1.0,0.66708,0.25549,640.4,436.1,1.0,0.52961,0.27713,508.4,473.1,0.66,0.68319,0.29586,655.9,505.0,0.008,0.48691,0.31469,467.4,537.2,0.547,0.64228,0.30511,616.6,520.8,0.073,0.47924,0.32648,460.1,557.3,0.516,0.65542,0.30901,629.2,527.5,0.112,0.46888,0.32027,450.1,546.7,0.491,0.64074,0.30434,615.1,519.5,0.102,0.46838,0.31778,449.6,542.4,0.382,0.63792,0.30305,612.4,517.3,0.088,0.60984,0.30605,585.4,522.4,1.0,0.65563,0.32649,629.4,557.3,1.0,0.51576,0.23775,495.1,405.8,0.859,0.60479,0.37861,580.6,646.3,0.947,0.45895,0.30429,440.6,519.4,0.895,0.60375,0.4641,579.6,792.2,0.977,0.4691,0.33223,450.3,567.1,0.934,0.61483,0.47812,590.2,816.1,0.981,0.38971,0.31047,374.1,530.0,0.844,0.56686,0.48421,544.2,826.5,0.954
1045,28.86,960,1707,0.58325,0.24371,559.9,416.0,0.998,0.58034,0.23758,557.1,405.5,0.998,0.57992,0.23636,556.7,403.5,0.998,0.57987,0.23666,556.7,404.0,0.999,0.58556,0.23829,562.1,406.8,0.999,0.58821,0.23911,564.7,408.2,0.999,0.59053,0.23975,566.9,409.3,0.999,0.58465,0.23503,561.3,401.2,0.999,0.60407,0.23746,579.9,405.3,0.998,0.583,0.24451,559.7,417.4,0.998,0.58933,0.24684,565.8,421.4,0.996,0.59574,0.23648,571.9,403.7,1.0,0.65079,0.25625,624.8,437.4,1.0,0.5299,0.27632,508.7,471.7,0.63,0.61137,0.30183,586.9,515.2,0.008,0.48432,0.31341,464.9,535.0,0.524,0.52907,0.31741,507.9,541.8,0.068,0.47335,0.32387,454.4,552.8,0.495,0.51404,0.31678,493.5,540.8,0.105,0.46497,0.31901,446.4,544.6,0.472,0.50272,0.31363,482.6,535.4,0.096,0.46695,0.31618,448.3,539.7,0.363,0.50727,0.31325,487.0,534.7,0.082,0.61259,0.30798,588.1,525.7,1.0,0.65541,0.32663,629.2,557.6,1.0,0.51454,0.23871,494.0,407.5,0.836,0.60541,0.37841,581.2,646.0,0.927,0.45893,0.30529,440.6,521.1,0.893,0.60372,0.46387,579.6,791.8,0.972,0.47082,0.33694,452.0,575.2,0.935,0.61355,0.47802,589.0,816.0,0.979,0.39002,0.31297,374.4,534.2,0.844,0.57029,0.48421,547.5,826.6,0.947
1046,28.888,960,1707,0.58202,0.24403,558.7,416.6,0.998,0.57788,0.23819,554.8,406.6,0.999,0.57818,0.2374,555.1,405.2,0.998,0.57891,0.23611,555.8,403.0,0.999,0.58215,0.2385,558.9,407.1,0.999,0.58494,0.23921,561.5,408.3,0.999,0.58743,0.23976,563.9,409.3,0.999,0.58415,0.23485,560.8,400.9,0.999,0.60133,0.23719,577.3,404.9,0.998,0.58067,0.24476,557.4,417.8,0.998,0.58323,0.24718,559.9,421.9,0.997,0.5973,0.23643,573.4,403.6,1.0,0.64792,0.25646,622.0,437.8,1.0,0.53052,0.27632,509.3,471.7,0.62,0.60446,0.30386,580.3,518.7,0.008,0.48071,0.31273,461.5,533.8,0.523,0.5205,0.32076,499.7,547.5,0.067,0.47165,0.32302,452.8,551.4,0.495,0.49733,0.3237,477.4,552.6,0.103,0.46338,0.31853,444.8,543.7,0.471,0.48818,0.32045,468.7,547.0,0.094,0.46615,0.3158,447.5,539.1,0.358,0.49887,0.31694,478.9,541.0,0.08,0.61302,0.30801,588.5,525.8,1.0,0.65475,0.32663,628.6,557.6,1.0,0.51464,0.23888,494.1,407.8,0.831,0.60588,0.37797,581.6,645.2,0.922,0.45896,0.30524,440.6,521.0,0.897,0.60368,0.46398,579.5,792.0,0.972,0.47135,0.33661,452.5,574.6,0.938,0.61323,0.47829,588.7,816.4,0.979,0.39017,0.31275,374.6,533.9,0.85,0.56998,0.48441,547.2,826.9,0.946
1047,28.915,960,1707,0.57775,0.24408,554.6,416.6,0.998,0.57335,0.23742,550.4,405.3,0.999,0.57329,0.2382,550.4,406.6,0.999,0.5745,0.23605,551.5,402.9,0.999,0.57816,0.2391,555.0,408.1,0.999,0.58092,0.24002,557.7,409.7,0.999,0.58342,0.24078,560.1,411.0,0.999,0.58095,0.23487,557.7,400.9,0.999,0.5983,0.23839,574.4,406.9,0.998,0.57688,0.24486,553.8,418.0,0.998,0.57957,0.24709,556.4,421.8,0.997,0.597,0.23642,573.1,403.6,1.0,0.6498,0.25669,623.8,438.2,1.0,0.52925,0.27632,508.1,471.7,0.634,0.61464,0.30481,590.1,520.3,0.008,0.47777,0.31218,458.7,532.9,0.539,0.53855,0.31973,517.0,545.8,0.072,0.47061,0.3226,451.8,550.7,0.511,0.52433,0.32182,503.4,549.3,0.112,0.46273,0.31831,444.2,543.4,0.487,0.51421,0.31942,493.6,545.2,0.102,0.46579,0.31557,447.2,538.7,0.37,0.5194,0.31663,498.6,540.5,0.087,0.61232,0.3072,587.8,524.4,1.0,0.65426,0.32665,628.1,557.6,1.0,0.51471,0.23921,494.1,408.3,0.842,0.60604,0.37802,581.8,645.3,0.927,0.45917,0.30524,440.8,521.0,0.904,0.60387,0.46409,579.7,792.2,0.974,0.47204,0.33637,453.2,574.2,0.942,0.6135,0.47857,589.0,816.9,0.981,0.39119,0.31163,375.5,532.0,0.86,0.56981,0.4844,547.0,826.9,0.95
1048,28.943,960,1707,0.57446,0.2439,551.5,416.3,0.998,0.57383,0.23877,550.9,407.6,0.999,0.57401,0.23877,551.1,407.6,0.999,0.57489,0.23747,551.9,405.4,0.999,0.57779,0.23942,554.7,408.7,0.999,0.58057,0.24017,557.3,410.0,0.999,0.58319,0.24078,559.9,411.0,0.999,0.58091,0.23551,557.7,402.0,0.999,0.59766,0.23809,573.8,406.4,0.998,0.577,0.24538,553.9,418.9,0.998,0.57886,0.24756,555.7,422.6,0.997,0.59721,0.23636,573.3,403.5,1.0,0.64692,0.25677,621.0,438.3,1.0,0.54171,0.27993,520.0,477.8,0.617,0.60546,0.30492,581.2,520.5,0.007,0.47722,0.31213,458.1,532.8,0.529,0.52299,0.32081,502.1,547.6,0.071,0.46977,0.32239,451.0,550.3,0.503,0.49827,0.32181,478.3,549.3,0.11,0.46235,0.31826,443.9,543.3,0.479,0.48995,0.32107,470.4,548.1,0.099,0.46568,0.31551,447.1,538.6,0.361,0.49263,0.31937,472.9,545.2,0.084,0.61293,0.30866,588.4,526.9,1.0,0.65323,0.32706,627.1,558.3,1.0,0.51473,0.23925,494.1,408.4,0.836,0.60609,0.37894,581.8,646.9,0.92,0.45922,0.30525,440.8,521.1,0.905,0.60407,0.4646,579.9,793.1,0.973,0.47312,0.33674,454.2,574.8,0.943,0.61377,0.47909,589.2,817.8,0.98,0.39515,0.31206,379.3,532.7,0.863,0.5692,0.48491,546.4,827.7,0.948
1049,28.971,960,1707,0.5751,0.24354,552.1,415.7,0.999,0.5747,0.2387,551.7,407.5,0.999,0.57479,0.23848,551.8,407.1,0.999,0.57551,0.23699,552.5,404.5,0.999,0.57849,0.23918,555.3,408.3,0.999,0.58155,0.23985,558.3,409.4,0.999,0.58418,0.2405,560.8,410.5,0.999,0.58121,0.23565,558.0,402.2,0.999,0.59827,0.23808,574.3,406.4,0.998,0.57774,0.24526,554.6,418.7,0.998,0.58006,0.24735,556.9,422.2,0.997,0.59759,0.23635,573.7,403.4,1.0,0.64561,0.25795,619.8,440.3,1.0,0.54073,0.27913,519.1,476.5,0.591,0.60679,0.30711,582.5,524.2,0.007,0.47843,0.31215,459.3,532.8,0.507,0.53092,0.32125,509.7,548.4,0.066,0.47002,0.32247,451.2,550.5,0.482,0.51398,0.32155,493.4,548.9,0.104,0.46314,0.31827,444.6,543.3,0.459,0.50573,0.32065,485.5,547.4,0.094,0.46599,0.31587,447.4,539.2,0.341,0.50999,0.31874,489.6,544.1,0.079,0.61296,0.30981,588.4,528.8,1.0,0.65281,0.32821,626.7,560.3,1.0,0.51451,0.23987,493.9,409.5,0.798,0.60611,0.37978,581.9,648.3,0.901,0.45962,0.30525,441.2,521.1,0.888,0.60407,0.4646,579.9,793.1,0.966,0.47383,0.337,454.9,575.3,0.937,0.61392,0.47906,589.4,817.8,0.977,0.39513,0.31089,379.3,530.7,0.845,0.56823,0.4849,545.5,827.7,0.935
1050,28.998,960,1707,0.57594,0.2447,552.9,417.7,0.999,0.57448,0.2383,551.5,406.8,0.999,0.57432,0.23833,551.3,406.8,0.999,0.57449,0.23672,551.5,404.1,0.999,0.57838,0.23965,555.2,409.1,0.999,0.58106,0.24037,557.8,410.3,0.999,0.58344,0.241,560.1,411.4,0.999,0.5813,0.23635,558.0,403.4,0.999,0.59732,0.23857,573.4,407.2,0.998,0.57809,0.24537,555.0,418.8,0.999,0.58496,0.24846,561.6,424.1,0.998,0.60112,0.23747,577.1,405.4,1.0,0.64107,0.25836,615.4,441.0,1.0,0.53995,0.278,518.4,474.5,0.572,0.59437,0.30649,570.6,523.2,0.007,0.47461,0.31169,455.6,532.0,0.482,0.50816,0.31941,487.8,545.2,0.067,0.46318,0.32201,444.7,549.7,0.458,0.49091,0.32156,471.3,548.9,0.104,0.46087,0.31716,442.4,541.4,0.437,0.48665,0.32115,467.2,548.2,0.094,0.46543,0.3155,446.8,538.6,0.322,0.48992,0.31957,470.3,545.5,0.079,0.61324,0.30996,588.7,529.1,1.0,0.65217,0.3282,626.1,560.2,1.0,0.51367,0.24,493.1,409.7,0.785,0.60596,0.3801,581.7,648.8,0.896,0.4602,0.30584,441.8,522.1,0.884,0.60397,0.46439,579.8,792.7,0.964,0.47562,0.33894,456.6,578.6,0.936,0.61422,0.47822,589.7,816.3,0.976,0.41448,0.32013,397.9,546.5,0.839,0.56766,0.48529,545.0,828.4,0.931
1051,29.026,960,1707,0.57862,0.24647,555.5,420.7,0.999,0.5751,0.23864,552.1,407.4,0.999,0.57481,0.23799,551.8,406.2,0.999,0.57471,0.23646,551.7,403.6,0.999,0.57856,0.24116,555.4,411.7,0.999,0.58143,0.24194,558.2,413.0,0.999,0.5841,0.24261,560.7,414.1,0.999,0.58142,0.23726,558.2,405.0,0.999,0.59783,0.23982,573.9,409.4,0.999,0.57847,0.24779,555.3,423.0,0.999,0.59034,0.24992,566.7,426.6,0.998,0.60699,0.23743,582.7,405.3,1.0,0.63662,0.25885,611.2,441.9,1.0,0.56106,0.28088,538.6,479.5,0.543,0.58791,0.30634,564.4,522.9,0.007,0.48182,0.31171,462.5,532.1,0.451,0.5009,0.3189,480.9,544.4,0.065,0.47064,0.32205,451.8,549.7,0.43,0.48563,0.3216,466.2,549.0,0.101,0.4617,0.31703,443.2,541.2,0.41,0.4814,0.32143,462.1,548.7,0.091,0.46715,0.31552,448.5,538.6,0.299,0.48456,0.32004,465.2,546.3,0.077,0.61544,0.30988,590.8,529.0,1.0,0.6515,0.32822,625.4,560.3,1.0,0.51325,0.24005,492.7,409.8,0.752,0.60599,0.38029,581.8,649.2,0.872,0.46026,0.30808,441.8,525.9,0.866,0.60354,0.464,579.4,792.0,0.953,0.47911,0.34152,460.0,583.0,0.928,0.61421,0.47702,589.6,814.3,0.97,0.41224,0.31813,395.7,543.1,0.823,0.568,0.48596,545.3,829.5,0.913
1052,29.054,960,1707,0.58223,0.24664,558.9,421.0,0.999,0.57647,0.23859,553.4,407.3,0.999,0.57561,0.23771,552.6,405.8,0.999,0.57488,0.23628,551.9,403.3,0.999,0.58097,0.24141,557.7,412.1,0.999,0.58371,0.24213,560.4,413.3,0.999,0.58621,0.24273,562.8,414.3,1.0,0.58145,0.23752,558.2,405.5,0.999,0.59869,0.23978,574.7,409.3,0.999,0.57949,0.24869,556.3,424.5,0.999,0.59544,0.24986,571.6,426.5,0.998,0.60572,0.23695,581.5,404.5,1.0,0.63915,0.25893,613.6,442.0,1.0,0.55784,0.28057,535.5,478.9,0.54,0.5956,0.30614,571.8,522.6,0.007,0.48338,0.31047,464.0,530.0,0.468,0.51269,0.32014,492.2,546.5,0.066,0.47018,0.32033,451.4,546.8,0.446,0.49739,0.32157,477.5,548.9,0.102,0.46125,0.31622,442.8,539.8,0.427,0.48183,0.32283,462.6,551.1,0.092,0.46687,0.31507,448.2,537.8,0.311,0.49332,0.31971,473.6,545.7,0.076,0.61555,0.30972,590.9,528.7,1.0,0.6514,0.3282,625.3,560.2,1.0,0.51313,0.24003,492.6,409.7,0.745,0.60604,0.38053,581.8,649.6,0.856,0.46028,0.30802,441.9,525.8,0.867,0.60293,0.46399,578.8,792.0,0.948,0.47936,0.34114,460.2,582.3,0.931,0.61365,0.47687,589.1,814.0,0.968,0.42039,0.32574,403.6,556.0,0.829,0.56814,0.48604,545.4,829.7,0.909
1053,29.081,960,1707,0.58355,0.24759,560.2,422.6,0.999,0.57684,0.23915,553.8,408.2,0.999,0.57575,0.23779,552.7,405.9,0.999,0.57511,0.23627,552.1,403.3,0.999,0.58143,0.24245,558.2,413.9,0.999,0.58398,0.24319,560.6,415.1,0.999,0.5863,0.24378,562.8,416.1,1.0,0.58197,0.23766,558.7,405.7,0.999,0.599,0.24038,575.0,410.3,0.999,0.57987,0.24932,556.7,425.6,0.999,0.59667,0.25052,572.8,427.6,0.998,0.60655,0.23651,582.3,403.7,1.0,0.63689,0.25916,611.4,442.4,1.0,0.566,0.28038,543.4,478.6,0.539,0.59603,0.30649,572.2,523.2,0.007,0.48703,0.31036,467.5,529.8,0.473,0.50646,0.31994,486.2,546.1,0.066,0.4759,0.32046,456.9,547.0,0.452,0.49188,0.32334,472.2,551.9,0.101,0.46299,0.31611,444.5,539.6,0.433,0.48418,0.32374,464.8,552.6,0.091,0.46844,0.31498,449.7,537.7,0.313,0.48902,0.32185,469.5,549.4,0.075,0.61677,0.30961,592.1,528.5,1.0,0.65105,0.3282,625.0,560.2,1.0,0.51318,0.24,492.7,409.7,0.734,0.606,0.38133,581.8,650.9,0.838,0.46028,0.30766,441.9,525.2,0.866,0.60246,0.46373,578.4,791.6,0.943,0.47967,0.34074,460.5,581.6,0.931,0.61337,0.47588,588.8,812.3,0.966,0.40723,0.32171,390.9,549.2,0.831,0.56827,0.48618,545.5,829.9,0.903
1054,29.109,960,1707,0.58401,0.24787,560.6,423.1,0.999,0.57688,0.23958,553.8,409.0,0.999,0.57592,0.23802,552.9,406.3,0.999,0.57544,0.23647,552.4,403.7,0.999,0.58161,0.24284,558.3,414.5,0.999,0.5841,0.24351,560.7,415.7,0.999,0.58634,0.24404,562.9,416.6,1.0,0.58215,0.23751,558.9,405.4,0.999,0.59924,0.24051,575.3,410.6,0.999,0.58052,0.24915,557.3,425.3,0.999,0.59691,0.25064,573.0,427.8,0.998,0.6061,0.23649,581.9,403.7,1.0,0.63813,0.25912,612.6,442.3,1.0,0.55655,0.27737,534.3,473.5,0.515,0.59675,0.30643,572.9,523.1,0.006,0.49025,0.31044,470.6,529.9,0.467,0.50561,0.3186,485.4,543.8,0.063,0.48049,0.32112,461.3,548.2,0.448,0.4911,0.32327,471.5,551.8,0.097,0.46555,0.31618,446.9,539.7,0.43,0.48446,0.32347,465.1,552.2,0.086,0.46984,0.315,451.0,537.7,0.307,0.48702,0.32129,467.5,548.4,0.071,0.61671,0.30953,592.0,528.4,1.0,0.65107,0.32818,625.0,560.2,1.0,0.51321,0.23975,492.7,409.2,0.711,0.6058,0.3812,581.6,650.7,0.814,0.46017,0.30678,441.8,523.7,0.859,0.60238,0.46317,578.3,790.6,0.934,0.48068,0.34029,461.4,580.9,0.929,0.61338,0.4752,588.8,811.2,0.961,0.40433,0.31731,388.2,541.6,0.83,0.56953,0.48617,546.8,829.9,0.894
1055,29.136,960,1707,0.58443,0.24759,561.0,422.6,0.999,0.57985,0.23953,556.7,408.9,0.999,0.57854,0.23797,555.4,406.2,0.999,0.5775,0.23647,554.4,403.6,0.999,0.58515,0.24292,561.7,414.7,0.999,0.58759,0.24378,564.1,416.1,0.999,0.58984,0.24452,566.2,417.4,1.0,0.58272,0.23748,559.4,405.4,0.999,0.60255,0.24221,578.4,413.4,0.999,0.58276,0.24896,559.5,425.0,0.999,0.59637,0.25066,572.5,427.9,0.998,0.58945,0.23675,565.9,404.1,1.0,0.66428,0.25748,637.7,439.5,1.0,0.54016,0.27324,518.6,466.4,0.557,0.70331,0.29613,675.2,505.5,0.008,0.49043,0.30976,470.8,528.8,0.501,0.66232,0.31435,635.8,536.6,0.058,0.4848,0.32122,465.4,548.3,0.478,0.66013,0.318,633.7,542.8,0.089,0.46985,0.31672,451.1,540.6,0.459,0.64462,0.31457,618.8,537.0,0.08,0.47223,0.31502,453.3,537.7,0.339,0.64364,0.31182,617.9,532.3,0.066,0.61244,0.30658,587.9,523.3,1.0,0.65397,0.32758,627.8,559.2,1.0,0.51339,0.2395,492.9,408.8,0.737,0.6059,0.38072,581.7,649.9,0.831,0.46145,0.30485,443.0,520.4,0.871,0.60224,0.46254,578.2,789.6,0.94,0.47964,0.33697,460.5,575.2,0.935,0.61331,0.47438,588.8,809.8,0.965,0.40345,0.31625,387.3,539.8,0.843,0.57005,0.48591,547.2,829.5,0.903
1056,29.164,960,1707,0.58486,0.24745,561.5,422.4,0.999,0.57984,0.23942,556.6,408.7,0.999,0.57856,0.23796,555.4,406.2,0.999,0.57757,0.23635,554.5,403.5,0.999,0.58512,0.2427,561.7,414.3,0.999,0.58754,0.24353,564.0,415.7,0.999,0.58977,0.24425,566.2,416.9,1.0,0.58295,0.23744,559.6,405.3,0.999,0.60224,0.24214,578.2,413.3,0.999,0.58298,0.24862,559.7,424.4,0.999,0.59098,0.25043,567.3,427.5,0.998,0.59819,0.23563,574.3,402.2,1.0,0.64918,0.25741,623.2,439.4,1.0,0.55202,0.2735,529.9,466.9,0.533,0.61583,0.29762,591.2,508.0,0.008,0.49037,0.30765,470.8,525.2,0.491,0.52265,0.3101,501.7,529.3,0.056,0.48325,0.32039,463.9,546.9,0.47,0.52363,0.31707,502.7,541.2,0.087,0.46973,0.31635,450.9,540.0,0.451,0.5039,0.3152,483.7,538.0,0.077,0.472,0.31449,453.1,536.8,0.33,0.5084,0.31231,488.1,533.1,0.063,0.61578,0.30656,591.2,523.3,1.0,0.65394,0.32702,627.8,558.2,1.0,0.51443,0.23931,493.9,408.5,0.72,0.60624,0.38064,582.0,649.8,0.811,0.46157,0.30481,443.1,520.3,0.863,0.60209,0.46244,578.0,789.4,0.934,0.48129,0.3382,462.0,577.3,0.932,0.61335,0.47444,588.8,809.9,0.961,0.40368,0.31873,387.5,544.1,0.841,0.56971,0.48589,546.9,829.4,0.896
1057,29.192,960,1707,0.58485,0.24768,561.5,422.8,0.999,0.57987,0.23961,556.7,409.0,0.999,0.57901,0.23801,555.8,406.3,0.999,0.57872,0.2364,555.6,403.5,0.999,0.58295,0.24299,559.6,414.8,0.999,0.58391,0.24382,560.6,416.2,0.999,0.58457,0.24453,561.2,417.4,1.0,0.58724,0.23275,563.8,397.3,0.999,0.594,0.24185,570.2,412.8,0.999,0.58301,0.24878,559.7,424.7,0.999,0.5921,0.25037,568.4,427.4,0.998,0.64037,0.23778,614.8,405.9,1.0,0.61386,0.25507,589.3,435.4,1.0,0.62092,0.28313,596.1,483.3,0.486,0.55657,0.28276,534.3,482.7,0.01,0.57718,0.30792,554.1,525.6,0.444,0.49803,0.30563,478.1,521.7,0.071,0.56466,0.31498,542.1,537.7,0.427,0.48276,0.31515,463.5,538.0,0.106,0.56536,0.30947,542.7,528.3,0.41,0.48197,0.31406,462.7,536.1,0.096,0.5713,0.30832,548.4,526.3,0.299,0.48815,0.31187,468.6,532.4,0.077,0.63186,0.30749,606.6,524.9,1.0,0.64601,0.32618,620.2,556.8,1.0,0.51557,0.2393,494.9,408.5,0.696,0.60674,0.38059,582.5,649.7,0.809,0.46116,0.30334,442.7,517.8,0.845,0.6019,0.46242,577.8,789.4,0.93,0.48103,0.33345,461.8,569.2,0.917,0.61335,0.47446,588.8,809.9,0.956,0.40158,0.31813,385.5,543.0,0.83,0.5693,0.48596,546.5,829.5,0.893
1058,29.219,960,1707,0.58168,0.24655,558.4,420.9,0.999,0.57868,0.23865,555.5,407.4,0.999,0.5788,0.23691,555.7,404.4,0.999,0.57877,0.23529,555.6,401.6,0.999,0.57675,0.24244,553.7,413.8,0.999,0.57627,0.24345,553.2,415.6,0.999,0.57559,0.24433,552.6,417.1,1.0,0.58966,0.22972,566.1,392.1,0.999,0.58418,0.24174,560.8,412.6,0.999,0.58723,0.24531,563.7,418.7,0.999,0.59013,0.24943,566.5,425.8,0.998,0.66308,0.23929,636.6,408.5,1.0,0.58423,0.25415,560.9,433.8,1.0,0.69524,0.29035,667.4,495.6,0.441,0.54176,0.2851,520.1,486.7,0.017,0.71086,0.30873,682.4,527.0,0.405,0.49178,0.29995,472.1,512.0,0.11,0.71857,0.31549,689.8,538.5,0.393,0.47418,0.31011,455.2,529.4,0.148,0.71629,0.31341,687.6,535.0,0.379,0.4805,0.31006,461.3,529.3,0.14,0.71155,0.31278,683.1,533.9,0.277,0.48773,0.30876,468.2,527.0,0.113,0.64795,0.30645,622.0,523.1,1.0,0.63363,0.32484,608.3,554.5,1.0,0.51845,0.2393,497.7,408.5,0.665,0.60719,0.38058,582.9,649.6,0.806,0.45964,0.30338,441.3,517.9,0.827,0.60188,0.46243,577.8,789.4,0.927,0.47853,0.33285,459.4,568.2,0.895,0.6134,0.47407,588.9,809.2,0.95,0.39585,0.31853,380.0,543.7,0.824,0.56915,0.4863,546.4,830.1,0.893
1059,29.247,960,1707,0.58146,0.24588,558.2,419.7,0.999,0.57852,0.23809,555.4,406.4,0.999,0.5788,0.23632,555.7,403.4,0.999,0.57886,0.23472,555.7,400.7,0.999,0.57625,0.24195,553.2,413.0,0.999,0.57594,0.243,552.9,414.8,0.999,0.57552,0.24392,552.5,416.4,1.0,0.5898,0.22848,566.2,390.0,0.999,0.58391,0.24101,560.6,411.4,0.999,0.58359,0.24497,560.2,418.2,0.999,0.59012,0.24849,566.5,424.2,0.998,0.65379,0.23907,627.6,408.1,1.0,0.59001,0.25281,566.4,431.5,1.0,0.69646,0.28914,668.6,493.6,0.4,0.54519,0.28157,523.4,480.6,0.018,0.70828,0.31843,680.0,543.6,0.366,0.49615,0.29997,476.3,512.1,0.125,0.71498,0.32258,686.4,550.6,0.357,0.48097,0.31097,461.7,530.8,0.168,0.70911,0.32115,680.7,548.2,0.346,0.48522,0.31032,465.8,529.7,0.16,0.70616,0.32024,677.9,546.7,0.253,0.49235,0.3087,472.7,526.9,0.128,0.6455,0.30645,619.7,523.1,1.0,0.63625,0.32278,610.8,551.0,1.0,0.51834,0.2391,497.6,408.1,0.627,0.60783,0.37922,583.5,647.3,0.798,0.46049,0.30345,442.1,518.0,0.796,0.60191,0.46217,577.8,788.9,0.925,0.48171,0.33288,462.4,568.2,0.862,0.61394,0.47408,589.4,809.3,0.943,0.40021,0.31864,384.2,543.9,0.807,0.56848,0.48635,545.7,830.2,0.892
1060,29.274,960,1707,0.5815,0.24812,558.2,423.5,0.999,0.5785,0.24057,555.4,410.6,0.999,0.57881,0.23873,555.7,407.5,0.999,0.5789,0.23713,555.7,404.8,0.999,0.57677,0.24394,553.7,416.4,0.999,0.57687,0.24469,553.8,417.7,0.999,0.57694,0.24534,553.9,418.8,1.0,0.58983,0.22914,566.2,391.1,0.999,0.58613,0.24114,562.7,411.6,0.999,0.58852,0.24564,565.0,419.3,0.999,0.59043,0.24977,566.8,426.4,0.998,0.64614,0.23893,620.3,407.8,1.0,0.60404,0.25219,579.9,430.5,1.0,0.59953,0.28762,575.6,491.0,0.379,0.55839,0.2846,536.1,485.8,0.017,0.50899,0.30717,488.6,524.3,0.339,0.49361,0.30229,473.9,516.0,0.117,0.49321,0.31732,473.5,541.7,0.333,0.4823,0.31136,463.0,531.5,0.158,0.49717,0.31688,477.3,540.9,0.322,0.4836,0.30916,464.3,527.7,0.151,0.50693,0.31483,486.6,537.4,0.235,0.487,0.30736,467.5,524.7,0.12,0.64209,0.3047,616.4,520.1,1.0,0.63823,0.32299,612.7,551.3,1.0,0.51826,0.23913,497.5,408.2,0.597,0.60784,0.38004,583.5,648.7,0.786,0.46288,0.30424,444.4,519.3,0.769,0.60196,0.46316,577.9,790.6,0.918,0.48684,0.33297,467.4,568.4,0.843,0.61406,0.47566,589.5,812.0,0.935,0.40413,0.31626,388.0,539.8,0.783,0.56729,0.48631,544.6,830.1,0.882
1061,29.302,960,1707,0.58321,0.24758,559.9,422.6,0.999,0.57936,0.23968,556.2,409.1,0.999,0.57928,0.23787,556.1,406.0,0.998,0.57912,0.23632,556.0,403.4,0.999,0.58073,0.24296,557.5,414.7,0.999,0.58227,0.24367,559.0,415.9,0.999,0.58385,0.24426,560.5,417.0,0.999,0.58968,0.22899,566.1,390.9,0.999,0.59519,0.2403,571.4,410.2,0.998,0.58839,0.24529,564.9,418.7,0.999,0.5937,0.24948,570.0,425.9,0.998,0.62235,0.23696,597.5,404.5,1.0,0.62315,0.25273,598.2,431.4,1.0,0.54527,0.27474,523.5,469.0,0.354,0.56238,0.29406,539.9,502.0,0.016,0.49774,0.30912,477.8,527.7,0.309,0.50065,0.31153,480.6,531.8,0.107,0.47302,0.31595,454.1,539.3,0.304,0.48842,0.31496,468.9,537.6,0.145,0.47287,0.31533,454.0,538.3,0.295,0.48558,0.31212,466.2,532.8,0.138,0.47448,0.31254,455.5,533.5,0.214,0.48865,0.31107,469.1,531.0,0.11,0.63866,0.30241,613.1,516.2,1.0,0.64388,0.32352,618.1,552.3,1.0,0.51819,0.23932,497.5,408.5,0.566,0.60771,0.38032,583.4,649.2,0.772,0.46366,0.3045,445.1,519.8,0.752,0.60198,0.46363,577.9,791.4,0.911,0.48555,0.33318,466.1,568.7,0.838,0.6141,0.47627,589.5,813.0,0.933,0.4076,0.31073,391.3,530.4,0.758,0.56724,0.48633,544.5,830.2,0.867
1062,29.33,960,1707,0.58324,0.24754,559.9,422.5,0.998,0.57937,0.23977,556.2,409.3,0.998,0.57928,0.238,556.1,406.3,0.998,0.57912,0.2365,556.0,403.7,0.998,0.5812,0.24293,557.9,414.7,0.999,0.58302,0.24362,559.7,415.9,0.999,0.58489,0.24419,561.5,416.8,0.999,0.58957,0.22943,566.0,391.6,0.998,0.59646,0.24022,572.6,410.0,0.998,0.58929,0.24533,565.7,418.8,0.998,0.59393,0.24946,570.2,425.8,0.998,0.62165,0.23654,596.8,403.8,1.0,0.62292,0.2529,598.0,431.7,1.0,0.56575,0.27595,543.1,471.0,0.34,0.56733,0.29642,544.6,506.0,0.014,0.50328,0.30976,483.1,528.8,0.285,0.50335,0.31369,483.2,535.5,0.098,0.47687,0.31454,457.8,536.9,0.281,0.4895,0.31556,469.9,538.7,0.133,0.4737,0.31226,454.8,533.0,0.272,0.48636,0.31247,466.9,533.4,0.127,0.47982,0.3108,460.6,530.5,0.196,0.48997,0.31201,470.4,532.6,0.101,0.63221,0.30352,606.9,518.1,1.0,0.64429,0.32367,618.5,552.5,1.0,0.51814,0.23981,497.4,409.3,0.549,0.60768,0.38001,583.4,648.7,0.772,0.46362,0.30403,445.1,519.0,0.744,0.60198,0.46364,577.9,791.4,0.908,0.47733,0.32907,458.2,561.7,0.839,0.6141,0.47634,589.5,813.1,0.933,0.40604,0.30557,389.8,521.6,0.746,0.56727,0.48644,544.6,830.4,0.86
1063,29.357,960,1707,0.58522,0.24607,561.8,420.0,0.998,0.58175,0.23843,558.5,407.0,0.997,0.58149,0.23682,558.2,404.2,0.997,0.58124,0.23546,558.0,401.9,0.998,0.58468,0.24113,561.3,411.6,0.999,0.58684,0.24162,563.4,412.5,0.999,0.58896,0.242,565.4,413.1,0.999,0.5913,0.22876,567.6,390.5,0.998,0.60059,0.23789,576.6,406.1,0.998,0.59175,0.24435,568.1,417.1,0.998,0.59575,0.24813,571.9,423.6,0.997,0.62057,0.23616,595.7,403.1,1.0,0.62341,0.25297,598.5,431.8,1.0,0.56853,0.27629,545.8,471.6,0.326,0.57047,0.29834,547.7,509.3,0.013,0.49593,0.30979,476.1,528.8,0.264,0.50501,0.31404,484.8,536.1,0.091,0.46969,0.31367,450.9,535.4,0.261,0.49477,0.31595,475.0,539.3,0.125,0.46764,0.31075,448.9,530.5,0.253,0.48746,0.31278,468.0,533.9,0.119,0.48352,0.31113,464.2,531.1,0.181,0.49257,0.3126,472.9,533.6,0.095,0.62652,0.30572,601.5,521.9,1.0,0.64433,0.32372,618.6,552.6,1.0,0.51784,0.24022,497.1,410.1,0.536,0.60752,0.38005,583.2,648.7,0.768,0.46536,0.30442,446.7,519.6,0.74,0.60195,0.46455,577.9,793.0,0.904,0.47744,0.32976,458.3,562.9,0.84,0.61409,0.4779,589.5,815.8,0.932,0.41601,0.30965,399.4,528.6,0.737,0.56733,0.48655,544.6,830.5,0.852
1064,29.385,960,1707,0.58533,0.24328,561.9,415.3,0.997,0.58214,0.23601,558.9,402.9,0.997,0.58217,0.23436,558.9,400.1,0.997,0.58228,0.23296,559.0,397.7,0.998,0.58458,0.23889,561.2,407.8,0.999,0.58662,0.23947,563.2,408.8,0.999,0.58869,0.23994,565.1,409.6,0.999,0.59287,0.22654,569.2,386.7,0.998,0.60023,0.23597,576.2,402.8,0.998,0.59292,0.24157,569.2,412.4,0.998,0.5957,0.24554,571.9,419.1,0.997,0.62367,0.23439,598.7,400.1,1.0,0.62148,0.25213,596.6,430.4,1.0,0.58378,0.27693,560.4,472.7,0.3,0.5645,0.2991,541.9,510.6,0.013,0.49884,0.30873,478.9,527.0,0.24,0.50635,0.31219,486.1,532.9,0.086,0.48369,0.31381,464.3,535.7,0.239,0.49687,0.31587,477.0,539.2,0.119,0.48319,0.3103,463.9,529.7,0.231,0.49343,0.31173,473.7,532.1,0.113,0.50323,0.30937,483.1,528.1,0.165,0.4975,0.31177,477.6,532.2,0.091,0.62653,0.30746,601.5,524.8,1.0,0.64339,0.32382,617.6,552.8,1.0,0.51784,0.24041,497.1,410.4,0.534,0.60751,0.38126,583.2,650.8,0.766,0.47348,0.30704,454.5,524.1,0.74,0.6018,0.46486,577.7,793.5,0.904,0.48634,0.33604,466.9,573.6,0.836,0.61409,0.47809,589.5,816.1,0.929,0.42708,0.32352,410.0,552.2,0.736,0.56651,0.48677,543.8,830.9,0.85
1065,29.413,960,1707,0.58588,0.24253,562.4,414.0,0.997,0.58234,0.23524,559.0,401.5,0.997,0.58235,0.23346,559.1,398.5,0.996,0.58246,0.23193,559.2,395.9,0.997,0.58471,0.23847,561.3,407.1,0.998,0.58666,0.23917,563.2,408.3,0.998,0.58861,0.23975,565.1,409.3,0.999,0.59289,0.22534,569.2,384.7,0.998,0.60023,0.23575,576.2,402.4,0.997,0.59424,0.24038,570.5,410.3,0.998,0.59675,0.24471,572.9,417.7,0.997,0.62316,0.23026,598.2,393.1,1.0,0.62711,0.2519,602.0,430.0,1.0,0.5828,0.27156,559.5,463.6,0.273,0.56755,0.29888,544.9,510.2,0.012,0.50421,0.3005,484.0,513.0,0.217,0.51502,0.31107,494.4,531.0,0.081,0.4883,0.30526,468.8,521.1,0.216,0.50459,0.31014,484.4,529.4,0.113,0.50821,0.30286,487.9,517.0,0.209,0.50125,0.30545,481.2,521.4,0.107,0.52209,0.30173,501.2,515.0,0.149,0.5053,0.3059,485.1,522.2,0.085,0.62641,0.30743,601.4,524.8,1.0,0.64438,0.32389,618.6,552.9,1.0,0.51791,0.24064,497.2,410.8,0.532,0.60726,0.38147,583.0,651.2,0.761,0.47427,0.30808,455.3,525.9,0.739,0.60144,0.46485,577.4,793.5,0.903,0.49044,0.33812,470.8,577.2,0.834,0.61355,0.47814,589.0,816.2,0.926,0.42921,0.32409,412.0,553.2,0.732,0.56509,0.48664,542.5,830.7,0.846
1066,29.44,960,1707,0.59361,0.23976,569.9,409.3,0.991,0.59237,0.23254,568.7,396.9,0.991,0.59109,0.23096,567.4,394.3,0.989,0.58993,0.22961,566.3,391.9,0.992,0.59868,0.23599,574.7,402.8,0.995,0.60202,0.23693,577.9,404.4,0.996,0.60526,0.23773,581.0,405.8,0.997,0.59875,0.22481,574.8,383.8,0.993,0.61913,0.23519,594.4,401.5,0.994,0.59768,0.23855,573.8,407.2,0.994,0.60392,0.24271,579.8,414.3,0.993,0.61441,0.22955,589.8,391.8,1.0,0.64776,0.25333,621.9,432.4,1.0,0.5769,0.26781,553.8,457.2,0.258,0.63051,0.29888,605.3,510.2,0.012,0.51413,0.2958,493.6,504.9,0.197,0.62896,0.31291,603.8,534.1,0.08,0.49732,0.30092,477.4,513.7,0.197,0.63821,0.31374,612.7,535.6,0.116,0.50889,0.29835,488.5,509.3,0.191,0.63303,0.30661,607.7,523.4,0.11,0.5215,0.29686,500.6,506.7,0.136,0.62683,0.30705,601.8,524.1,0.086,0.63302,0.3061,607.7,522.5,1.0,0.64646,0.32418,620.6,553.4,1.0,0.51785,0.24065,497.1,410.8,0.564,0.60713,0.38162,582.8,651.4,0.779,0.47299,0.30889,454.1,527.3,0.757,0.60141,0.46483,577.4,793.5,0.911,0.48557,0.33141,466.1,565.7,0.846,0.61295,0.47811,588.4,816.1,0.932,0.42526,0.32407,408.3,553.2,0.745,0.56593,0.48579,543.3,829.2,0.858
1067,29.468,960,1707,0.60851,0.23208,584.2,396.2,0.991,0.60871,0.22616,584.4,386.0,0.991,0.60603,0.22508,581.8,384.2,0.989,0.60344,0.22422,579.3,382.7,0.992,0.61775,0.22902,593.0,390.9,0.995,0.6218,0.22996,596.9,392.5,0.996,0.62575,0.23076,600.7,393.9,0.997,0.6015,0.22185,577.4,378.7,0.993,0.6372,0.23061,611.7,393.6,0.994,0.60412,0.23188,580.0,395.8,0.994,0.61564,0.23551,591.0,402.0,0.993,0.59678,0.22777,572.9,388.8,1.0,0.68028,0.24945,653.1,425.8,1.0,0.53344,0.26361,512.1,450.0,0.315,0.70941,0.29101,681.0,496.8,0.045,0.51495,0.29675,494.4,506.6,0.217,0.67909,0.3116,651.9,531.9,0.086,0.50228,0.30183,482.2,515.2,0.212,0.67769,0.31353,650.6,535.2,0.12,0.5063,0.3005,486.1,513.0,0.203,0.66353,0.30777,637.0,525.4,0.112,0.52248,0.29998,501.6,512.1,0.148,0.66202,0.30701,635.5,524.1,0.09,0.62521,0.30331,600.2,517.8,1.0,0.65503,0.32392,628.8,552.9,1.0,0.5184,0.23954,497.7,408.9,0.607,0.60715,0.38121,582.9,650.7,0.8,0.47125,0.30874,452.4,527.0,0.781,0.60157,0.46481,577.5,793.4,0.92,0.47682,0.32729,457.7,558.7,0.861,0.61296,0.47809,588.4,816.1,0.939,0.4151,0.32316,398.5,551.6,0.769,0.56753,0.48578,544.8,829.2,0.872
1068,29.495,960,1707,0.60449,0.22898,580.3,390.9,0.992,0.60334,0.22496,579.2,384.0,0.992,0.60187,0.22429,577.8,382.9,0.99,0.6005,0.22352,576.5,381.6,0.993,0.61022,0.22682,585.8,387.2,0.996,0.61326,0.22689,588.7,387.3,0.996,0.61597,0.22667,591.3,386.9,0.998,0.60172,0.22215,577.6,379.2,0.993,0.62968,0.22791,604.5,389.0,0.994,0.60268,0.23082,578.6,394.0,0.994,0.61272,0.23298,588.2,397.7,0.994,0.59426,0.22687,570.5,387.3,1.0,0.68459,0.2486,657.2,424.4,1.0,0.51814,0.25167,497.4,429.6,0.362,0.71798,0.28941,689.3,494.0,0.059,0.50194,0.2939,481.9,501.7,0.232,0.6855,0.30845,658.1,526.5,0.086,0.49584,0.29947,476.0,511.2,0.225,0.68209,0.31093,654.8,530.8,0.119,0.50526,0.30025,485.1,512.5,0.214,0.66743,0.30662,640.7,523.4,0.11,0.51291,0.29826,492.4,509.1,0.158,0.66721,0.30442,640.5,519.6,0.089,0.61925,0.29901,594.5,510.4,1.0,0.6576,0.32295,631.3,551.3,1.0,0.51838,0.23893,497.6,407.9,0.646,0.60702,0.3812,582.7,650.7,0.82,0.46853,0.30822,449.8,526.1,0.802,0.60161,0.46479,577.5,793.4,0.928,0.471,0.32667,452.2,557.6,0.874,0.61294,0.478,588.4,815.9,0.945,0.40717,0.31928,390.9,545.0,0.79,0.56632,0.48513,543.7,828.1,0.884
1069,29.523,960,1707,0.60193,0.22623,577.9,386.2,0.992,0.60188,0.22265,577.8,380.1,0.992,0.60126,0.22227,577.2,379.4,0.991,0.60081,0.22167,576.8,378.4,0.993,0.60643,0.22451,582.2,383.2,0.996,0.60986,0.22446,585.5,383.2,0.996,0.61206,0.22414,587.6,382.6,0.998,0.60539,0.22084,581.2,377.0,0.994,0.62914,0.22675,604.0,387.1,0.995,0.60199,0.2303,577.9,393.1,0.994,0.61031,0.23132,585.9,394.9,0.994,0.59986,0.22473,575.9,383.6,1.0,0.68402,0.24912,656.7,425.2,1.0,0.52425,0.24089,503.3,411.2,0.404,0.71367,0.28978,685.1,494.6,0.058,0.50848,0.28156,488.1,480.6,0.252,0.66448,0.30611,637.9,522.5,0.08,0.49896,0.28651,479.0,489.1,0.244,0.65906,0.30754,632.7,525.0,0.11,0.51293,0.28847,492.4,492.4,0.231,0.64665,0.30279,620.8,516.9,0.102,0.51628,0.28648,495.6,489.0,0.171,0.64739,0.30043,621.5,512.8,0.083,0.6163,0.29903,591.6,510.4,1.0,0.65962,0.32272,633.2,550.9,1.0,0.51907,0.23892,498.3,407.8,0.679,0.60773,0.3799,583.4,648.5,0.836,0.46833,0.30726,449.6,524.5,0.82,0.60399,0.46438,579.8,792.7,0.935,0.47075,0.32588,451.9,556.3,0.886,0.61339,0.47658,588.9,813.5,0.95,0.41692,0.32091,400.2,547.8,0.807,0.56742,0.48509,544.7,828.1,0.895
1070,29.551,960,1707,0.60027,0.22714,576.3,387.7,0.993,0.59994,0.22107,575.9,377.4,0.993,0.59922,0.22,575.3,375.5,0.992,0.59874,0.21902,574.8,373.9,0.994,0.60465,0.22388,580.5,382.2,0.996,0.60807,0.22456,583.7,383.3,0.997,0.61007,0.22503,585.7,384.1,0.998,0.60669,0.21793,582.4,372.0,0.994,0.62501,0.22621,600.0,386.1,0.995,0.60119,0.2292,577.1,391.2,0.995,0.61006,0.232,585.7,396.0,0.994,0.60593,0.22388,581.7,382.2,1.0,0.67196,0.24772,645.1,422.9,1.0,0.53518,0.23583,513.8,402.6,0.398,0.69034,0.29009,662.7,495.2,0.054,0.54237,0.2332,520.7,398.1,0.24,0.69425,0.30697,666.5,524.0,0.086,0.53248,0.23805,511.2,406.4,0.239,0.70357,0.31126,675.4,531.3,0.122,0.54496,0.2383,523.2,406.8,0.226,0.69728,0.3062,669.4,522.7,0.113,0.5497,0.23941,527.7,408.7,0.167,0.69216,0.30242,664.5,516.2,0.092,0.63523,0.2995,609.8,511.2,1.0,0.6583,0.32111,632.0,548.1,1.0,0.51923,0.23895,498.5,407.9,0.709,0.60775,0.38047,583.4,649.5,0.851,0.4682,0.30692,449.5,523.9,0.836,0.60434,0.46446,580.2,792.8,0.941,0.47124,0.32545,452.4,555.5,0.895,0.61445,0.47548,589.9,811.6,0.954,0.40892,0.31855,392.6,543.8,0.824,0.56681,0.48556,544.1,828.8,0.904
1071,29.578,960,1707,0.63695,0.22007,611.5,375.7,0.994,0.63808,0.21356,612.6,364.6,0.994,0.63711,0.21255,611.6,362.8,0.993,0.63621,0.21175,610.8,361.5,0.994,0.64239,0.21648,616.7,369.5,0.997,0.64465,0.21754,618.9,371.3,0.997,0.64668,0.21845,620.8,372.9,0.998,0.6394,0.21237,613.8,362.5,0.995,0.65529,0.22093,629.1,377.1,0.996,0.63619,0.22245,610.7,379.7,0.995,0.64102,0.22559,615.4,385.1,0.995,0.61733,0.22288,592.6,380.5,1.0,0.67836,0.24786,651.2,423.1,1.0,0.54207,0.2354,520.4,401.8,0.382,0.69697,0.29058,669.1,496.0,0.057,0.54388,0.23415,522.1,399.7,0.223,0.69256,0.30932,664.9,528.0,0.105,0.53944,0.23102,517.9,394.4,0.226,0.70043,0.31633,672.4,540.0,0.149,0.55119,0.23161,529.1,395.4,0.213,0.69521,0.3123,667.4,533.1,0.137,0.55508,0.23328,532.9,398.2,0.159,0.69026,0.30803,662.6,525.8,0.112,0.63935,0.29991,613.8,511.9,1.0,0.6568,0.31973,630.5,545.8,1.0,0.51956,0.23896,498.8,407.9,0.737,0.60771,0.38137,583.4,651.0,0.865,0.46745,0.30739,448.7,524.7,0.85,0.60466,0.46652,580.5,796.3,0.946,0.47162,0.32546,452.8,555.6,0.904,0.61512,0.47699,590.5,814.2,0.958,0.4039,0.31652,387.7,540.3,0.839,0.56619,0.48557,543.5,828.9,0.913
1072,29.606,960,1707,0.62895,0.22639,603.8,386.5,0.99,0.62316,0.21923,598.2,374.2,0.991,0.62276,0.21813,597.8,372.3,0.989,0.62252,0.21739,597.6,371.1,0.991,0.62642,0.22288,601.4,380.5,0.995,0.62866,0.22455,603.5,383.3,0.996,0.63054,0.22601,605.3,385.8,0.997,0.6261,0.2182,601.1,372.5,0.992,0.64199,0.22842,616.3,389.9,0.994,0.62974,0.22755,604.6,388.4,0.989,0.63485,0.23169,609.5,395.5,0.99,0.60926,0.2223,584.9,379.5,1.0,0.68617,0.248,658.7,423.3,1.0,0.53628,0.24222,514.8,413.5,0.402,0.71868,0.29223,689.9,498.8,0.066,0.50995,0.25744,489.6,439.4,0.209,0.69656,0.30856,668.7,526.7,0.097,0.50254,0.25674,482.4,438.3,0.212,0.69635,0.31471,668.5,537.2,0.137,0.51577,0.25176,495.1,429.8,0.2,0.68434,0.30995,657.0,529.1,0.126,0.52,0.25591,499.2,436.8,0.149,0.68325,0.30581,655.9,522.0,0.104,0.62056,0.30012,595.7,512.3,1.0,0.65908,0.31984,632.7,546.0,1.0,0.51961,0.23723,498.8,404.9,0.76,0.60769,0.38423,583.4,655.9,0.877,0.46626,0.30804,447.6,525.8,0.862,0.60473,0.46855,580.5,799.8,0.951,0.47172,0.32469,452.8,554.2,0.912,0.61512,0.47861,590.5,817.0,0.962,0.40422,0.3251,388.0,554.9,0.846,0.56485,0.48746,542.3,832.1,0.92
1073,29.634,960,1707,0.63587,0.22747,610.4,388.3,0.989,0.63699,0.22076,611.5,376.8,0.99,0.63586,0.21967,610.4,375.0,0.989,0.63479,0.21887,609.4,373.6,0.991,0.64149,0.22398,615.8,382.3,0.995,0.6438,0.22531,618.0,384.6,0.995,0.64602,0.22646,620.2,386.6,0.997,0.63856,0.21881,613.0,373.5,0.991,0.65535,0.22829,629.1,389.7,0.994,0.63481,0.22865,609.4,390.3,0.987,0.63991,0.23224,614.3,396.4,0.988,0.61364,0.22306,589.1,380.8,1.0,0.68518,0.24621,657.8,420.3,1.0,0.54137,0.23958,519.7,409.0,0.398,0.7188,0.29218,690.0,498.7,0.069,0.51918,0.24918,498.4,425.4,0.191,0.69537,0.30851,667.6,526.6,0.089,0.5184,0.24912,497.7,425.3,0.194,0.69529,0.31465,667.5,537.1,0.126,0.53071,0.24955,509.5,426.0,0.183,0.68635,0.30997,658.9,529.1,0.116,0.53311,0.25035,511.8,427.4,0.137,0.68507,0.30597,657.7,522.3,0.095,0.61814,0.30029,593.4,512.6,1.0,0.65836,0.31992,632.0,546.1,1.0,0.51959,0.23728,498.8,405.0,0.779,0.60765,0.38406,583.3,655.6,0.887,0.46573,0.30799,447.1,525.7,0.871,0.6049,0.46908,580.7,800.7,0.955,0.47121,0.32444,452.4,553.8,0.918,0.61516,0.4789,590.6,817.5,0.965,0.40637,0.32787,390.1,559.7,0.852,0.5664,0.48919,543.7,835.1,0.926
1074,29.661,960,1707,0.63556,0.2282,610.1,389.5,0.989,0.63687,0.22137,611.4,377.9,0.99,0.63564,0.22015,610.2,375.8,0.989,0.63443,0.21917,609.0,374.1,0.991,0.64116,0.22473,615.5,383.6,0.995,0.64334,0.22594,617.6,385.7,0.996,0.64547,0.22694,619.7,387.4,0.997,0.63826,0.21843,612.7,372.9,0.99,0.65416,0.22835,628.0,389.8,0.994,0.63502,0.22918,609.6,391.2,0.986,0.6401,0.23282,614.5,397.4,0.988,0.61585,0.22119,591.2,377.6,1.0,0.69257,0.24656,664.9,420.9,1.0,0.54117,0.21373,519.5,364.8,0.38,0.72188,0.29224,693.0,498.9,0.072,0.53811,0.23655,516.6,403.8,0.173,0.70856,0.30553,680.2,521.5,0.085,0.54581,0.23424,524.0,399.9,0.177,0.7074,0.31011,679.1,529.4,0.118,0.55954,0.23982,537.2,409.4,0.166,0.70236,0.30818,674.3,526.1,0.109,0.55859,0.24058,536.2,410.7,0.125,0.70162,0.30568,673.6,521.8,0.09,0.62263,0.298,597.7,508.7,1.0,0.65799,0.31938,631.7,545.2,1.0,0.51957,0.23672,498.8,404.1,0.797,0.6083,0.3837,584.0,655.0,0.897,0.465,0.30634,446.4,522.9,0.879,0.60487,0.46885,580.7,800.3,0.959,0.47065,0.3233,451.8,551.9,0.923,0.61466,0.47985,590.1,819.1,0.968,0.39464,0.31409,378.9,536.2,0.856,0.56641,0.489,543.8,834.7,0.931
1075,29.689,960,1707,0.69039,0.21681,662.8,370.1,0.99,0.68889,0.21073,661.3,359.7,0.991,0.6865,0.2098,659.0,358.1,0.989,0.68413,0.20914,656.8,357.0,0.991,0.69335,0.21349,665.6,364.4,0.995,0.69457,0.21456,666.8,366.3,0.996,0.69578,0.21546,667.9,367.8,0.998,0.67437,0.20982,647.4,358.2,0.991,0.68358,0.21696,656.2,370.3,0.995,0.6814,0.21912,654.1,374.0,0.986,0.68628,0.22188,658.8,378.7,0.988,0.62266,0.22125,597.8,377.7,1.0,0.69435,0.2449,666.6,418.0,1.0,0.5422,0.21251,520.5,362.8,0.369,0.71877,0.29183,690.0,498.1,0.074,0.56035,0.22462,537.9,383.4,0.158,0.71141,0.30582,682.9,522.0,0.085,0.55918,0.22607,536.8,385.9,0.162,0.70686,0.31029,678.6,529.7,0.119,0.569,0.2297,546.2,392.1,0.153,0.70111,0.30881,673.1,527.1,0.111,0.56911,0.23134,546.3,394.9,0.115,0.69813,0.30583,670.2,522.0,0.091,0.62061,0.29585,595.8,505.0,1.0,0.65732,0.31852,631.0,543.7,1.0,0.5198,0.23684,499.0,404.3,0.817,0.6083,0.3829,584.0,653.6,0.906,0.465,0.30544,446.4,521.4,0.89,0.60481,0.4688,580.6,800.2,0.963,0.47077,0.32247,451.9,550.5,0.93,0.61465,0.47949,590.1,818.5,0.971,0.39296,0.3104,377.2,529.9,0.867,0.56649,0.48893,543.8,834.6,0.937
1076,29.716,960,1707,0.61092,0.22021,586.5,375.9,0.99,0.61348,0.21275,588.9,363.2,0.991,0.61361,0.211,589.1,360.2,0.989,0.61369,0.20957,589.1,357.7,0.991,0.61511,0.21714,590.5,370.7,0.996,0.61666,0.21877,592.0,373.4,0.996,0.61829,0.22019,593.6,375.9,0.998,0.62591,0.21034,600.9,359.1,0.991,0.63128,0.222,606.0,379.0,0.995,0.6105,0.22077,586.1,376.9,0.985,0.61943,0.22647,594.6,386.6,0.988,0.6222,0.22135,597.3,377.8,1.0,0.692,0.25418,664.3,433.9,1.0,0.54401,0.21117,522.3,360.5,0.377,0.71999,0.29621,691.2,505.6,0.081,0.55772,0.22799,535.4,389.2,0.147,0.70312,0.30541,675.0,521.3,0.078,0.55987,0.22697,537.5,387.4,0.153,0.70494,0.30905,676.7,527.6,0.109,0.57061,0.22975,547.8,392.2,0.144,0.69749,0.30477,669.6,520.2,0.102,0.57076,0.23061,547.9,393.7,0.109,0.69573,0.30187,667.9,515.3,0.084,0.61972,0.29491,594.9,503.4,1.0,0.65717,0.31919,630.9,544.9,1.0,0.51914,0.23695,498.4,404.5,0.832,0.60829,0.38297,584.0,653.7,0.914,0.46519,0.30453,446.6,519.8,0.898,0.60455,0.46858,580.4,799.9,0.966,0.47145,0.32085,452.6,547.7,0.935,0.61317,0.47795,588.6,815.9,0.973,0.3954,0.31027,379.6,529.6,0.875,0.56723,0.49008,544.5,836.6,0.942
1077,29.744,960,1707,0.57224,0.22147,549.3,378.0,0.989,0.56936,0.21781,546.6,371.8,0.991,0.5699,0.21687,547.1,370.2,0.989,0.57068,0.21632,547.9,369.3,0.991,0.57139,0.21801,548.5,372.1,0.995,0.57332,0.21978,550.4,375.2,0.996,0.5757,0.2217,552.7,378.4,0.997,0.58023,0.21588,557.0,368.5,0.99,0.59727,0.22307,573.4,380.8,0.995,0.58034,0.2218,557.1,378.6,0.983,0.58437,0.22804,561.0,389.3,0.986,0.61245,0.22181,588.0,378.6,1.0,0.68093,0.25329,653.7,432.4,1.0,0.5445,0.21894,522.7,373.7,0.347,0.71443,0.29517,685.9,503.9,0.073,0.56344,0.21377,540.9,364.9,0.134,0.693,0.30137,665.3,514.4,0.072,0.56085,0.21514,538.4,367.2,0.141,0.69164,0.30278,664.0,516.8,0.102,0.57206,0.2183,549.2,372.6,0.133,0.68417,0.29925,656.8,510.8,0.094,0.57311,0.22032,550.2,376.1,0.101,0.68339,0.2986,656.1,509.7,0.078,0.61633,0.29509,591.7,503.7,1.0,0.65694,0.31978,630.7,545.9,1.0,0.51918,0.23572,498.4,402.4,0.831,0.60828,0.38295,583.9,653.7,0.918,0.46596,0.30403,447.3,519.0,0.895,0.60438,0.46735,580.2,797.8,0.968,0.47276,0.32014,453.9,546.5,0.929,0.61207,0.47677,587.6,813.8,0.974,0.39598,0.31054,380.1,530.1,0.861,0.56867,0.48991,545.9,836.3,0.944
1078,29.772,960,1707,0.56355,0.2235,541.0,381.5,0.989,0.5609,0.22151,538.5,378.1,0.991,0.56172,0.22124,539.2,377.7,0.989,0.56268,0.22072,540.2,376.8,0.991,0.56218,0.21889,539.7,373.6,0.995,0.56387,0.22067,541.3,376.7,0.996,0.56548,0.22269,542.9,380.1,0.997,0.57078,0.21891,548.0,373.7,0.99,0.57309,0.22299,550.2,380.7,0.995,0.57195,0.22459,549.1,383.4,0.982,0.57403,0.2289,551.1,390.7,0.986,0.60446,0.22216,580.3,379.2,1.0,0.68036,0.24521,653.1,418.6,1.0,0.5501,0.23201,528.1,396.0,0.316,0.71279,0.29305,684.3,500.2,0.067,0.57149,0.2343,548.6,399.9,0.122,0.69277,0.29944,665.1,511.1,0.068,0.57514,0.23407,552.1,399.6,0.129,0.69436,0.30224,666.6,515.9,0.097,0.58647,0.23965,563.0,409.1,0.122,0.68297,0.29912,655.6,510.6,0.089,0.58723,0.24025,563.7,410.1,0.093,0.68129,0.29826,654.0,509.1,0.074,0.6107,0.29545,586.3,504.3,1.0,0.65665,0.32093,630.4,547.8,1.0,0.52026,0.2375,499.4,405.4,0.837,0.60823,0.38288,583.9,653.6,0.924,0.46626,0.30411,447.6,519.1,0.899,0.60425,0.46618,580.1,795.8,0.971,0.47288,0.3204,454.0,546.9,0.928,0.6113,0.47594,586.8,812.4,0.975,0.415,0.31587,398.4,539.2,0.859,0.56902,0.48973,546.3,836.0,0.946
1079,29.799,960,1707,0.64358,0.22457,617.8,383.3,0.985,0.64586,0.22164,620.0,378.3,0.988,0.64434,0.22122,618.6,377.6,0.986,0.64284,0.22066,617.1,376.7,0.988,0.65062,0.21956,624.6,374.8,0.994,0.65271,0.22081,626.6,376.9,0.995,0.65478,0.22321,628.6,381.0,0.997,0.64312,0.21901,617.4,373.9,0.987,0.65991,0.22479,633.5,383.7,0.993,0.63996,0.22557,614.4,385.1,0.978,0.64467,0.22936,618.9,391.5,0.983,0.62394,0.22243,599.0,379.7,1.0,0.68726,0.25337,659.8,432.5,1.0,0.55069,0.20962,528.7,357.8,0.34,0.71468,0.29544,686.1,504.3,0.064,0.56737,0.21011,544.7,358.7,0.119,0.6892,0.30161,661.6,514.8,0.062,0.56436,0.21301,541.8,363.6,0.129,0.69056,0.30493,662.9,520.5,0.088,0.57464,0.21513,551.7,367.2,0.121,0.68057,0.29997,653.3,512.0,0.081,0.57635,0.21665,553.3,369.8,0.092,0.67873,0.29926,651.6,510.8,0.068,0.61423,0.29577,589.7,504.9,1.0,0.6565,0.32109,630.2,548.1,1.0,0.52024,0.23759,499.4,405.6,0.847,0.60821,0.38281,583.9,653.5,0.93,0.46629,0.30414,447.6,519.2,0.907,0.60421,0.4659,580.0,795.3,0.973,0.4729,0.32078,454.0,547.6,0.933,0.6114,0.47555,586.9,811.8,0.977,0.40258,0.31307,386.5,534.4,0.867,0.56909,0.4897,546.3,835.9,0.95
1080,29.827,960,1707,0.66212,0.23216,635.6,396.3,0.935,0.66513,0.2285,638.5,390.0,0.94,0.66317,0.22794,636.6,389.1,0.935,0.66122,0.22753,634.8,388.4,0.945,0.67085,0.22922,644.0,391.3,0.964,0.67336,0.23022,646.4,393.0,0.964,0.67582,0.23144,648.8,395.1,0.979,0.66054,0.22644,634.1,386.5,0.939,0.68143,0.2321,654.2,396.2,0.965,0.6567,0.23225,630.4,396.4,0.927,0.66317,0.23474,636.6,400.7,0.941,0.63653,0.22252,611.1,379.8,1.0,0.6878,0.25793,660.3,440.3,1.0,0.54976,0.20334,527.8,347.1,0.313,0.69194,0.29227,664.3,498.9,0.058,0.57728,0.20872,554.2,356.3,0.109,0.68802,0.2993,660.5,510.9,0.056,0.57491,0.20862,551.9,356.1,0.118,0.68949,0.30169,661.9,515.0,0.08,0.5862,0.21469,562.8,366.5,0.111,0.68028,0.29826,653.1,509.1,0.074,0.58577,0.21631,562.3,369.2,0.084,0.67689,0.29663,649.8,506.4,0.062,0.61744,0.295,592.7,503.6,1.0,0.65571,0.32105,629.5,548.0,1.0,0.52069,0.2376,499.9,405.6,0.842,0.60825,0.38275,583.9,653.4,0.93,0.46777,0.30415,449.1,519.2,0.9,0.60436,0.46594,580.2,795.4,0.974,0.4741,0.32093,455.1,547.8,0.928,0.61174,0.47616,587.3,812.8,0.977,0.40269,0.31147,386.6,531.7,0.843,0.56793,0.48962,545.2,835.8,0.949
1081,29.854,960,1707,0.6971,0.21349,669.2,364.4,0.942,0.70245,0.21097,674.3,360.1,0.946,0.70267,0.21128,674.6,360.7,0.942,0.7025,0.21166,674.4,361.3,0.951,0.7,0.21077,672.0,359.8,0.968,0.69669,0.21077,668.8,359.8,0.968,0.70545,0.21012,677.2,358.7,0.981,0.69593,0.21154,668.1,361.1,0.946,0.68188,0.21194,654.6,361.8,0.968,0.68638,0.21785,658.9,371.9,0.934,0.68294,0.2174,655.6,371.1,0.947,0.65588,0.22271,629.6,380.2,1.0,0.68779,0.25124,660.3,428.9,1.0,0.57679,0.23217,553.7,396.3,0.34,0.6605,0.28683,634.1,489.6,0.053,0.57687,0.21202,553.8,361.9,0.119,0.67328,0.3068,646.3,523.7,0.052,0.57463,0.20292,551.6,346.4,0.131,0.67203,0.30819,645.2,526.1,0.075,0.5861,0.20407,562.7,348.3,0.123,0.66443,0.30849,637.9,526.6,0.069,0.58704,0.20805,563.6,355.1,0.095,0.66633,0.30157,639.7,514.8,0.058,0.62842,0.29578,603.3,504.9,1.0,0.65213,0.31917,626.0,544.8,1.0,0.52202,0.23834,501.1,406.8,0.854,0.60824,0.38289,583.9,653.6,0.935,0.4675,0.30464,448.8,520.0,0.904,0.60405,0.4668,579.9,796.8,0.976,0.47412,0.32114,455.2,548.2,0.931,0.61238,0.47727,587.9,814.7,0.979,0.39903,0.31173,383.1,532.1,0.85,0.56773,0.49006,545.0,836.5,0.952
1082,29.882,960,1707,0.70143,0.21079,673.4,359.8,0.947,0.70742,0.20804,679.1,355.1,0.952,0.70864,0.20869,680.3,356.2,0.948,0.70977,0.20931,681.4,357.3,0.956,0.70188,0.20783,673.8,354.8,0.971,0.69874,0.20815,670.8,355.3,0.971,0.70964,0.2096,681.3,357.8,0.983,0.69535,0.20663,667.5,352.7,0.951,0.68737,0.21096,659.9,360.1,0.971,0.69403,0.21447,666.3,366.1,0.94,0.69002,0.21561,662.4,368.0,0.952,0.64946,0.22059,623.5,376.5,1.0,0.70063,0.25134,672.6,429.0,1.0,0.57214,0.20669,549.3,352.8,0.339,0.69022,0.28866,662.6,492.7,0.049,0.57306,0.20337,550.1,347.2,0.111,0.67343,0.30316,646.5,517.5,0.048,0.57308,0.1948,550.2,332.5,0.122,0.67426,0.30477,647.3,520.2,0.07,0.58252,0.19632,559.2,335.1,0.114,0.66482,0.30605,638.2,522.4,0.065,0.58231,0.20474,559.0,349.5,0.09,0.66694,0.29992,640.3,512.0,0.054,0.62636,0.2958,601.3,504.9,1.0,0.65214,0.31898,626.1,544.5,1.0,0.52189,0.24019,501.0,410.0,0.866,0.6076,0.3837,583.3,655.0,0.94,0.46748,0.30464,448.8,520.0,0.909,0.60317,0.46794,579.0,798.8,0.978,0.47435,0.3208,455.4,547.6,0.932,0.61225,0.47975,587.8,818.9,0.98,0.39929,0.30846,383.3,526.5,0.853,0.56826,0.49082,545.5,837.8,0.955
1083,29.91,960,1707,0.69119,0.2231,663.5,380.8,0.95,0.69238,0.21616,664.7,369.0,0.955,0.68999,0.21502,662.4,367.0,0.951,0.68769,0.21418,660.2,365.6,0.959,0.69825,0.21993,670.3,375.4,0.973,0.70034,0.22144,672.3,378.0,0.974,0.70431,0.22306,676.1,380.8,0.984,0.68028,0.21215,653.1,362.1,0.955,0.70247,0.22498,674.4,384.0,0.974,0.68233,0.22383,655.0,382.1,0.943,0.68947,0.2281,661.9,389.4,0.955,0.64521,0.22043,619.4,376.3,1.0,0.70415,0.25518,676.0,435.6,1.0,0.55444,0.20049,532.3,342.2,0.355,0.71392,0.29846,685.4,509.5,0.049,0.57167,0.19501,548.8,332.9,0.107,0.6831,0.3015,655.8,514.7,0.045,0.57261,0.19094,549.7,325.9,0.119,0.68329,0.30131,656.0,514.3,0.065,0.58027,0.19334,557.1,330.0,0.111,0.66939,0.30029,642.6,512.6,0.06,0.58095,0.19606,557.7,334.7,0.089,0.67192,0.2967,645.0,506.5,0.051,0.61885,0.2947,594.1,503.0,1.0,0.6524,0.32029,626.3,546.7,1.0,0.52157,0.24045,500.7,410.4,0.878,0.60739,0.38401,583.1,655.5,0.946,0.46581,0.30442,447.2,519.6,0.916,0.60042,0.46752,576.4,798.1,0.98,0.47179,0.3209,452.9,547.8,0.938,0.60942,0.4795,585.0,818.5,0.982,0.3966,0.30707,380.7,524.2,0.859,0.56802,0.49077,545.3,837.7,0.958
1084,29.937,960,1707,0.68922,0.21726,661.7,370.9,0.955,0.69275,0.21366,665.0,364.7,0.959,0.69207,0.21338,664.4,364.2,0.956,0.69131,0.21312,663.7,363.8,0.963,0.69453,0.21519,666.8,367.3,0.976,0.6941,0.21579,666.3,368.3,0.976,0.69472,0.21627,666.9,369.2,0.986,0.68439,0.21304,657.0,363.7,0.959,0.69279,0.22015,665.1,375.8,0.976,0.6795,0.22194,652.3,378.8,0.948,0.68158,0.22355,654.3,381.6,0.959,0.64789,0.21752,622.0,371.3,1.0,0.70464,0.25473,676.5,434.8,1.0,0.56204,0.20757,539.6,354.3,0.403,0.71964,0.29929,690.9,510.9,0.051,0.5687,0.1958,546.0,334.2,0.127,0.68961,0.30006,662.0,512.2,0.041,0.56136,0.1916,538.9,327.1,0.142,0.68831,0.29967,660.8,511.5,0.059,0.56778,0.19278,545.1,329.1,0.133,0.6769,0.2941,649.8,502.0,0.055,0.57153,0.19497,548.7,332.8,0.105,0.67732,0.29164,650.2,497.8,0.046,0.61672,0.2941,592.1,502.0,1.0,0.6538,0.32034,627.7,546.8,1.0,0.52165,0.24048,500.8,410.5,0.886,0.60651,0.38372,582.2,655.0,0.948,0.46451,0.30554,445.9,521.6,0.923,0.60059,0.46695,576.6,797.1,0.981,0.47091,0.32253,452.1,550.6,0.943,0.60938,0.47942,585.0,818.4,0.983,0.39438,0.30788,378.6,525.5,0.869,0.56801,0.48922,545.3,835.1,0.96
1085,29.965,960,1707,0.70898,0.20792,680.6,354.9,0.959,0.71171,0.20481,683.2,349.6,0.963,0.71348,0.20586,684.9,351.4,0.96,0.71586,0.20708,687.2,353.5,0.966,0.70448,0.20233,676.3,345.4,0.978,0.70039,0.20177,672.4,344.4,0.978,0.69599,0.20132,668.1,343.7,0.987,0.70924,0.21147,680.9,361.0,0.963,0.68616,0.2044,658.7,348.9,0.979,0.70543,0.21426,677.2,365.7,0.953,0.69713,0.21253,669.2,362.8,0.963,0.702,0.24295,673.9,414.7,1.0,0.64655,0.2221,620.7,379.1,1.0,0.70026,0.29584,672.2,505.0,0.457,0.57311,0.21439,550.2,366.0,0.135,0.72513,0.26836,696.1,458.1,0.212,0.56334,0.19245,540.8,328.5,0.135,0.73826,0.25717,708.7,439.0,0.226,0.5653,0.19161,542.7,327.1,0.152,0.73233,0.25176,703.0,429.8,0.219,0.57087,0.18646,548.0,318.3,0.148,0.72065,0.25512,691.8,435.5,0.193,0.5832,0.19488,559.9,332.7,0.14,0.63758,0.30351,612.1,518.1,1.0,0.61682,0.31225,592.1,533.0,1.0,0.52862,0.23644,507.5,403.6,0.897,0.60651,0.38305,582.3,653.9,0.953,0.46451,0.30517,445.9,520.9,0.929,0.60068,0.46738,576.7,797.8,0.983,0.46978,0.32285,451.0,551.1,0.948,0.60853,0.47957,584.2,818.6,0.985,0.39264,0.30822,376.9,526.1,0.882,0.56818,0.48936,545.5,835.3,0.964
1086,29.993,960,1707,0.69264,0.21074,664.9,359.7,0.963,0.69664,0.20813,668.8,355.3,0.967,0.69739,0.20811,669.5,355.2,0.964,0.69786,0.20857,669.9,356.0,0.97,0.69594,0.20758,668.1,354.3,0.98,0.69468,0.20752,666.9,354.2,0.981,0.69393,0.20755,666.2,354.3,0.988,0.69212,0.2122,664.4,362.2,0.967,0.69384,0.20657,666.1,352.6,0.981,0.68761,0.21658,660.1,369.7,0.958,0.68486,0.21644,657.5,369.5,0.966,0.6807,0.23358,653.5,398.7,1.0,0.69553,0.24574,667.7,419.5,1.0,0.68926,0.23857,661.7,407.2,0.499,0.70014,0.29239,672.1,499.1,0.13,0.58821,0.20484,564.7,349.7,0.241,0.65774,0.28494,631.4,486.4,0.123,0.57109,0.19807,548.3,338.1,0.257,0.65066,0.28483,624.6,486.2,0.138,0.57627,0.19687,553.2,336.1,0.249,0.64436,0.27448,618.6,468.5,0.134,0.58249,0.19966,559.2,340.8,0.214,0.64568,0.27313,619.8,466.2,0.127,0.61057,0.30249,586.1,516.4,1.0,0.63334,0.31854,608.0,543.7,1.0,0.52736,0.2366,506.3,403.9,0.901,0.60625,0.38306,582.0,653.9,0.955,0.46469,0.30467,446.1,520.1,0.934,0.60097,0.46776,576.9,798.5,0.984,0.47022,0.32154,451.4,548.9,0.952,0.60812,0.47967,583.8,818.8,0.986,0.39315,0.30755,377.4,525.0,0.889,0.56915,0.48933,546.4,835.3,0.965
1087,30.02,960,1707,0.68858,0.2092,661.0,357.1,0.967,0.69373,0.20648,666.0,352.5,0.97,0.69399,0.20654,666.2,352.6,0.968,0.69402,0.2068,666.3,353.0,0.973,0.69579,0.20749,668.0,354.2,0.982,0.69626,0.20805,668.4,355.1,0.982,0.69693,0.20865,669.1,356.2,0.989,0.69056,0.21002,662.9,358.5,0.97,0.69951,0.21077,671.5,359.8,0.983,0.68411,0.21419,656.7,365.6,0.962,0.68442,0.21497,657.0,367.0,0.97,0.66857,0.22458,641.8,383.4,1.0,0.71051,0.25245,682.1,430.9,1.0,0.60934,0.21019,585.0,358.8,0.541,0.71722,0.30013,688.5,512.3,0.13,0.55789,0.1899,535.6,324.2,0.265,0.67549,0.29688,648.5,506.8,0.112,0.54353,0.18579,521.8,317.1,0.283,0.66833,0.29834,641.6,509.3,0.126,0.55151,0.18568,529.5,317.0,0.273,0.65809,0.29292,631.8,500.0,0.122,0.55678,0.1881,534.5,321.1,0.232,0.66118,0.28705,634.7,490.0,0.116,0.61203,0.30186,587.6,515.3,1.0,0.63895,0.32285,613.4,551.1,1.0,0.52699,0.2367,505.9,404.0,0.907,0.603,0.38468,578.9,656.7,0.958,0.46446,0.30458,445.9,519.9,0.938,0.60089,0.46801,576.9,798.9,0.985,0.46957,0.32123,450.8,548.3,0.956,0.60839,0.48,584.1,819.4,0.987,0.39327,0.30745,377.5,524.8,0.895,0.56645,0.48945,543.8,835.5,0.966
1088,30.048,960,1707,0.69649,0.21119,668.6,360.5,0.97,0.69996,0.2071,672.0,353.5,0.973,0.69769,0.20636,669.8,352.3,0.971,0.69542,0.20575,667.6,351.2,0.975,0.70739,0.20919,679.1,357.1,0.984,0.71031,0.20973,681.9,358.0,0.984,0.71318,0.21001,684.6,358.5,0.99,0.69007,0.20995,662.5,358.4,0.973,0.71754,0.21189,688.8,361.7,0.984,0.68886,0.21508,661.3,367.1,0.965,0.69389,0.21656,666.1,369.7,0.972,0.65585,0.22092,629.6,377.1,1.0,0.7158,0.25768,687.2,439.9,1.0,0.56124,0.20084,538.8,342.8,0.567,0.72047,0.30448,691.7,519.7,0.127,0.54767,0.18691,525.8,319.1,0.262,0.6856,0.30076,658.2,513.4,0.102,0.53804,0.18262,516.5,311.7,0.278,0.68124,0.30194,654.0,515.4,0.114,0.54753,0.18259,525.6,311.7,0.269,0.67148,0.29699,644.6,507.0,0.111,0.55065,0.18505,528.6,315.9,0.228,0.67169,0.29366,644.8,501.3,0.105,0.60976,0.30023,585.4,512.5,1.0,0.64093,0.32473,615.3,554.3,1.0,0.52603,0.23687,505.0,404.3,0.915,0.60097,0.38594,576.9,658.8,0.961,0.46442,0.30459,445.8,519.9,0.943,0.60089,0.46802,576.9,798.9,0.986,0.46959,0.32124,450.8,548.4,0.959,0.60951,0.47994,585.1,819.3,0.988,0.39484,0.30789,379.0,525.6,0.902,0.56638,0.49011,543.7,836.6,0.968
1089,30.075,960,1707,0.70756,0.20812,679.3,355.3,0.973,0.70916,0.20487,680.8,349.7,0.976,0.70971,0.20507,681.3,350.1,0.974,0.70951,0.20429,681.1,348.7,0.978,0.7069,0.20496,678.6,349.9,0.986,0.70576,0.20529,677.5,350.4,0.986,0.7052,0.20563,677.0,351.0,0.991,0.69965,0.20407,671.7,348.4,0.975,0.70563,0.21051,677.4,359.3,0.986,0.70348,0.21298,675.3,363.5,0.968,0.70176,0.2136,673.7,364.6,0.975,0.65416,0.21548,628.0,367.8,1.0,0.71706,0.25639,688.4,437.7,1.0,0.55357,0.20226,531.4,345.3,0.569,0.72231,0.30039,693.4,512.8,0.117,0.5438,0.18811,522.1,321.1,0.261,0.73432,0.26761,704.9,456.8,0.113,0.53112,0.18402,509.9,314.1,0.285,0.74356,0.26557,713.8,453.3,0.136,0.54138,0.18349,519.7,313.2,0.274,0.74558,0.25952,715.8,443.0,0.132,0.54573,0.18577,523.9,317.1,0.232,0.74213,0.25914,712.4,442.4,0.12,0.61053,0.29925,586.1,510.8,1.0,0.64155,0.32464,615.9,554.2,1.0,0.52591,0.23698,504.9,404.5,0.922,0.60043,0.38596,576.4,658.8,0.964,0.4639,0.30462,445.3,520.0,0.947,0.60105,0.46651,577.0,796.3,0.987,0.46846,0.32145,449.7,548.7,0.962,0.6113,0.47845,586.8,816.7,0.989,0.39497,0.30813,379.2,526.0,0.907,0.56604,0.49028,543.4,836.9,0.97
1090,30.103,960,1707,0.70908,0.20737,680.7,354.0,0.975,0.71101,0.20341,682.6,347.2,0.978,0.71198,0.20379,683.5,347.9,0.976,0.71277,0.20379,684.3,347.9,0.98,0.70753,0.20453,679.2,349.1,0.987,0.70511,0.20479,676.9,349.6,0.987,0.70297,0.20504,674.9,350.0,0.992,0.70198,0.20219,673.9,345.1,0.978,0.70151,0.21068,673.4,359.6,0.987,0.70638,0.21259,678.1,362.9,0.971,0.70369,0.21303,675.5,363.6,0.977,0.65448,0.21413,628.3,365.5,1.0,0.71669,0.25317,688.0,432.2,1.0,0.55569,0.21044,533.5,359.2,0.574,0.71648,0.29989,687.8,511.9,0.108,0.5443,0.19311,522.5,329.6,0.258,0.70986,0.28383,681.5,484.5,0.109,0.53294,0.18986,511.6,324.1,0.285,0.7138,0.28648,685.3,489.0,0.134,0.54138,0.18937,519.7,323.3,0.274,0.70946,0.27981,681.1,477.6,0.13,0.54571,0.19108,523.9,326.2,0.23,0.70945,0.27746,681.1,473.6,0.117,0.61127,0.2979,586.8,508.5,1.0,0.64262,0.32317,616.9,551.7,1.0,0.5253,0.23707,504.3,404.7,0.928,0.59952,0.38361,575.5,654.8,0.966,0.463,0.30513,444.5,520.9,0.95,0.60077,0.46623,576.7,795.9,0.987,0.46722,0.32266,448.5,550.8,0.965,0.61147,0.47813,587.0,816.2,0.989,0.39347,0.31037,377.7,529.8,0.912,0.56607,0.49022,543.4,836.8,0.971
1091,30.131,960,1707,0.70638,0.20588,678.1,351.4,0.977,0.69944,0.20177,671.5,344.4,0.98,0.69645,0.20175,668.6,344.4,0.978,0.69132,0.20144,663.7,343.9,0.982,0.70468,0.20365,676.5,347.6,0.988,0.70158,0.20449,673.5,349.1,0.988,0.70456,0.20568,676.4,351.1,0.993,0.68311,0.20269,655.8,346.0,0.98,0.70795,0.21066,679.6,359.6,0.988,0.70467,0.21088,676.5,360.0,0.974,0.69763,0.213,669.7,363.6,0.979,0.64093,0.21515,615.3,367.3,1.0,0.71705,0.25525,688.4,435.7,1.0,0.54693,0.20245,525.1,345.6,0.6,0.72042,0.30783,691.6,525.5,0.108,0.54242,0.19515,520.7,333.1,0.255,0.68346,0.30153,656.1,514.7,0.099,0.53235,0.19111,511.1,326.2,0.278,0.68294,0.30122,655.6,514.2,0.122,0.54251,0.19085,520.8,325.8,0.268,0.66502,0.29851,638.4,509.6,0.118,0.54532,0.19354,523.5,330.4,0.228,0.67679,0.29524,649.7,504.0,0.107,0.60871,0.29618,584.4,505.6,1.0,0.64358,0.32351,617.8,552.2,1.0,0.52159,0.23714,500.7,404.8,0.933,0.59851,0.38376,574.6,655.1,0.968,0.46231,0.30516,443.8,520.9,0.953,0.60058,0.46529,576.6,794.2,0.988,0.46628,0.32286,447.6,551.1,0.967,0.61216,0.47629,587.7,813.0,0.99,0.39594,0.31243,380.1,533.3,0.914,0.56619,0.49019,543.5,836.8,0.972
1092,30.158,960,1707,0.70277,0.20665,674.7,352.8,0.98,0.6983,0.20239,670.4,345.5,0.982,0.69586,0.20233,668.0,345.4,0.98,0.69458,0.19812,666.8,338.2,0.983,0.70262,0.20418,674.5,348.5,0.989,0.70136,0.20514,673.3,350.2,0.989,0.70297,0.20629,674.8,352.1,0.994,0.68347,0.20394,656.1,348.1,0.982,0.70501,0.21142,676.8,360.9,0.99,0.69943,0.21138,671.4,360.8,0.976,0.69834,0.21344,670.4,364.3,0.981,0.64024,0.21543,614.6,367.7,1.0,0.7205,0.25503,691.7,435.3,1.0,0.54431,0.20151,522.5,344.0,0.622,0.72015,0.30526,691.3,521.1,0.114,0.54078,0.19701,519.1,336.3,0.249,0.6736,0.3064,646.7,523.0,0.092,0.53114,0.19307,509.9,329.6,0.27,0.67186,0.3079,645.0,525.6,0.112,0.54023,0.19293,518.6,329.3,0.261,0.6552,0.30349,629.0,518.1,0.109,0.54297,0.19553,521.3,333.8,0.222,0.66024,0.30322,633.8,517.6,0.098,0.60802,0.29536,583.7,504.2,1.0,0.64498,0.32348,619.2,552.2,1.0,0.52012,0.23735,499.3,405.2,0.939,0.59781,0.3837,573.9,655.0,0.971,0.46204,0.30527,443.6,521.1,0.957,0.60016,0.46456,576.2,793.0,0.989,0.465,0.32301,446.4,551.4,0.97,0.61224,0.4754,587.7,811.5,0.991,0.39619,0.31335,380.3,534.9,0.919,0.56621,0.49019,543.6,836.8,0.974
1093,30.186,960,1707,0.69567,0.20732,667.8,353.9,0.981,0.69005,0.20298,662.5,346.5,0.984,0.68701,0.20282,659.5,346.2,0.982,0.68435,0.20005,657.0,341.5,0.985,0.69925,0.20484,671.3,349.7,0.99,0.70018,0.20577,672.2,351.3,0.99,0.70168,0.20685,673.6,353.1,0.994,0.67785,0.20432,650.7,348.8,0.984,0.70817,0.21182,679.8,361.6,0.99,0.69156,0.21203,663.9,361.9,0.978,0.69822,0.21404,670.3,365.4,0.982,0.63946,0.21567,613.9,368.2,1.0,0.71916,0.2547,690.4,434.8,1.0,0.5436,0.20133,521.9,343.7,0.636,0.7192,0.3035,690.4,518.1,0.113,0.54324,0.19796,521.5,337.9,0.239,0.67427,0.30446,647.3,519.7,0.083,0.53461,0.1934,513.2,330.1,0.258,0.67,0.30552,643.2,521.5,0.102,0.54419,0.19338,522.4,330.1,0.249,0.6585,0.30198,632.2,515.5,0.099,0.54705,0.19632,525.2,335.1,0.214,0.6615,0.30054,635.0,513.0,0.089,0.60824,0.29476,583.9,503.2,1.0,0.64748,0.32351,621.6,552.2,1.0,0.51881,0.23739,498.1,405.2,0.941,0.59798,0.38359,574.1,654.8,0.973,0.46207,0.30546,443.6,521.4,0.958,0.59999,0.46418,576.0,792.4,0.99,0.46519,0.32306,446.6,551.5,0.971,0.61223,0.47547,587.7,811.6,0.991,0.3993,0.31494,383.3,537.6,0.915,0.56622,0.49024,543.6,836.8,0.973
1094,30.213,960,1707,0.69386,0.20782,666.1,354.8,0.983,0.68789,0.20348,660.4,347.3,0.985,0.68463,0.20324,657.2,346.9,0.984,0.68167,0.20109,654.4,343.3,0.986,0.69873,0.20533,670.8,350.5,0.991,0.69948,0.20622,671.5,352.0,0.991,0.70415,0.20721,676.0,353.7,0.995,0.6759,0.20448,648.9,349.1,0.985,0.71045,0.21213,682.0,362.1,0.991,0.68934,0.21241,661.8,362.6,0.979,0.69666,0.21443,668.8,366.0,0.983,0.63905,0.21592,613.5,368.6,1.0,0.71878,0.2548,690.0,434.9,1.0,0.54515,0.20274,523.3,346.1,0.642,0.71941,0.30423,690.6,519.3,0.11,0.5441,0.19857,522.3,339.0,0.23,0.66916,0.30679,642.4,523.7,0.076,0.53567,0.19616,514.2,334.8,0.246,0.66502,0.30827,638.4,526.2,0.093,0.5447,0.19608,522.9,334.7,0.238,0.65152,0.30311,625.5,517.4,0.09,0.54788,0.1989,526.0,339.5,0.205,0.65444,0.30322,628.3,517.6,0.082,0.60829,0.29408,584.0,502.0,1.0,0.64829,0.32349,622.4,552.2,1.0,0.51818,0.23743,497.5,405.3,0.943,0.59812,0.38358,574.2,654.8,0.974,0.46193,0.30551,443.5,521.5,0.959,0.59988,0.46413,575.9,792.3,0.99,0.46512,0.32312,446.5,551.6,0.972,0.61217,0.47556,587.7,811.8,0.992,0.39972,0.31494,383.7,537.6,0.913,0.56639,0.49039,543.7,837.1,0.973
1095,30.241,960,1707,0.69146,0.20808,663.8,355.2,0.984,0.68614,0.20382,658.7,347.9,0.986,0.68301,0.20357,655.7,347.5,0.985,0.68012,0.20163,652.9,344.2,0.988,0.69742,0.20559,669.5,350.9,0.992,0.69939,0.20645,671.4,352.4,0.992,0.70418,0.20729,676.0,353.8,0.995,0.67496,0.20474,648.0,349.5,0.987,0.7106,0.21218,682.2,362.2,0.992,0.68725,0.21267,659.8,363.0,0.981,0.69575,0.21461,667.9,366.3,0.985,0.6392,0.21602,613.6,368.7,1.0,0.71961,0.25576,690.8,436.6,1.0,0.54517,0.20357,523.4,347.5,0.654,0.72089,0.30707,692.1,524.2,0.108,0.54437,0.20071,522.6,342.6,0.227,0.66674,0.30688,640.1,523.8,0.069,0.53649,0.19885,515.0,339.4,0.241,0.65878,0.30596,632.4,522.3,0.085,0.54618,0.19973,524.3,340.9,0.234,0.64977,0.30276,623.8,516.8,0.082,0.54929,0.20221,527.3,345.2,0.203,0.65235,0.30327,626.3,517.7,0.075,0.60831,0.29362,584.0,501.2,1.0,0.6491,0.32347,623.1,552.2,1.0,0.51777,0.23746,497.1,405.3,0.946,0.59827,0.38361,574.3,654.8,0.976,0.46184,0.3056,443.4,521.7,0.96,0.59986,0.46419,575.9,792.4,0.991,0.46481,0.32331,446.2,551.9,0.974,0.61218,0.47558,587.7,811.8,0.992,0.39995,0.31494,384.0,537.6,0.911,0.5664,0.49138,543.7,838.8,0.973
1096,30.269,960,1707,0.68393,0.20944,656.6,357.5,0.985,0.68055,0.20495,653.3,349.9,0.987,0.67688,0.20425,649.8,348.6,0.986,0.67461,0.20266,647.6,345.9,0.989,0.69505,0.20619,667.2,352.0,0.993,0.6986,0.20758,670.7,354.3,0.993,0.70206,0.20876,674.0,356.4,0.996,0.67111,0.2049,644.3,349.8,0.988,0.7094,0.2129,681.0,363.4,0.993,0.67871,0.21323,651.6,364.0,0.982,0.68807,0.21524,660.5,367.4,0.985,0.63918,0.21618,613.6,369.0,1.0,0.71875,0.25603,690.0,437.0,1.0,0.54658,0.20453,524.7,349.1,0.667,0.72222,0.30895,693.3,527.4,0.103,0.54359,0.20092,521.8,343.0,0.228,0.67396,0.3056,647.0,521.7,0.063,0.53541,0.19896,514.0,339.6,0.24,0.66242,0.30062,635.9,513.2,0.077,0.54523,0.19971,523.4,340.9,0.234,0.64997,0.29637,624.0,505.9,0.075,0.54831,0.20213,526.4,345.0,0.203,0.65783,0.30016,631.5,512.4,0.068,0.6085,0.29325,584.2,500.6,1.0,0.64987,0.32344,623.9,552.1,1.0,0.51701,0.23748,496.3,405.4,0.945,0.59828,0.38323,574.3,654.2,0.977,0.46137,0.30577,442.9,522.0,0.959,0.59994,0.46398,575.9,792.0,0.991,0.46427,0.3236,445.7,552.4,0.974,0.61219,0.47564,587.7,811.9,0.993,0.39862,0.31513,382.7,537.9,0.904,0.56654,0.49135,543.9,838.7,0.972
1097,30.296,960,1707,0.68153,0.21013,654.3,358.7,0.986,0.67996,0.20573,652.8,351.2,0.988,0.67706,0.20488,650.0,349.7,0.988,0.67422,0.20348,647.3,347.3,0.99,0.69174,0.20731,664.1,353.9,0.993,0.69553,0.20836,667.7,355.7,0.993,0.7016,0.20979,673.5,358.1,0.996,0.67033,0.20498,643.5,349.9,0.989,0.70833,0.21366,680.0,364.7,0.993,0.67677,0.21337,649.7,364.2,0.983,0.6843,0.21566,656.9,368.1,0.986,0.6388,0.21627,613.3,369.2,1.0,0.71953,0.25586,690.7,436.7,1.0,0.54722,0.20556,525.3,350.9,0.676,0.72327,0.30863,694.3,526.8,0.099,0.54361,0.20126,521.9,343.5,0.222,0.67756,0.30418,650.5,519.2,0.057,0.53507,0.19901,513.7,339.7,0.234,0.66897,0.3005,642.2,513.0,0.07,0.54549,0.19956,523.7,340.6,0.228,0.65319,0.29626,627.1,505.7,0.068,0.54864,0.20191,526.7,344.7,0.199,0.65958,0.29962,633.2,511.4,0.062,0.60771,0.29221,583.4,498.8,1.0,0.65063,0.3234,624.6,552.0,1.0,0.51619,0.23749,495.5,405.4,0.944,0.59834,0.38322,574.4,654.1,0.978,0.4611,0.30585,442.7,522.1,0.959,0.59997,0.46396,576.0,792.0,0.991,0.46412,0.3236,445.6,552.4,0.974,0.61205,0.47569,587.6,812.0,0.993,0.39818,0.31502,382.2,537.7,0.897,0.56703,0.49113,544.3,838.4,0.971
1098,30.324,960,1707,0.68111,0.20984,653.9,358.2,0.987,0.68069,0.20549,653.5,350.8,0.99,0.67804,0.20472,650.9,349.5,0.989,0.67547,0.20354,648.4,347.4,0.99,0.69153,0.20726,663.9,353.8,0.994,0.69541,0.20828,667.6,355.5,0.994,0.70053,0.20959,672.5,357.8,0.996,0.67118,0.20502,644.3,350.0,0.99,0.70794,0.21352,679.6,364.5,0.994,0.67598,0.21292,648.9,363.5,0.985,0.68336,0.21536,656.0,367.6,0.987,0.63887,0.21593,613.3,368.6,1.0,0.72005,0.25578,691.2,436.6,1.0,0.54756,0.20559,525.7,350.9,0.692,0.7241,0.30836,695.1,526.4,0.099,0.54429,0.20134,522.5,343.7,0.224,0.67778,0.304,650.7,518.9,0.053,0.53591,0.19862,514.5,339.1,0.234,0.66911,0.30214,642.3,515.8,0.064,0.54588,0.19898,524.0,339.7,0.229,0.65509,0.29668,628.9,506.4,0.062,0.54971,0.20157,527.7,344.1,0.2,0.66046,0.29888,634.0,510.2,0.057,0.60757,0.29231,583.3,499.0,1.0,0.65067,0.32338,624.6,552.0,1.0,0.51574,0.2376,495.1,405.6,0.946,0.59833,0.38353,574.4,654.7,0.979,0.46097,0.30597,442.5,522.3,0.959,0.59997,0.4641,576.0,792.2,0.992,0.46418,0.3236,445.6,552.4,0.975,0.61191,0.47594,587.4,812.4,0.993,0.39859,0.31566,382.6,538.8,0.895,0.5671,0.49112,544.4,838.3,0.971
1099,30.352,960,1707,0.67856,0.20948,651.4,357.6,0.989,0.67965,0.20494,652.5,349.8,0.991,0.67706,0.20424,650.0,348.6,0.99,0.67457,0.20329,647.6,347.0,0.991,0.68946,0.20702,661.9,353.4,0.994,0.69375,0.20811,666.0,355.2,0.994,0.69773,0.20939,669.8,357.4,0.997,0.67117,0.20486,644.3,349.7,0.991,0.70612,0.21336,677.9,364.2,0.994,0.67329,0.21243,646.4,362.6,0.986,0.6809,0.21513,653.7,367.2,0.988,0.63891,0.21572,613.4,368.2,1.0,0.72036,0.25571,691.5,436.5,1.0,0.54802,0.20592,526.1,351.5,0.708,0.72359,0.30845,694.6,526.5,0.103,0.5448,0.20115,523.0,343.4,0.224,0.67433,0.30532,647.4,521.2,0.048,0.53638,0.19783,514.9,337.7,0.232,0.66423,0.30331,637.7,517.8,0.059,0.54614,0.19738,524.3,336.9,0.228,0.65442,0.30059,628.2,513.1,0.057,0.54987,0.20039,527.9,342.1,0.2,0.65828,0.30202,631.9,515.5,0.052,0.60745,0.29241,583.1,499.1,1.0,0.65073,0.32339,624.7,552.0,1.0,0.51492,0.2381,494.3,406.4,0.948,0.5982,0.38369,574.3,655.0,0.98,0.46055,0.30621,442.1,522.7,0.96,0.59997,0.46322,576.0,790.7,0.992,0.46385,0.32363,445.3,552.4,0.976,0.61189,0.47552,587.4,811.7,0.994,0.39859,0.31641,382.6,540.1,0.895,0.56738,0.49081,544.7,837.8,0.971
1100,30.379,960,1707,0.67677,0.20949,649.7,357.6,0.989,0.67917,0.20495,652.0,349.8,0.991,0.6768,0.20426,649.7,348.7,0.991,0.67455,0.20336,647.6,347.1,0.992,0.68789,0.20705,660.4,353.4,0.995,0.69224,0.20812,664.6,355.3,0.995,0.69562,0.2094,667.8,357.5,0.997,0.67155,0.20491,644.7,349.8,0.992,0.70446,0.21339,676.3,364.3,0.995,0.67194,0.21235,645.1,362.5,0.987,0.67911,0.21515,651.9,367.3,0.989,0.64001,0.21533,614.4,367.6,1.0,0.71999,0.25551,691.2,436.2,1.0,0.54993,0.20705,527.9,353.4,0.718,0.72327,0.30791,694.3,525.6,0.103,0.54492,0.20118,523.1,343.4,0.22,0.67272,0.30632,645.8,522.9,0.044,0.53643,0.19784,515.0,337.7,0.226,0.66502,0.30754,638.4,525.0,0.054,0.54654,0.1974,524.7,337.0,0.223,0.65371,0.30222,627.6,515.9,0.052,0.55015,0.20026,528.1,341.8,0.196,0.65682,0.30341,630.5,517.9,0.048,0.60777,0.29248,583.5,499.3,1.0,0.65092,0.32338,624.9,552.0,1.0,0.51471,0.2385,494.1,407.1,0.949,0.59812,0.38368,574.2,654.9,0.981,0.46043,0.30624,442.0,522.7,0.961,0.59997,0.46279,576.0,790.0,0.992,0.46385,0.32362,445.3,552.4,0.977,0.61183,0.47522,587.4,811.2,0.994,0.39776,0.31656,381.8,540.4,0.895,0.56732,0.49089,544.6,837.9,0.971
1101,30.407,960,1707,0.67526,0.2088,648.2,356.4,0.99,0.67822,0.20411,651.1,348.4,0.992,0.67624,0.20346,649.2,347.3,0.991,0.6742,0.2027,647.2,346.0,0.993,0.68591,0.20649,658.5,352.5,0.995,0.68959,0.2076,662.0,354.4,0.995,0.69223,0.20882,664.5,356.5,0.997,0.67176,0.20463,644.9,349.3,0.992,0.70128,0.21281,673.2,363.3,0.995,0.67119,0.21172,644.3,361.4,0.988,0.67805,0.21474,650.9,366.6,0.99,0.64369,0.21504,617.9,367.1,1.0,0.71986,0.25547,691.1,436.1,1.0,0.55673,0.2088,534.5,356.4,0.733,0.72304,0.30758,694.1,525.0,0.105,0.54505,0.20162,523.2,344.2,0.225,0.66996,0.30735,643.2,524.6,0.041,0.53592,0.19806,514.5,338.1,0.23,0.66316,0.30976,636.6,528.8,0.05,0.54644,0.19744,524.6,337.0,0.227,0.65017,0.30506,624.2,520.7,0.048,0.55022,0.20025,528.2,341.8,0.2,0.65417,0.30423,628.0,519.3,0.044,0.60931,0.2924,584.9,499.1,1.0,0.65161,0.32337,625.5,552.0,1.0,0.5144,0.2387,493.8,407.5,0.952,0.59808,0.38368,574.2,654.9,0.982,0.46033,0.30626,441.9,522.8,0.963,0.59997,0.46242,576.0,789.4,0.993,0.46385,0.32362,445.3,552.4,0.979,0.61179,0.47497,587.3,810.8,0.994,0.39779,0.31683,381.9,540.8,0.9,0.56733,0.49092,544.6,838.0,0.972
1102,30.434,960,1707,0.67567,0.20886,648.6,356.5,0.991,0.67829,0.20416,651.2,348.5,0.992,0.67645,0.20351,649.4,347.4,0.992,0.67452,0.20276,647.5,346.1,0.993,0.68552,0.20652,658.1,352.5,0.996,0.68908,0.20761,661.5,354.4,0.996,0.69173,0.20884,664.1,356.5,0.997,0.67225,0.20469,645.4,349.4,0.993,0.70094,0.21285,672.9,363.3,0.996,0.67181,0.21179,644.9,361.5,0.988,0.67841,0.21483,651.3,366.7,0.99,0.64644,0.21503,620.6,367.1,1.0,0.7201,0.25621,691.3,437.3,1.0,0.5658,0.21065,543.2,359.6,0.745,0.72241,0.30776,693.5,525.3,0.106,0.5452,0.20364,523.4,347.6,0.231,0.66648,0.30958,639.8,528.4,0.038,0.53515,0.19936,513.7,340.3,0.234,0.65732,0.30936,631.0,528.1,0.046,0.54586,0.19845,524.0,338.8,0.231,0.64767,0.30629,621.8,522.8,0.045,0.54993,0.20129,527.9,343.6,0.203,0.65217,0.30483,626.1,520.3,0.041,0.61009,0.29231,585.7,499.0,1.0,0.65221,0.32306,626.1,551.5,1.0,0.51445,0.23887,493.9,407.7,0.955,0.598,0.38367,574.1,654.9,0.983,0.46034,0.30626,441.9,522.8,0.965,0.59992,0.46262,575.9,789.7,0.993,0.46405,0.32356,445.5,552.3,0.98,0.61172,0.47506,587.3,810.9,0.995,0.39802,0.31673,382.1,540.7,0.904,0.56733,0.49091,544.6,838.0,0.973
1103,30.462,960,1707,0.67576,0.20845,648.7,355.8,0.991,0.6784,0.20369,651.3,347.7,0.993,0.67652,0.20314,649.5,346.8,0.993,0.67467,0.20252,647.7,345.7,0.994,0.68564,0.20597,658.2,351.6,0.996,0.68945,0.20705,661.9,353.4,0.996,0.692,0.20819,664.3,355.4,0.997,0.67394,0.20445,647.0,349.0,0.994,0.70184,0.21215,673.8,362.1,0.996,0.67225,0.21161,645.4,361.2,0.989,0.67951,0.21451,652.3,366.2,0.99,0.64797,0.21463,622.1,366.4,1.0,0.72112,0.25581,692.3,436.7,1.0,0.56542,0.21105,542.8,360.3,0.736,0.72091,0.30605,692.1,522.4,0.097,0.54496,0.20387,523.2,348.0,0.224,0.66676,0.30916,640.1,527.7,0.035,0.53475,0.19957,513.4,340.7,0.228,0.65709,0.30866,630.8,526.9,0.044,0.54555,0.19869,523.7,339.2,0.226,0.64673,0.30523,620.9,521.0,0.042,0.54958,0.20141,527.6,343.8,0.198,0.64964,0.30397,623.6,518.9,0.039,0.61077,0.29223,586.3,498.8,1.0,0.65244,0.3228,626.3,551.0,1.0,0.51468,0.23909,494.1,408.1,0.955,0.59796,0.38368,574.0,654.9,0.984,0.46035,0.30622,441.9,522.7,0.965,0.59992,0.46268,575.9,789.8,0.993,0.46408,0.32338,445.5,552.0,0.979,0.61173,0.47509,587.3,811.0,0.994,0.39842,0.31646,382.5,540.2,0.902,0.56732,0.49089,544.6,838.0,0.973
1104,30.49,960,1707,0.67663,0.20843,649.6,355.8,0.991,0.67883,0.20363,651.7,347.6,0.993,0.67706,0.20309,650.0,346.7,0.993,0.67519,0.20249,648.2,345.7,0.994,0.68622,0.20586,658.8,351.4,0.996,0.69009,0.20689,662.5,353.2,0.996,0.69251,0.20796,664.8,355.0,0.998,0.67493,0.20439,647.9,348.9,0.994,0.70257,0.21174,674.5,361.4,0.996,0.67348,0.21162,646.5,361.2,0.989,0.68088,0.21444,653.6,366.0,0.99,0.64996,0.21445,624.0,366.1,1.0,0.72268,0.2543,693.8,434.1,1.0,0.57647,0.21303,553.4,363.6,0.75,0.71704,0.30129,688.4,514.3,0.092,0.5452,0.20482,523.4,349.6,0.246,0.66325,0.30899,636.7,527.4,0.033,0.53393,0.20052,512.6,342.3,0.248,0.65607,0.30836,629.8,526.4,0.04,0.54533,0.1995,523.5,340.5,0.245,0.64493,0.30471,619.1,520.1,0.039,0.54969,0.20217,527.7,345.1,0.213,0.64727,0.30378,621.4,518.5,0.036,0.6117,0.29178,587.2,498.1,1.0,0.65256,0.32184,626.5,549.4,1.0,0.51515,0.23909,494.5,408.1,0.957,0.59796,0.38369,574.0,655.0,0.984,0.46035,0.30615,441.9,522.6,0.967,0.59991,0.46289,575.9,790.1,0.993,0.46415,0.3231,445.6,551.5,0.98,0.61173,0.47523,587.3,811.2,0.995,0.39854,0.31622,382.6,539.8,0.905,0.56728,0.49085,544.6,837.9,0.973
1105,30.517,960,1707,0.67688,0.20847,649.8,355.9,0.991,0.67898,0.20363,651.8,347.6,0.993,0.67723,0.20308,650.1,346.7,0.993,0.67537,0.20247,648.4,345.6,0.994,0.68628,0.20587,658.8,351.4,0.996,0.69004,0.20687,662.4,353.1,0.996,0.69255,0.20786,664.8,354.8,0.998,0.6753,0.20432,648.3,348.8,0.994,0.70255,0.21143,674.4,360.9,0.996,0.67362,0.21167,646.7,361.3,0.989,0.6809,0.21448,653.7,366.1,0.99,0.65254,0.21435,626.4,365.9,1.0,0.72322,0.25374,694.3,433.1,1.0,0.57743,0.21391,554.3,365.1,0.76,0.7137,0.29844,685.2,509.4,0.091,0.54706,0.20594,525.2,351.5,0.25,0.65737,0.30809,631.1,525.9,0.03,0.53405,0.20151,512.7,344.0,0.251,0.64946,0.308,623.5,525.8,0.037,0.54537,0.2008,523.6,342.8,0.248,0.63734,0.30409,611.8,519.1,0.036,0.55039,0.20392,528.4,348.1,0.214,0.64238,0.30341,616.7,517.9,0.033,0.61261,0.29094,588.1,496.6,1.0,0.6526,0.32123,626.5,548.3,1.0,0.51535,0.23901,494.7,408.0,0.957,0.59796,0.38369,574.0,655.0,0.984,0.46004,0.30607,441.6,522.5,0.968,0.59993,0.46309,575.9,790.5,0.993,0.46417,0.32309,445.6,551.5,0.981,0.61173,0.47534,587.3,811.4,0.995,0.39855,0.31607,382.6,539.5,0.908,0.56723,0.49094,544.5,838.0,0.972
1106,30.545,960,1707,0.67709,0.2085,650.0,355.9,0.991,0.67926,0.20366,652.1,347.6,0.993,0.67798,0.20311,650.9,346.7,0.993,0.67655,0.20249,649.5,345.7,0.994,0.68633,0.20589,658.9,351.5,0.996,0.6901,0.2069,662.5,353.2,0.996,0.69267,0.20789,665.0,354.9,0.998,0.67762,0.20426,650.5,348.7,0.994,0.70339,0.21148,675.3,361.0,0.996,0.67419,0.2117,647.2,361.4,0.989,0.68098,0.21451,653.7,366.2,0.99,0.65373,0.21416,627.6,365.6,1.0,0.72525,0.25398,696.2,433.5,1.0,0.58107,0.21638,557.8,369.4,0.771,0.71455,0.30127,686.0,514.3,0.09,0.55066,0.20702,528.6,353.4,0.257,0.65941,0.30755,633.0,525.0,0.028,0.53496,0.20163,513.6,344.2,0.256,0.65188,0.30824,625.8,526.2,0.034,0.54746,0.20136,525.6,343.7,0.253,0.63911,0.30402,613.5,519.0,0.033,0.55405,0.2046,531.9,349.2,0.217,0.64412,0.30305,618.4,517.3,0.03,0.61327,0.28993,588.7,494.9,1.0,0.65374,0.31998,627.6,546.2,1.0,0.51613,0.23915,495.5,408.2,0.957,0.59842,0.3824,574.5,652.8,0.984,0.45928,0.3062,440.9,522.7,0.969,0.59993,0.46362,575.9,791.4,0.993,0.46222,0.32457,443.7,554.0,0.982,0.61148,0.47604,587.0,812.6,0.995,0.39644,0.31528,380.6,538.2,0.91,0.56708,0.49093,544.4,838.0,0.972
1107,30.573,960,1707,0.67403,0.20841,647.1,355.8,0.992,0.67773,0.20338,650.6,347.2,0.994,0.67703,0.20275,650.0,346.1,0.993,0.676,0.20206,649.0,344.9,0.994,0.6842,0.20566,656.8,351.1,0.996,0.68815,0.20658,660.6,352.6,0.996,0.69116,0.20738,663.5,354.0,0.998,0.67838,0.20394,651.2,348.1,0.994,0.7029,0.21051,674.8,359.3,0.996,0.67363,0.21156,646.7,361.1,0.989,0.67971,0.2144,652.5,366.0,0.989,0.65704,0.2141,630.8,365.5,1.0,0.72589,0.25352,696.9,432.8,1.0,0.58402,0.2167,560.7,369.9,0.785,0.71467,0.30087,686.1,513.6,0.091,0.55279,0.20742,530.7,354.1,0.277,0.65886,0.3075,632.5,524.9,0.026,0.53584,0.20201,514.4,344.8,0.275,0.65063,0.30813,624.6,526.0,0.031,0.54842,0.20172,526.5,344.3,0.272,0.63891,0.30379,613.4,518.6,0.03,0.55554,0.20496,533.3,349.9,0.231,0.64357,0.30252,617.8,516.4,0.028,0.61383,0.28972,589.3,494.6,1.0,0.65373,0.32007,627.6,546.4,1.0,0.51668,0.23916,496.0,408.2,0.956,0.59938,0.38243,575.4,652.8,0.983,0.45899,0.30636,440.6,522.9,0.97,0.59995,0.4637,575.9,791.5,0.993,0.46135,0.32505,442.9,554.9,0.982,0.61148,0.47636,587.0,813.1,0.995,0.39623,0.31519,380.4,538.0,0.911,0.56558,0.49094,543.0,838.0,0.97
1108,30.6,960,1707,0.67455,0.20869,647.6,356.2,0.992,0.67959,0.20378,652.4,347.9,0.994,0.67939,0.20316,652.2,346.8,0.994,0.67882,0.20247,651.7,345.6,0.995,0.68557,0.20604,658.1,351.7,0.996,0.68946,0.20689,661.9,353.2,0.996,0.69257,0.20762,664.9,354.4,0.998,0.68219,0.20429,654.9,348.7,0.995,0.70439,0.21078,676.2,359.8,0.996,0.67531,0.21182,648.3,361.6,0.989,0.68093,0.2147,653.7,366.5,0.989,0.65956,0.21412,633.2,365.5,1.0,0.7275,0.25372,698.4,433.1,1.0,0.58366,0.21699,560.3,370.4,0.798,0.71584,0.30153,687.2,514.7,0.094,0.55327,0.20872,531.1,356.3,0.286,0.65946,0.30743,633.1,524.8,0.024,0.53606,0.20359,514.6,347.5,0.282,0.6506,0.30797,624.6,525.7,0.029,0.54862,0.2029,526.7,346.4,0.279,0.63891,0.3037,613.4,518.4,0.028,0.55588,0.20612,533.6,351.8,0.236,0.6435,0.30238,617.8,516.2,0.026,0.61502,0.28979,590.4,494.7,1.0,0.65389,0.32014,627.7,546.5,1.0,0.5175,0.23937,496.8,408.6,0.958,0.59981,0.38245,575.8,652.8,0.984,0.45877,0.30642,440.4,523.1,0.971,0.59995,0.46367,576.0,791.5,0.993,0.46089,0.32519,442.5,555.1,0.983,0.61148,0.47634,587.0,813.1,0.995,0.39621,0.31523,380.4,538.1,0.914,0.56461,0.49068,542.0,837.6,0.97
1109,30.628,960,1707,0.67475,0.20964,647.8,357.9,0.992,0.68097,0.2046,653.7,349.3,0.994,0.68115,0.20401,653.9,348.2,0.994,0.68088,0.20337,653.6,347.1,0.995,0.68628,0.2067,658.8,352.8,0.996,0.69016,0.20746,662.5,354.1,0.996,0.69335,0.20811,665.6,355.2,0.998,0.6849,0.20526,657.5,350.4,0.995,0.7058,0.21143,677.6,360.9,0.996,0.67619,0.21294,649.1,363.5,0.989,0.68109,0.21576,653.8,368.3,0.988,0.66206,0.21419,635.6,365.6,1.0,0.72915,0.25443,700.0,434.3,1.0,0.58792,0.21751,564.4,371.3,0.808,0.71611,0.30321,687.5,517.6,0.092,0.55513,0.20921,532.9,357.1,0.299,0.65959,0.30717,633.2,524.3,0.022,0.5364,0.20396,514.9,348.2,0.294,0.65039,0.30786,624.4,525.5,0.027,0.54895,0.20315,527.0,346.8,0.292,0.63774,0.30363,612.2,518.3,0.026,0.5568,0.20639,534.5,352.3,0.246,0.64368,0.30234,617.9,516.1,0.024,0.61515,0.28981,590.5,494.7,1.0,0.65401,0.32042,627.9,547.0,1.0,0.51826,0.23963,497.5,409.0,0.954,0.59995,0.38247,576.0,652.9,0.982,0.4589,0.3063,440.5,522.9,0.971,0.59994,0.46358,575.9,791.3,0.993,0.46097,0.32516,442.5,555.0,0.983,0.61109,0.47622,586.7,812.9,0.994,0.39603,0.31526,380.2,538.1,0.915,0.56464,0.4904,542.1,837.1,0.968
1110,30.655,960,1707,0.68176,0.21184,654.5,361.6,0.991,0.68767,0.20675,660.2,352.9,0.993,0.68757,0.2061,660.1,351.8,0.993,0.68709,0.20541,659.6,350.6,0.994,0.69301,0.20893,665.3,356.6,0.996,0.69652,0.20962,668.7,357.8,0.996,0.69966,0.21019,671.7,358.8,0.997,0.68987,0.207,662.3,353.4,0.994,0.71076,0.21391,682.3,365.1,0.995,0.68152,0.21507,654.3,367.1,0.987,0.68596,0.2179,658.5,372.0,0.986,0.66549,0.21467,638.9,366.4,1.0,0.72993,0.25566,700.7,436.4,1.0,0.59171,0.21807,568.0,372.3,0.814,0.71666,0.30413,688.0,519.1,0.088,0.55534,0.20904,533.1,356.8,0.309,0.66007,0.30694,633.7,523.9,0.02,0.53636,0.2039,514.9,348.1,0.304,0.65108,0.30793,625.0,525.6,0.025,0.54891,0.20302,526.9,346.6,0.301,0.63813,0.30318,612.6,517.5,0.023,0.55671,0.20619,534.4,352.0,0.251,0.64419,0.30224,618.4,515.9,0.022,0.6155,0.28998,590.9,495.0,1.0,0.65401,0.32098,627.8,547.9,1.0,0.51837,0.24,497.6,409.7,0.95,0.59996,0.38278,576.0,653.4,0.979,0.45908,0.30605,440.7,522.4,0.971,0.6007,0.464,576.7,792.0,0.991,0.46122,0.32497,442.8,554.7,0.983,0.61106,0.47628,586.6,813.0,0.994,0.39601,0.31464,380.2,537.1,0.914,0.56451,0.49049,541.9,837.3,0.964
1111,30.683,960,1707,0.68168,0.21172,654.4,361.4,0.991,0.6873,0.20672,659.8,352.9,0.993,0.68727,0.2061,659.8,351.8,0.993,0.68691,0.20542,659.4,350.6,0.995,0.69268,0.20892,665.0,356.6,0.996,0.69612,0.20962,668.3,357.8,0.996,0.6993,0.21017,671.3,358.8,0.997,0.69043,0.20698,662.8,353.3,0.995,0.71025,0.21407,681.8,365.4,0.995,0.68148,0.21494,654.2,366.9,0.987,0.68587,0.21777,658.4,371.7,0.986,0.66771,0.21467,641.0,366.4,1.0,0.73134,0.25564,702.1,436.4,1.0,0.5917,0.21926,568.0,374.3,0.824,0.71729,0.30216,688.6,515.8,0.086,0.55518,0.20921,533.0,357.1,0.325,0.66031,0.30689,633.9,523.9,0.019,0.53607,0.20395,514.6,348.1,0.319,0.65146,0.30792,625.4,525.6,0.023,0.54897,0.20293,527.0,346.4,0.317,0.63848,0.3029,612.9,517.1,0.022,0.55687,0.20607,534.6,351.8,0.262,0.6444,0.30175,618.6,515.1,0.02,0.61595,0.28995,591.3,494.9,1.0,0.65435,0.32102,628.2,548.0,1.0,0.51834,0.24039,497.6,410.3,0.949,0.60009,0.38267,576.1,653.2,0.979,0.45911,0.30612,440.7,522.5,0.97,0.60087,0.46423,576.8,792.4,0.991,0.46183,0.32486,443.4,554.5,0.983,0.61105,0.47658,586.6,813.5,0.994,0.39597,0.31472,380.1,537.2,0.913,0.56372,0.4905,541.2,837.3,0.963
1112,30.711,960,1707,0.68127,0.21165,654.0,361.3,0.991,0.687,0.20666,659.5,352.8,0.993,0.68683,0.20603,659.4,351.7,0.993,0.68646,0.20534,659.0,350.5,0.994,0.69241,0.2089,664.7,356.6,0.996,0.6958,0.20958,668.0,357.7,0.996,0.69886,0.21004,670.9,358.5,0.997,0.69047,0.20697,662.9,353.3,0.994,0.7099,0.21382,681.5,365.0,0.994,0.68127,0.21488,654.0,366.8,0.987,0.68571,0.21765,658.3,371.5,0.985,0.6708,0.21457,644.0,366.3,1.0,0.73308,0.25635,703.8,437.6,1.0,0.59639,0.21932,572.5,374.4,0.831,0.71887,0.30408,690.1,519.1,0.084,0.55545,0.20918,533.2,357.1,0.338,0.65859,0.30865,632.3,526.9,0.017,0.53594,0.20422,514.5,348.6,0.332,0.65079,0.31233,624.8,533.1,0.021,0.54897,0.20288,527.0,346.3,0.329,0.63867,0.30508,613.1,520.8,0.02,0.55702,0.20602,534.7,351.7,0.27,0.64352,0.30476,617.8,520.2,0.019,0.61594,0.28997,591.3,495.0,1.0,0.65452,0.321,628.3,547.9,1.0,0.5186,0.24038,497.9,410.3,0.944,0.60013,0.38268,576.1,653.2,0.976,0.45892,0.30612,440.6,522.6,0.968,0.60091,0.46441,576.9,792.7,0.99,0.46172,0.3248,443.3,554.4,0.983,0.61101,0.47662,586.6,813.6,0.993,0.39598,0.31351,380.1,535.2,0.909,0.5627,0.49038,540.2,837.1,0.959
1113,30.738,960,1707,0.68653,0.21268,659.1,363.0,0.991,0.69266,0.20793,665.0,354.9,0.994,0.69318,0.20734,665.5,353.9,0.993,0.69338,0.20671,665.6,352.8,0.995,0.69663,0.2101,668.8,358.6,0.996,0.69959,0.21071,671.6,359.7,0.996,0.70237,0.21114,674.3,360.4,0.997,0.69769,0.20798,669.8,355.0,0.995,0.71409,0.21567,685.5,368.1,0.994,0.68705,0.21587,659.6,368.5,0.987,0.69015,0.21852,662.5,373.0,0.985,0.67186,0.21469,645.0,366.5,1.0,0.73542,0.25796,706.0,440.3,1.0,0.59502,0.21953,571.2,374.7,0.834,0.71941,0.30571,690.6,521.8,0.083,0.55545,0.20915,533.2,357.0,0.343,0.65696,0.30984,630.7,528.9,0.016,0.53593,0.20453,514.5,349.1,0.337,0.6504,0.31389,624.4,535.8,0.02,0.54892,0.20281,527.0,346.2,0.334,0.63804,0.3066,612.5,523.4,0.019,0.55699,0.20596,534.7,351.6,0.272,0.64288,0.30583,617.2,522.1,0.018,0.61612,0.2901,591.5,495.2,1.0,0.65424,0.32129,628.1,548.4,1.0,0.51864,0.24064,497.9,410.8,0.943,0.60005,0.38303,576.1,653.8,0.974,0.45904,0.30617,440.7,522.6,0.968,0.6009,0.46455,576.9,793.0,0.989,0.46215,0.32478,443.7,554.4,0.983,0.611,0.47663,586.6,813.6,0.993,0.39495,0.3146,379.1,537.0,0.909,0.56259,0.49036,540.1,837.0,0.956
1114,30.766,960,1707,0.6904,0.2141,662.8,365.5,0.99,0.69671,0.20961,668.8,357.8,0.993,0.69729,0.20902,669.4,356.8,0.993,0.6975,0.20841,669.6,355.8,0.994,0.70088,0.21211,672.8,362.1,0.995,0.70373,0.21286,675.6,363.4,0.995,0.70644,0.21345,678.2,364.4,0.997,0.7014,0.20958,673.3,357.7,0.994,0.71815,0.21853,689.4,373.0,0.993,0.69097,0.21727,663.3,370.9,0.986,0.69523,0.22067,667.4,376.7,0.983,0.6716,0.21507,644.7,367.1,1.0,0.73677,0.25941,707.3,442.8,1.0,0.59696,0.21945,573.1,374.6,0.835,0.72004,0.30758,691.2,525.0,0.079,0.55553,0.20914,533.3,357.0,0.34,0.65735,0.31101,631.1,530.9,0.015,0.5359,0.20455,514.5,349.2,0.333,0.64654,0.31319,620.7,534.6,0.018,0.54805,0.20275,526.1,346.1,0.33,0.63811,0.30792,612.6,525.6,0.018,0.55669,0.20594,534.4,351.5,0.267,0.64283,0.30689,617.1,523.9,0.017,0.61612,0.29052,591.5,495.9,1.0,0.6536,0.32191,627.5,549.5,1.0,0.51859,0.24064,497.8,410.8,0.939,0.60015,0.38287,576.1,653.6,0.972,0.45891,0.30613,440.6,522.6,0.966,0.60032,0.46409,576.3,792.2,0.988,0.46211,0.32439,443.6,553.7,0.983,0.61036,0.47635,585.9,813.1,0.993,0.39448,0.31419,378.7,536.3,0.905,0.56222,0.49036,539.7,837.0,0.952
1115,30.793,960,1707,0.69558,0.21385,667.8,365.0,0.99,0.70269,0.20948,674.6,357.6,0.993,0.70349,0.20895,675.3,356.7,0.992,0.70396,0.20842,675.8,355.8,0.994,0.70616,0.2118,677.9,361.5,0.995,0.70835,0.21253,680.0,362.8,0.995,0.71048,0.21312,682.1,363.8,0.997,0.7078,0.20964,679.5,357.9,0.994,0.72214,0.21827,693.3,372.6,0.993,0.69593,0.21707,668.1,370.5,0.985,0.69974,0.22042,671.7,376.3,0.983,0.67557,0.21512,648.5,367.2,1.0,0.73874,0.25913,709.2,442.3,1.0,0.59883,0.21954,574.9,374.8,0.843,0.72011,0.3074,691.3,524.7,0.077,0.55525,0.20854,533.0,356.0,0.358,0.65617,0.31058,629.9,530.2,0.015,0.53572,0.20453,514.3,349.1,0.349,0.64704,0.31497,621.2,537.7,0.018,0.54598,0.20244,524.1,345.6,0.346,0.63793,0.30853,612.4,526.7,0.017,0.55463,0.20531,532.4,350.5,0.278,0.64242,0.30711,616.7,524.2,0.016,0.61612,0.29053,591.5,495.9,1.0,0.65304,0.32211,626.9,549.8,1.0,0.51857,0.24056,497.8,410.6,0.936,0.60024,0.38194,576.2,652.0,0.971,0.45856,0.30596,440.2,522.3,0.965,0.60014,0.4635,576.1,791.2,0.987,0.46207,0.32376,443.6,552.7,0.982,0.60967,0.47628,585.3,813.0,0.992,0.39431,0.31327,378.5,534.7,0.901,0.56243,0.48997,539.9,836.4,0.949
1116,30.821,960,1707,0.70886,0.21697,680.5,370.4,0.989,0.71538,0.213,686.8,363.6,0.992,0.71526,0.2122,686.6,362.2,0.992,0.71293,0.21093,684.4,360.1,0.994,0.72603,0.21737,697.0,371.1,0.995,0.72882,0.21837,699.7,372.8,0.995,0.73122,0.21933,702.0,374.4,0.997,0.71707,0.21163,688.4,361.3,0.994,0.73843,0.22294,708.9,380.6,0.992,0.70424,0.21838,676.1,372.8,0.984,0.71028,0.22231,681.9,379.5,0.982,0.68105,0.21514,653.8,367.2,1.0,0.74187,0.26053,712.2,444.7,1.0,0.60096,0.21951,576.9,374.7,0.85,0.71953,0.30782,690.7,525.4,0.074,0.55519,0.2085,533.0,355.9,0.367,0.65371,0.31137,627.6,531.5,0.014,0.53558,0.20461,514.2,349.3,0.354,0.64716,0.31638,621.3,540.1,0.017,0.5459,0.20217,524.1,345.1,0.351,0.63638,0.30892,610.9,527.3,0.016,0.55458,0.20479,532.4,349.6,0.28,0.64071,0.30769,615.1,525.2,0.015,0.61613,0.29072,591.5,496.3,1.0,0.65281,0.32254,626.7,550.6,1.0,0.51834,0.24053,497.6,410.6,0.935,0.60024,0.38196,576.2,652.0,0.971,0.4583,0.3062,440.0,522.7,0.963,0.59983,0.4629,575.8,790.2,0.987,0.46204,0.32376,443.6,552.7,0.98,0.60967,0.47629,585.3,813.0,0.992,0.39383,0.31351,378.1,535.2,0.894,0.56242,0.48997,539.9,836.4,0.945
1117,30.849,960,1707,0.70601,0.21824,677.8,372.5,0.988,0.71173,0.21472,683.3,366.5,0.991,0.71114,0.21331,682.7,364.1,0.99,0.71055,0.2124,682.1,362.6,0.993,0.71802,0.2179,689.3,371.9,0.994,0.72207,0.22023,693.2,375.9,0.994,0.72677,0.22007,697.7,375.7,0.996,0.71447,0.21324,685.9,364.0,0.992,0.73433,0.22703,705.0,387.5,0.99,0.70358,0.21991,675.4,375.4,0.982,0.70872,0.22432,680.4,382.9,0.979,0.68262,0.21574,655.3,368.3,1.0,0.7416,0.26053,711.9,444.7,1.0,0.60384,0.21945,579.7,374.6,0.853,0.71584,0.30428,687.2,519.4,0.07,0.55515,0.20815,532.9,355.3,0.369,0.64919,0.30969,623.2,528.6,0.013,0.53559,0.20457,514.2,349.2,0.356,0.64067,0.31415,615.0,536.2,0.016,0.54551,0.2015,523.7,344.0,0.352,0.63218,0.30707,606.9,524.2,0.015,0.55414,0.20395,532.0,348.1,0.278,0.63522,0.30467,609.8,520.1,0.015,0.61669,0.29047,592.0,495.8,1.0,0.65244,0.32209,626.3,549.8,1.0,0.51734,0.24144,496.6,412.1,0.933,0.59991,0.38198,575.9,652.0,0.972,0.4572,0.30734,438.9,524.6,0.961,0.59951,0.46265,575.5,789.7,0.986,0.46168,0.32412,443.2,553.3,0.979,0.60965,0.4763,585.3,813.0,0.992,0.3938,0.31398,378.1,536.0,0.886,0.56234,0.48878,539.8,834.3,0.945
1118,30.876,960,1707,0.70564,0.21755,677.4,371.4,0.986,0.71105,0.21381,682.6,365.0,0.989,0.70937,0.21263,681.0,363.0,0.989,0.70814,0.21181,679.8,361.6,0.992,0.71437,0.21692,685.8,370.3,0.993,0.71651,0.21936,687.9,374.5,0.993,0.72452,0.21883,695.5,373.5,0.995,0.71157,0.21273,683.1,363.1,0.992,0.73131,0.22613,702.1,386.0,0.989,0.70118,0.21948,673.1,374.7,0.979,0.70688,0.22358,678.6,381.6,0.975,0.68066,0.21586,653.4,368.5,1.0,0.74121,0.26037,711.6,444.4,1.0,0.60198,0.21941,577.9,374.5,0.855,0.71527,0.30394,686.7,518.8,0.068,0.55491,0.20796,532.7,355.0,0.365,0.65036,0.30961,624.3,528.5,0.013,0.53475,0.20455,513.4,349.2,0.351,0.64184,0.31393,616.2,535.9,0.015,0.54464,0.20124,522.9,343.5,0.347,0.63244,0.30548,607.1,521.5,0.014,0.55338,0.20352,531.2,347.4,0.272,0.63623,0.30456,610.8,519.9,0.014,0.61736,0.2898,592.7,494.7,1.0,0.65199,0.32107,625.9,548.1,1.0,0.51648,0.24182,495.8,412.8,0.93,0.59978,0.38224,575.8,652.5,0.972,0.45597,0.30853,437.7,526.7,0.958,0.59956,0.46267,575.6,789.8,0.986,0.45998,0.32472,441.6,554.3,0.978,0.61016,0.47668,585.8,813.7,0.992,0.39359,0.31449,377.8,536.8,0.876,0.56189,0.48872,539.4,834.2,0.943
1119,30.904,960,1707,0.70311,0.21778,675.0,371.8,0.985,0.70834,0.21387,680.0,365.1,0.989,0.70754,0.21293,679.2,363.5,0.988,0.70692,0.21217,678.6,362.2,0.991,0.71219,0.21679,683.7,370.1,0.993,0.7147,0.21854,686.1,373.0,0.993,0.7219,0.21862,693.0,373.2,0.995,0.71018,0.21306,681.8,363.7,0.991,0.72913,0.22512,700.0,384.3,0.988,0.70072,0.21998,672.7,375.5,0.978,0.70512,0.22366,676.9,381.8,0.974,0.68434,0.21599,657.0,368.7,1.0,0.74203,0.26038,712.4,444.5,1.0,0.60669,0.21913,582.4,374.1,0.854,0.71483,0.30298,686.2,517.2,0.064,0.55491,0.20792,532.7,354.9,0.357,0.64976,0.30955,623.8,528.4,0.012,0.53475,0.20483,513.4,349.6,0.343,0.64057,0.31374,614.9,535.5,0.014,0.54379,0.20128,522.0,343.6,0.338,0.63169,0.3057,606.4,521.8,0.014,0.55254,0.20344,530.4,347.3,0.263,0.63511,0.30452,609.7,519.8,0.013,0.61879,0.28926,594.0,493.8,1.0,0.65188,0.32076,625.8,547.5,1.0,0.51631,0.24222,495.7,413.5,0.928,0.59983,0.38226,575.8,652.5,0.973,0.45594,0.30859,437.7,526.8,0.956,0.59991,0.46287,575.9,790.1,0.986,0.46001,0.32477,441.6,554.4,0.977,0.61016,0.47745,585.8,815.0,0.992,0.39364,0.31646,377.9,540.2,0.869,0.56081,0.48876,538.4,834.3,0.942
1120,30.932,960,1707,0.6955,0.21614,667.7,368.9,0.985,0.70192,0.21226,673.8,362.3,0.988,0.70238,0.21157,674.3,361.1,0.988,0.70269,0.21092,674.6,360.0,0.991,0.70324,0.21427,675.1,365.8,0.992,0.70489,0.21498,676.7,367.0,0.992,0.70927,0.21509,680.9,367.2,0.995,0.70989,0.21205,681.5,362.0,0.991,0.72894,0.22292,699.8,380.5,0.987,0.69642,0.21836,668.6,372.7,0.977,0.69864,0.22141,670.7,377.9,0.972,0.6859,0.21593,658.5,368.6,1.0,0.74343,0.25907,713.7,442.2,1.0,0.60688,0.21909,582.6,374.0,0.826,0.7083,0.29747,680.0,507.8,0.058,0.5551,0.20791,532.9,354.9,0.345,0.64682,0.30684,620.9,523.8,0.011,0.53476,0.20484,513.4,349.7,0.334,0.63988,0.31038,614.3,529.8,0.014,0.54404,0.20107,522.3,343.2,0.329,0.62907,0.30321,603.9,517.6,0.013,0.55317,0.20318,531.0,346.8,0.254,0.6302,0.30137,605.0,514.4,0.013,0.61871,0.28858,594.0,492.6,1.0,0.6508,0.32073,624.8,547.5,1.0,0.51656,0.24221,495.9,413.4,0.894,0.60011,0.38244,576.1,652.8,0.966,0.45556,0.30851,437.3,526.6,0.928,0.5996,0.46334,575.6,790.9,0.98,0.46008,0.32483,441.7,554.5,0.964,0.60711,0.47843,582.8,816.7,0.99,0.39289,0.3164,377.2,540.1,0.828,0.56083,0.48824,538.4,833.4,0.928
1121,30.959,960,1707,0.69351,0.21438,665.8,366.0,0.985,0.70188,0.21108,673.8,360.3,0.989,0.7023,0.21032,674.2,359.0,0.988,0.7024,0.20973,674.3,358.0,0.991,0.70212,0.21237,674.0,362.5,0.992,0.70354,0.21269,675.4,363.1,0.992,0.70723,0.21322,678.9,364.0,0.995,0.70915,0.21119,680.8,360.5,0.991,0.72513,0.21875,696.1,373.4,0.988,0.69589,0.21649,668.1,369.5,0.977,0.69706,0.21913,669.2,374.0,0.972,0.68905,0.21583,661.5,368.4,1.0,0.74293,0.25567,713.2,436.4,1.0,0.61063,0.21907,586.2,374.0,0.824,0.69669,0.29561,668.8,504.6,0.055,0.55593,0.20791,533.7,354.9,0.335,0.63465,0.29962,609.3,511.4,0.011,0.53501,0.20483,513.6,349.6,0.326,0.62407,0.30147,599.1,514.6,0.014,0.54509,0.20088,523.3,342.9,0.321,0.61658,0.29516,591.9,503.8,0.013,0.55444,0.20297,532.3,346.5,0.245,0.61977,0.29346,595.0,500.9,0.013,0.61948,0.28742,594.7,490.6,1.0,0.65022,0.31966,624.2,545.7,1.0,0.5167,0.24216,496.0,413.4,0.881,0.60053,0.38245,576.5,652.8,0.965,0.4556,0.30845,437.4,526.5,0.92,0.59951,0.46296,575.5,790.3,0.979,0.46057,0.3249,442.1,554.6,0.961,0.60711,0.47799,582.8,815.9,0.99,0.39259,0.31618,376.9,539.7,0.814,0.56004,0.48828,537.6,833.5,0.926
1122,30.987,960,1707,0.69132,0.21372,663.7,364.8,0.986,0.69864,0.21004,670.7,358.5,0.989,0.69964,0.20949,671.7,357.6,0.988,0.69999,0.20899,672.0,356.8,0.992,0.69946,0.21152,671.5,361.1,0.993,0.70086,0.21168,672.8,361.3,0.992,0.70726,0.21272,679.0,363.1,0.995,0.70862,0.21072,680.3,359.7,0.991,0.72508,0.21794,696.1,372.0,0.988,0.69493,0.21576,667.1,368.3,0.978,0.6964,0.21838,668.5,372.8,0.973,0.6874,0.21583,659.9,368.4,1.0,0.74645,0.25721,716.6,439.1,1.0,0.60914,0.21908,584.8,374.0,0.827,0.69822,0.29679,670.3,506.6,0.054,0.55554,0.20779,533.3,354.7,0.333,0.63822,0.30104,612.7,513.9,0.011,0.5351,0.20453,513.7,349.1,0.324,0.62844,0.30325,603.3,517.6,0.013,0.54477,0.20081,523.0,342.8,0.319,0.61996,0.29685,595.2,506.7,0.013,0.55356,0.20292,531.4,346.4,0.243,0.6233,0.29513,598.4,503.8,0.012,0.6182,0.28751,593.5,490.8,1.0,0.65002,0.31979,624.0,545.9,1.0,0.51671,0.24129,496.0,411.9,0.884,0.60046,0.38246,576.4,652.9,0.966,0.45553,0.30874,437.3,527.0,0.922,0.59922,0.46297,575.2,790.3,0.979,0.46037,0.32539,442.0,555.4,0.962,0.60672,0.47805,582.4,816.0,0.99,0.39303,0.31591,377.3,539.3,0.815,0.56008,0.48688,537.7,831.1,0.925
1123,31.014,960,1707,0.68701,0.21379,659.5,364.9,0.984,0.69249,0.20998,664.8,358.4,0.988,0.69363,0.20936,665.9,357.4,0.987,0.69343,0.20884,665.7,356.5,0.991,0.69415,0.21131,666.4,360.7,0.992,0.69608,0.21142,668.2,360.9,0.992,0.69863,0.21182,670.7,361.6,0.995,0.70191,0.21015,673.8,358.7,0.991,0.72235,0.21759,693.5,371.4,0.987,0.69126,0.21577,663.6,368.3,0.975,0.69243,0.21827,664.7,372.6,0.969,0.68648,0.21583,659.0,368.4,1.0,0.74834,0.25737,718.4,439.3,1.0,0.60897,0.21906,584.6,373.9,0.825,0.70655,0.29749,678.3,507.8,0.052,0.55511,0.2074,532.9,354.0,0.32,0.64228,0.3029,616.6,517.0,0.01,0.53547,0.20428,514.1,348.7,0.311,0.63172,0.30539,606.5,521.3,0.013,0.54479,0.20079,523.0,342.8,0.307,0.62319,0.29873,598.3,509.9,0.012,0.55339,0.20291,531.3,346.4,0.232,0.62656,0.29643,601.5,506.0,0.012,0.61687,0.28761,592.2,490.9,1.0,0.64999,0.31983,624.0,546.0,1.0,0.51615,0.24123,495.5,411.8,0.878,0.60041,0.3828,576.4,653.4,0.967,0.45573,0.30869,437.5,526.9,0.92,0.59926,0.46261,575.3,789.7,0.979,0.46074,0.32515,442.3,555.0,0.961,0.60687,0.47768,582.6,815.4,0.99,0.39401,0.31635,378.3,540.0,0.804,0.56011,0.48668,537.7,830.8,0.923
1124,31.042,960,1707,0.68517,0.21365,657.8,364.7,0.984,0.6906,0.20972,663.0,358.0,0.988,0.69095,0.20913,663.3,357.0,0.987,0.69,0.20853,662.4,356.0,0.991,0.69238,0.21106,664.7,360.3,0.992,0.6943,0.21117,666.5,360.5,0.991,0.69569,0.21128,667.9,360.7,0.995,0.698,0.20982,670.1,358.2,0.99,0.72029,0.2172,691.5,370.8,0.986,0.68897,0.21579,661.4,368.3,0.974,0.6903,0.2182,662.7,372.5,0.967,0.68592,0.21588,658.5,368.5,1.0,0.74816,0.25635,718.2,437.6,1.0,0.60808,0.21899,583.8,373.8,0.828,0.70977,0.29506,681.4,503.7,0.051,0.55468,0.20686,532.5,353.1,0.317,0.6428,0.30317,617.1,517.5,0.01,0.53558,0.20388,514.2,348.0,0.308,0.63281,0.30572,607.5,521.9,0.012,0.54469,0.20073,522.9,342.6,0.304,0.62329,0.29915,598.4,510.7,0.011,0.55257,0.20273,530.5,346.1,0.228,0.6267,0.29702,601.6,507.0,0.011,0.61567,0.28758,591.0,490.9,1.0,0.64925,0.31988,623.3,546.0,1.0,0.51573,0.24094,495.1,411.3,0.87,0.60016,0.38278,576.2,653.4,0.968,0.45575,0.30865,437.5,526.9,0.917,0.5993,0.46262,575.3,789.7,0.979,0.46077,0.3251,442.3,554.9,0.96,0.6069,0.47767,582.6,815.4,0.99,0.39411,0.31657,378.3,540.4,0.793,0.56003,0.48678,537.6,830.9,0.922
1125,31.07,960,1707,0.6844,0.21298,657.0,363.6,0.984,0.69003,0.20891,662.4,356.6,0.988,0.68983,0.20825,662.2,355.5,0.987,0.68905,0.20771,661.5,354.6,0.991,0.69148,0.21015,663.8,358.7,0.992,0.69291,0.21009,665.2,358.6,0.991,0.69423,0.21011,666.5,358.7,0.995,0.69698,0.20918,669.1,357.1,0.99,0.71863,0.21636,689.9,369.3,0.987,0.68865,0.21543,661.1,367.7,0.974,0.68964,0.2175,662.1,371.3,0.967,0.68521,0.21604,657.8,368.8,1.0,0.74814,0.25539,718.2,435.9,1.0,0.60753,0.21898,583.2,373.8,0.83,0.7099,0.29478,681.5,503.2,0.051,0.55429,0.20655,532.1,352.6,0.311,0.64319,0.30299,617.5,517.2,0.01,0.53564,0.20339,514.2,347.2,0.303,0.63309,0.30544,607.8,521.4,0.012,0.54457,0.20049,522.8,342.2,0.298,0.62406,0.29897,599.1,510.3,0.011,0.55195,0.20243,529.9,345.5,0.224,0.62753,0.29696,602.4,506.9,0.011,0.61549,0.28763,590.9,491.0,1.0,0.64843,0.32,622.5,546.2,1.0,0.51529,0.24084,494.7,411.1,0.869,0.60016,0.38313,576.2,654.0,0.969,0.45582,0.30843,437.6,526.5,0.916,0.59942,0.46258,575.4,789.6,0.979,0.46087,0.32502,442.4,554.8,0.959,0.60793,0.47734,583.6,814.8,0.99,0.39406,0.31629,378.3,539.9,0.787,0.55973,0.48724,537.3,831.7,0.923
1126,31.097,960,1707,0.6822,0.21216,654.9,362.2,0.984,0.68723,0.20768,659.7,354.5,0.988,0.68725,0.20719,659.8,353.7,0.988,0.68667,0.20675,659.2,352.9,0.991,0.68885,0.20885,661.3,356.5,0.992,0.6901,0.20879,662.5,356.4,0.992,0.69083,0.20864,663.2,356.1,0.995,0.69484,0.20829,667.0,355.5,0.991,0.71538,0.21481,686.8,366.7,0.987,0.68552,0.21476,658.1,366.6,0.975,0.68727,0.21655,659.8,369.6,0.967,0.68481,0.21605,657.4,368.8,1.0,0.74788,0.25406,718.0,433.7,1.0,0.60852,0.21896,584.2,373.8,0.835,0.71212,0.29322,683.6,500.5,0.05,0.55407,0.20591,531.9,351.5,0.309,0.64345,0.30205,617.7,515.6,0.009,0.53565,0.20266,514.2,345.9,0.302,0.63364,0.30445,608.3,519.7,0.012,0.54426,0.19959,522.5,340.7,0.297,0.6243,0.29805,599.3,508.8,0.011,0.55158,0.20154,529.5,344.0,0.222,0.62778,0.29621,602.7,505.6,0.011,0.61542,0.28771,590.8,491.1,1.0,0.64776,0.3202,621.9,546.6,1.0,0.51525,0.24083,494.6,411.1,0.868,0.60022,0.38353,576.2,654.7,0.97,0.45584,0.30819,437.6,526.1,0.916,0.59944,0.46258,575.5,789.6,0.98,0.46089,0.32488,442.5,554.6,0.958,0.60794,0.47719,583.6,814.6,0.99,0.3931,0.31571,377.4,538.9,0.786,0.5598,0.48727,537.4,831.8,0.923
1127,31.125,960,1707,0.68116,0.21205,653.9,362.0,0.985,0.68546,0.2074,658.0,354.0,0.989,0.68566,0.20696,658.2,353.3,0.988,0.68525,0.20654,657.8,352.6,0.991,0.68726,0.20862,659.8,356.1,0.992,0.6886,0.20859,661.1,356.1,0.992,0.68939,0.20841,661.8,355.7,0.995,0.69438,0.20817,666.6,355.3,0.991,0.71423,0.21467,685.7,366.4,0.987,0.68431,0.21469,656.9,366.5,0.976,0.68667,0.21653,659.2,369.6,0.968,0.68508,0.21607,657.7,368.8,1.0,0.74759,0.25514,717.7,435.5,1.0,0.60874,0.21867,584.4,373.3,0.842,0.7133,0.29391,684.8,501.7,0.051,0.55406,0.20568,531.9,351.1,0.31,0.6487,0.30343,622.7,518.0,0.009,0.53576,0.20227,514.3,345.3,0.303,0.63876,0.30603,613.2,522.4,0.011,0.54421,0.19934,522.4,340.3,0.298,0.63083,0.29952,605.6,511.3,0.01,0.55141,0.20127,529.4,343.6,0.222,0.63443,0.29741,609.1,507.7,0.01,0.61483,0.28773,590.2,491.2,1.0,0.64728,0.32041,621.4,546.9,1.0,0.51458,0.24082,494.0,411.1,0.87,0.60023,0.38413,576.2,655.7,0.97,0.45585,0.30775,437.6,525.3,0.918,0.59949,0.46261,575.5,789.7,0.98,0.46091,0.32456,442.5,554.0,0.959,0.60802,0.477,583.7,814.2,0.99,0.39307,0.3157,377.3,538.9,0.788,0.55965,0.48803,537.3,833.1,0.923
1128,31.152,960,1707,0.68036,0.21199,653.1,361.9,0.985,0.68423,0.2073,656.9,353.9,0.989,0.68472,0.20688,657.3,353.2,0.988,0.68456,0.20646,657.2,352.4,0.991,0.68619,0.20861,658.7,356.1,0.992,0.68778,0.20862,660.3,356.1,0.992,0.68985,0.20859,662.3,356.1,0.995,0.69483,0.20818,667.0,355.4,0.991,0.71454,0.21479,686.0,366.6,0.987,0.68402,0.21465,656.7,366.4,0.976,0.68701,0.21659,659.5,369.7,0.968,0.68593,0.21607,658.5,368.8,1.0,0.74753,0.25778,717.6,440.0,1.0,0.60933,0.21844,585.0,372.9,0.846,0.71476,0.29539,686.2,504.2,0.049,0.55406,0.20551,531.9,350.8,0.31,0.65016,0.30509,624.2,520.8,0.008,0.5358,0.20202,514.4,344.9,0.302,0.641,0.30753,615.4,524.9,0.01,0.54412,0.19914,522.4,339.9,0.297,0.63236,0.3007,607.1,513.3,0.009,0.55124,0.20102,529.2,343.1,0.22,0.6356,0.29838,610.2,509.3,0.01,0.61346,0.28776,588.9,491.2,1.0,0.64673,0.32067,620.9,547.4,1.0,0.51372,0.24078,493.2,411.0,0.869,0.60023,0.3846,576.2,656.5,0.969,0.45587,0.30763,437.6,525.1,0.917,0.59948,0.46294,575.5,790.2,0.979,0.46088,0.32451,442.4,553.9,0.959,0.60753,0.47699,583.2,814.2,0.99,0.3933,0.31602,377.6,539.4,0.787,0.55977,0.48884,537.4,834.4,0.921
1129,31.18,960,1707,0.67895,0.21202,651.8,361.9,0.984,0.68286,0.20735,655.5,353.9,0.989,0.68406,0.20691,656.7,353.2,0.988,0.68409,0.20648,656.7,352.5,0.991,0.6852,0.20868,657.8,356.2,0.992,0.6869,0.20871,659.4,356.3,0.992,0.69149,0.20877,663.8,356.4,0.995,0.69514,0.20821,667.3,355.4,0.991,0.71406,0.21492,685.5,366.9,0.987,0.68358,0.21466,656.2,366.4,0.975,0.687,0.21664,659.5,369.8,0.966,0.6866,0.21611,659.1,368.9,1.0,0.74739,0.25915,717.5,442.4,1.0,0.61069,0.21843,586.3,372.9,0.849,0.7145,0.29609,685.9,505.4,0.047,0.55396,0.20548,531.8,350.8,0.311,0.64988,0.30515,623.9,520.9,0.008,0.53572,0.20197,514.3,344.8,0.303,0.64013,0.30753,614.5,525.0,0.01,0.54359,0.19903,521.8,339.7,0.297,0.63129,0.30071,606.0,513.3,0.009,0.5509,0.20093,528.9,343.0,0.219,0.63481,0.2984,609.4,509.4,0.009,0.61275,0.28799,588.2,491.6,1.0,0.64602,0.32074,620.2,547.5,1.0,0.51303,0.24082,492.5,411.1,0.861,0.59982,0.38473,575.8,656.7,0.968,0.45583,0.30762,437.6,525.1,0.912,0.59984,0.46303,575.8,790.4,0.977,0.4606,0.32456,442.2,554.0,0.957,0.60847,0.47698,584.1,814.2,0.99,0.39412,0.31712,378.4,541.3,0.776,0.56018,0.48877,537.8,834.3,0.916
1130,31.208,960,1707,0.67907,0.21143,651.9,360.9,0.984,0.68319,0.20668,655.9,352.8,0.989,0.68395,0.2063,656.6,352.2,0.988,0.68374,0.20593,656.4,351.5,0.991,0.68544,0.20795,658.0,355.0,0.992,0.68698,0.20784,659.5,354.8,0.991,0.68937,0.20757,661.8,354.3,0.995,0.69368,0.20773,665.9,354.6,0.991,0.71322,0.21478,684.7,366.6,0.986,0.68308,0.21422,655.8,365.7,0.975,0.68641,0.21601,659.0,368.7,0.966,0.68516,0.21611,657.7,368.9,1.0,0.74732,0.25845,717.4,441.2,1.0,0.61035,0.21843,585.9,372.9,0.847,0.71714,0.2948,688.5,503.2,0.045,0.55307,0.2054,530.9,350.6,0.302,0.65505,0.30258,628.8,516.5,0.007,0.53525,0.20178,513.8,344.4,0.295,0.64448,0.30395,618.7,518.8,0.009,0.54334,0.19869,521.6,339.2,0.289,0.63561,0.29766,610.2,508.1,0.008,0.55059,0.2007,528.6,342.6,0.212,0.63933,0.29592,613.8,505.1,0.008,0.61243,0.28783,587.9,491.3,1.0,0.64539,0.3207,619.6,547.4,1.0,0.51274,0.24082,492.2,411.1,0.849,0.59982,0.38452,575.8,656.4,0.962,0.45583,0.30767,437.6,525.2,0.905,0.59986,0.463,575.9,790.3,0.975,0.4612,0.32471,442.8,554.3,0.955,0.60852,0.47688,584.2,814.0,0.989,0.39462,0.3198,378.8,545.9,0.766,0.56019,0.4886,537.8,834.0,0.91
1131,31.235,960,1707,0.67935,0.21133,652.2,360.7,0.984,0.68368,0.20662,656.3,352.7,0.989,0.68429,0.20625,656.9,352.1,0.988,0.68401,0.20588,656.7,351.4,0.991,0.68587,0.20792,658.4,354.9,0.992,0.68736,0.20781,659.9,354.7,0.992,0.68906,0.20752,661.5,354.2,0.995,0.69351,0.20771,665.8,354.6,0.991,0.71281,0.21485,684.3,366.7,0.987,0.68296,0.21414,655.6,365.5,0.975,0.68627,0.21591,658.8,368.6,0.966,0.68384,0.21611,656.5,368.9,1.0,0.74681,0.25882,716.9,441.8,1.0,0.61031,0.21841,585.9,372.8,0.846,0.71723,0.2973,688.5,507.5,0.044,0.55304,0.2054,530.9,350.6,0.294,0.65534,0.30266,629.1,516.6,0.007,0.53526,0.20178,513.9,344.4,0.288,0.64515,0.30428,619.3,519.4,0.008,0.54334,0.19869,521.6,339.2,0.282,0.63634,0.29795,610.9,508.6,0.008,0.55062,0.20072,528.6,342.6,0.206,0.63997,0.29621,614.4,505.6,0.008,0.61226,0.2876,587.8,490.9,1.0,0.64525,0.3205,619.4,547.1,1.0,0.51228,0.24086,491.8,411.1,0.849,0.59967,0.38427,575.7,655.9,0.962,0.45584,0.30775,437.6,525.3,0.904,0.60006,0.46299,576.1,790.3,0.975,0.46154,0.32481,443.1,554.5,0.955,0.60864,0.47689,584.3,814.1,0.989,0.39469,0.32049,378.9,547.1,0.766,0.56014,0.48831,537.7,833.5,0.91
1132,31.263,960,1707,0.67763,0.21136,650.5,360.8,0.985,0.68188,0.20666,654.6,352.8,0.989,0.68321,0.20622,655.9,352.0,0.988,0.68301,0.20586,655.7,351.4,0.992,0.68383,0.20787,656.5,354.8,0.992,0.68557,0.20779,658.2,354.7,0.992,0.68653,0.20747,659.1,354.2,0.995,0.69292,0.20765,665.2,354.5,0.991,0.71082,0.21488,682.4,366.8,0.987,0.68205,0.21412,654.8,365.5,0.975,0.68514,0.21578,657.7,368.3,0.966,0.68354,0.21613,656.2,368.9,1.0,0.74677,0.25885,716.9,441.8,1.0,0.6101,0.21837,585.7,372.8,0.847,0.7172,0.29972,688.5,511.6,0.043,0.5532,0.20541,531.1,350.6,0.289,0.65503,0.30481,628.8,520.3,0.007,0.53539,0.20179,514.0,344.5,0.283,0.64466,0.30668,618.9,523.5,0.008,0.54355,0.19873,521.8,339.2,0.278,0.63618,0.30048,610.7,512.9,0.007,0.55098,0.20074,528.9,342.7,0.202,0.63973,0.2988,614.1,510.1,0.008,0.61188,0.28768,587.4,491.1,1.0,0.64508,0.32047,619.3,547.0,1.0,0.51203,0.24087,491.5,411.2,0.846,0.59945,0.38403,575.5,655.5,0.962,0.45568,0.3076,437.4,525.1,0.903,0.60022,0.46298,576.2,790.3,0.975,0.46178,0.32469,443.3,554.2,0.954,0.60912,0.47687,584.8,814.0,0.989,0.39473,0.32035,378.9,546.8,0.762,0.56015,0.48712,537.7,831.5,0.909
1133,31.291,960,1707,0.67418,0.21138,647.2,360.8,0.985,0.67843,0.20668,651.3,352.8,0.99,0.67942,0.20624,652.2,352.1,0.989,0.67939,0.20581,652.2,351.3,0.992,0.68041,0.20781,653.2,354.7,0.992,0.68208,0.20769,654.8,354.5,0.992,0.68319,0.20737,655.9,354.0,0.995,0.68914,0.2073,661.6,353.9,0.992,0.70785,0.21438,679.5,365.9,0.987,0.67948,0.21411,652.3,365.5,0.975,0.68206,0.21565,654.8,368.1,0.965,0.68285,0.21613,655.5,368.9,1.0,0.74675,0.25881,716.9,441.8,1.0,0.60993,0.2182,585.5,372.5,0.853,0.71906,0.29994,690.3,512.0,0.044,0.55329,0.20539,531.2,350.6,0.292,0.65733,0.30597,631.0,522.3,0.006,0.53541,0.20176,514.0,344.4,0.286,0.64655,0.3078,620.7,525.4,0.008,0.54366,0.19874,521.9,339.3,0.281,0.63757,0.30132,612.1,514.4,0.007,0.55124,0.20076,529.2,342.7,0.203,0.64149,0.29966,615.8,511.5,0.007,0.60971,0.28792,585.3,491.5,1.0,0.64445,0.32067,618.7,547.4,1.0,0.51083,0.24069,490.4,410.9,0.844,0.59859,0.38404,574.6,655.6,0.961,0.45555,0.30737,437.3,524.7,0.902,0.60041,0.46351,576.4,791.2,0.975,0.4621,0.32435,443.6,553.7,0.953,0.60924,0.4774,584.9,814.9,0.989,0.39488,0.32036,379.1,546.9,0.758,0.56007,0.48662,537.7,830.7,0.907
1134,31.318,960,1707,0.67441,0.21152,647.4,361.1,0.985,0.67875,0.2068,651.6,353.0,0.99,0.68007,0.20627,652.9,352.1,0.989,0.68008,0.20585,652.9,351.4,0.992,0.68089,0.20784,653.7,354.8,0.992,0.68265,0.20772,655.3,354.6,0.992,0.68405,0.20747,656.7,354.2,0.995,0.68922,0.2073,661.7,353.9,0.992,0.70845,0.21468,680.1,366.5,0.987,0.67969,0.21413,652.5,365.5,0.975,0.68252,0.21567,655.2,368.1,0.965,0.68281,0.21607,655.5,368.8,1.0,0.74671,0.25908,716.8,442.2,1.0,0.60977,0.2182,585.4,372.5,0.852,0.72122,0.2999,692.4,511.9,0.042,0.5533,0.20554,531.2,350.9,0.289,0.66302,0.30579,636.5,522.0,0.006,0.53558,0.20177,514.2,344.4,0.283,0.65261,0.30739,626.5,524.7,0.007,0.54394,0.19882,522.2,339.4,0.278,0.64314,0.30097,617.4,513.8,0.006,0.55134,0.20093,529.3,343.0,0.2,0.64692,0.29933,621.0,511.0,0.007,0.609,0.28792,584.6,491.5,1.0,0.6445,0.3206,618.7,547.3,1.0,0.51002,0.24061,489.6,410.7,0.832,0.59849,0.3834,574.5,654.5,0.957,0.45509,0.30799,436.9,525.7,0.895,0.60021,0.46329,576.2,790.8,0.972,0.46207,0.32468,443.6,554.2,0.951,0.60898,0.47725,584.6,814.7,0.988,0.39484,0.32038,379.0,546.9,0.748,0.56088,0.48632,538.4,830.2,0.9
1135,31.346,960,1707,0.67488,0.21181,647.9,361.6,0.985,0.68018,0.20719,653.0,353.7,0.99,0.68114,0.20671,653.9,352.8,0.989,0.68128,0.20627,654.0,352.1,0.992,0.68193,0.20834,654.7,355.6,0.992,0.68355,0.20819,656.2,355.4,0.992,0.68425,0.20781,656.9,354.7,0.995,0.69023,0.20757,662.6,354.3,0.992,0.70869,0.21503,680.3,367.1,0.986,0.67995,0.21457,652.8,366.3,0.975,0.6828,0.21624,655.5,369.1,0.963,0.68243,0.21606,655.1,368.8,1.0,0.74552,0.25877,715.7,441.7,1.0,0.60965,0.21822,585.3,372.5,0.85,0.72268,0.29799,693.8,508.7,0.04,0.55331,0.20567,531.2,351.1,0.282,0.6626,0.3053,636.1,521.2,0.005,0.5357,0.20186,514.3,344.6,0.276,0.65204,0.30707,626.0,524.2,0.007,0.54394,0.19893,522.2,339.6,0.271,0.64309,0.30064,617.4,513.2,0.006,0.55135,0.20118,529.3,343.4,0.195,0.6468,0.29901,620.9,510.4,0.006,0.60821,0.28797,583.9,491.6,1.0,0.64411,0.32054,618.3,547.2,1.0,0.5098,0.24059,489.4,410.7,0.821,0.59822,0.38331,574.3,654.3,0.956,0.45499,0.30883,436.8,527.2,0.89,0.60025,0.46329,576.2,790.8,0.971,0.46202,0.32573,443.5,556.0,0.949,0.60916,0.47723,584.8,814.6,0.988,0.39507,0.32025,379.3,546.7,0.738,0.56098,0.48601,538.5,829.6,0.898
1136,31.373,960,1707,0.6761,0.21195,649.1,361.8,0.985,0.68329,0.20742,656.0,354.1,0.99,0.68294,0.20684,655.6,353.1,0.988,0.6831,0.20639,655.8,352.3,0.992,0.68367,0.20858,656.3,356.0,0.992,0.685,0.20837,657.6,355.7,0.992,0.68634,0.20811,658.9,355.2,0.995,0.69225,0.20766,664.6,354.5,0.991,0.7094,0.21545,681.0,367.8,0.986,0.68157,0.21483,654.3,366.7,0.975,0.6832,0.21641,655.9,369.4,0.963,0.68243,0.21605,655.1,368.8,1.0,0.74471,0.25826,714.9,440.9,1.0,0.60976,0.21836,585.4,372.7,0.849,0.72108,0.29738,692.2,507.6,0.039,0.55325,0.20576,531.1,351.2,0.278,0.65607,0.30511,629.8,520.8,0.005,0.53569,0.20188,514.3,344.6,0.274,0.64436,0.30705,618.6,524.1,0.006,0.54379,0.19893,522.0,339.6,0.269,0.6357,0.30064,610.3,513.2,0.006,0.55126,0.20121,529.2,343.5,0.192,0.63954,0.29901,614.0,510.4,0.006,0.60762,0.28811,583.3,491.8,1.0,0.64355,0.32052,617.8,547.1,1.0,0.50966,0.24058,489.3,410.7,0.816,0.59762,0.38337,573.7,654.4,0.955,0.45496,0.30935,436.8,528.1,0.886,0.60027,0.4633,576.3,790.9,0.971,0.46198,0.32622,443.5,556.9,0.947,0.6093,0.47681,584.9,813.9,0.988,0.3952,0.31967,379.4,545.7,0.731,0.56096,0.48596,538.5,829.5,0.896
1137,31.401,960,1707,0.67638,0.21251,649.3,362.8,0.985,0.68326,0.20779,655.9,354.7,0.99,0.68307,0.20708,655.7,353.5,0.989,0.68321,0.2066,655.9,352.7,0.992,0.6837,0.20903,656.4,356.8,0.992,0.68506,0.20891,657.7,356.6,0.992,0.6867,0.20862,659.2,356.1,0.995,0.69212,0.20771,664.4,354.6,0.992,0.70959,0.21587,681.2,368.5,0.986,0.68118,0.21512,653.9,367.2,0.975,0.68334,0.21684,656.0,370.2,0.963,0.68225,0.21606,655.0,368.8,1.0,0.74259,0.25746,712.9,439.5,1.0,0.60973,0.21844,585.3,372.9,0.854,0.71915,0.2956,690.4,504.6,0.038,0.55267,0.20576,530.6,351.2,0.289,0.6532,0.30256,627.1,516.5,0.005,0.53548,0.20187,514.1,344.6,0.283,0.64152,0.30438,615.9,519.6,0.006,0.54371,0.19886,522.0,339.5,0.279,0.63342,0.29813,608.1,508.9,0.006,0.55119,0.20116,529.1,343.4,0.199,0.63723,0.29663,611.7,506.3,0.006,0.60654,0.28812,582.3,491.8,1.0,0.64265,0.32058,616.9,547.2,1.0,0.50925,0.24058,488.9,410.7,0.808,0.59736,0.38351,573.5,654.6,0.954,0.45496,0.30929,436.8,528.0,0.88,0.60025,0.46362,576.2,791.4,0.97,0.46181,0.32625,443.3,556.9,0.944,0.60928,0.47681,584.9,813.9,0.987,0.39535,0.31959,379.5,545.5,0.722,0.56106,0.48616,538.6,829.9,0.894
1138,31.429,960,1707,0.67656,0.21255,649.5,362.8,0.985,0.68329,0.2078,656.0,354.7,0.99,0.68318,0.2071,655.9,353.5,0.989,0.68327,0.20661,655.9,352.7,0.992,0.68393,0.20913,656.6,357.0,0.992,0.68542,0.20907,658.0,356.9,0.992,0.68676,0.20881,659.3,356.4,0.995,0.69164,0.20772,664.0,354.6,0.992,0.70745,0.21469,679.2,366.5,0.986,0.68074,0.21515,653.5,367.3,0.975,0.68336,0.21695,656.0,370.3,0.963,0.68169,0.21606,654.4,368.8,1.0,0.74111,0.25691,711.5,438.5,1.0,0.60729,0.21857,583.0,373.1,0.858,0.70768,0.29591,679.4,505.1,0.038,0.55181,0.20585,529.7,351.4,0.3,0.64832,0.30135,622.4,514.4,0.005,0.53491,0.2019,513.5,344.7,0.294,0.63804,0.30305,612.5,517.3,0.006,0.5436,0.19886,521.9,339.5,0.289,0.62975,0.29663,604.6,506.3,0.006,0.55108,0.20116,529.0,343.4,0.207,0.63318,0.2951,607.9,503.7,0.006,0.60518,0.28808,581.0,491.8,1.0,0.64118,0.32062,615.5,547.3,1.0,0.50817,0.24055,487.8,410.6,0.808,0.5966,0.38353,572.7,654.7,0.956,0.45497,0.30916,436.8,527.7,0.881,0.60024,0.46369,576.2,791.5,0.971,0.4618,0.3262,443.3,556.8,0.944,0.60964,0.47681,585.3,813.9,0.988,0.39576,0.3195,379.9,545.4,0.72,0.56102,0.48703,538.6,831.4,0.895
1139,31.456,960,1707,0.67257,0.21255,645.7,362.8,0.986,0.67796,0.2078,650.8,354.7,0.99,0.67825,0.20711,651.1,353.5,0.989,0.67783,0.20661,650.7,352.7,0.992,0.68006,0.20911,652.9,357.0,0.992,0.68226,0.20907,655.0,356.9,0.992,0.68385,0.20882,656.5,356.5,0.995,0.68724,0.20761,659.7,354.4,0.992,0.70485,0.21487,676.7,366.8,0.986,0.67664,0.21515,649.6,367.3,0.976,0.67833,0.21687,651.2,370.2,0.964,0.68112,0.21606,653.9,368.8,1.0,0.7394,0.2569,709.8,438.5,1.0,0.60609,0.21862,581.8,373.2,0.863,0.70909,0.29578,680.7,504.9,0.037,0.55114,0.20594,529.1,351.5,0.314,0.6456,0.30146,619.8,514.6,0.005,0.53421,0.20195,512.8,344.7,0.308,0.63456,0.30299,609.2,517.2,0.006,0.54326,0.19888,521.5,339.5,0.303,0.62579,0.29657,600.8,506.2,0.005,0.55075,0.20117,528.7,343.4,0.217,0.62964,0.29512,604.5,503.8,0.006,0.60519,0.28794,581.0,491.5,1.0,0.64085,0.32069,615.2,547.4,1.0,0.50822,0.24052,487.9,410.6,0.81,0.5963,0.38368,572.4,654.9,0.957,0.45497,0.30895,436.8,527.4,0.882,0.60042,0.4644,576.4,792.7,0.972,0.46191,0.32618,443.4,556.8,0.945,0.60973,0.47693,585.3,814.1,0.988,0.39624,0.32003,380.4,546.3,0.725,0.56088,0.48667,538.4,830.7,0.898
1140,31.484,960,1707,0.66893,0.21254,642.2,362.8,0.986,0.67454,0.2078,647.6,354.7,0.99,0.67467,0.20711,647.7,353.5,0.99,0.67469,0.20661,647.7,352.7,0.993,0.67706,0.2091,650.0,356.9,0.992,0.6793,0.20907,652.1,356.9,0.992,0.68143,0.20883,654.2,356.5,0.995,0.6844,0.20753,657.0,354.2,0.992,0.70251,0.21489,674.4,366.8,0.986,0.67384,0.21515,646.9,367.3,0.977,0.6753,0.21684,648.3,370.1,0.964,0.68078,0.21602,653.5,368.8,1.0,0.73799,0.2569,708.5,438.5,1.0,0.6047,0.21862,580.5,373.2,0.868,0.70934,0.2958,681.0,504.9,0.036,0.55083,0.206,528.8,351.6,0.326,0.64448,0.30188,618.7,515.3,0.005,0.53412,0.20195,512.8,344.7,0.32,0.63378,0.3035,608.4,518.1,0.005,0.54325,0.19889,521.5,339.5,0.316,0.62468,0.29683,599.7,506.7,0.005,0.5507,0.20118,528.7,343.4,0.226,0.62843,0.29533,603.3,504.1,0.005,0.60504,0.28784,580.8,491.3,1.0,0.64072,0.32076,615.1,547.5,1.0,0.50798,0.24045,487.7,410.4,0.815,0.59606,0.3837,572.2,655.0,0.959,0.45493,0.30893,436.7,527.3,0.885,0.60072,0.46476,576.7,793.3,0.973,0.46187,0.3262,443.4,556.8,0.946,0.61028,0.47725,585.9,814.7,0.988,0.39648,0.32002,380.6,546.3,0.732,0.56067,0.48655,538.2,830.5,0.901
1141,31.512,960,1707,0.66956,0.21254,642.8,362.8,0.986,0.67478,0.20778,647.8,354.7,0.99,0.67506,0.2071,648.1,353.5,0.99,0.67528,0.20656,648.3,352.6,0.993,0.67748,0.20909,650.4,356.9,0.992,0.67981,0.20907,652.6,356.9,0.992,0.68188,0.20884,654.6,356.5,0.995,0.68399,0.2074,656.6,354.0,0.993,0.70286,0.21493,674.7,366.9,0.987,0.6739,0.21514,646.9,367.3,0.977,0.67612,0.21684,649.1,370.1,0.965,0.6801,0.21602,652.9,368.8,1.0,0.73635,0.25668,706.9,438.1,1.0,0.60469,0.21861,580.5,373.2,0.872,0.7078,0.29586,679.5,505.0,0.037,0.5508,0.2061,528.8,351.8,0.334,0.64077,0.30303,615.1,517.3,0.004,0.53413,0.20199,512.8,344.8,0.328,0.62892,0.30482,603.8,520.3,0.005,0.54326,0.19902,521.5,339.7,0.324,0.6199,0.2982,595.1,509.0,0.005,0.5507,0.20134,528.7,343.7,0.231,0.62418,0.29662,599.2,506.3,0.005,0.60451,0.28778,580.3,491.2,1.0,0.64035,0.32075,614.7,547.5,1.0,0.50742,0.24046,487.1,410.5,0.817,0.59591,0.38366,572.1,654.9,0.959,0.45484,0.30912,436.6,527.7,0.886,0.60086,0.46503,576.8,793.8,0.973,0.46187,0.32654,443.4,557.4,0.946,0.61029,0.47769,585.9,815.4,0.989,0.39662,0.32008,380.8,546.4,0.735,0.56067,0.4865,538.2,830.5,0.903
1142,31.539,960,1707,0.66798,0.21255,641.3,362.8,0.987,0.67335,0.20779,646.4,354.7,0.991,0.67333,0.20711,646.4,353.5,0.99,0.67344,0.20656,646.5,352.6,0.993,0.6765,0.20911,649.4,356.9,0.993,0.67884,0.20911,651.7,357.0,0.992,0.68126,0.20892,654.0,356.6,0.995,0.68293,0.20737,655.6,354.0,0.993,0.7021,0.21512,674.0,367.2,0.987,0.67305,0.21516,646.1,367.3,0.978,0.675,0.21685,648.0,370.2,0.967,0.67983,0.21604,652.6,368.8,1.0,0.73609,0.25682,706.6,438.4,1.0,0.60473,0.21844,580.5,372.9,0.875,0.70861,0.29724,680.3,507.4,0.037,0.55064,0.20607,528.6,351.8,0.338,0.64131,0.30671,615.7,523.5,0.004,0.53404,0.20198,512.7,344.8,0.333,0.62891,0.30841,603.8,526.4,0.005,0.54312,0.19904,521.4,339.8,0.329,0.61985,0.30228,595.1,516.0,0.005,0.55056,0.20135,528.5,343.7,0.235,0.62435,0.30076,599.4,513.4,0.005,0.60407,0.28812,579.9,491.8,1.0,0.63999,0.32092,614.4,547.8,1.0,0.50733,0.24049,487.0,410.5,0.819,0.59544,0.38358,571.6,654.8,0.958,0.4547,0.30946,436.5,528.3,0.887,0.60088,0.46505,576.8,793.8,0.973,0.46187,0.32697,443.4,558.1,0.948,0.61029,0.47784,585.9,815.7,0.989,0.39666,0.3204,380.8,546.9,0.742,0.56071,0.48655,538.3,830.5,0.904
1143,31.567,960,1707,0.66603,0.21236,639.4,362.5,0.988,0.6717,0.20747,644.8,354.2,0.992,0.67222,0.20684,645.3,353.1,0.991,0.67249,0.20632,645.6,352.2,0.994,0.67467,0.20873,647.7,356.3,0.993,0.67697,0.20871,649.9,356.3,0.993,0.67906,0.20845,651.9,355.8,0.996,0.68231,0.207,655.0,353.4,0.993,0.70118,0.21505,673.1,367.1,0.988,0.67097,0.21494,644.1,366.9,0.979,0.67246,0.21639,645.6,369.4,0.969,0.67979,0.21602,652.6,368.8,1.0,0.73592,0.25732,706.5,439.2,1.0,0.60496,0.21832,580.8,372.7,0.879,0.71019,0.29896,681.8,510.3,0.04,0.5504,0.20608,528.4,351.8,0.342,0.64209,0.3071,616.4,524.2,0.004,0.53335,0.20204,512.0,344.9,0.338,0.63001,0.30856,604.8,526.7,0.005,0.54208,0.19918,520.4,340.0,0.334,0.62098,0.30234,596.1,516.1,0.005,0.54971,0.2015,527.7,344.0,0.238,0.62537,0.3009,600.4,513.6,0.005,0.60404,0.28824,579.9,492.0,1.0,0.63981,0.32093,614.2,547.8,1.0,0.50736,0.24055,487.1,410.6,0.829,0.59512,0.38358,571.3,654.8,0.959,0.45417,0.31001,436.0,529.2,0.893,0.60101,0.46557,577.0,794.7,0.974,0.4619,0.32761,443.4,559.2,0.951,0.61126,0.47846,586.8,816.7,0.989,0.39585,0.32118,380.0,548.3,0.756,0.56069,0.48709,538.3,831.5,0.908
1144,31.594,960,1707,0.6654,0.2122,638.8,362.2,0.989,0.67095,0.20721,644.1,353.7,0.992,0.67166,0.20663,644.8,352.7,0.991,0.67196,0.20613,645.1,351.9,0.994,0.6739,0.20836,646.9,355.7,0.994,0.67613,0.20826,649.1,355.5,0.993,0.67804,0.20792,650.9,354.9,0.996,0.68193,0.20682,654.7,353.0,0.994,0.7004,0.21503,672.4,367.1,0.989,0.6705,0.21479,643.7,366.6,0.98,0.67166,0.21603,644.8,368.8,0.97,0.67979,0.216,652.6,368.7,1.0,0.73608,0.25805,706.6,440.5,1.0,0.60524,0.21804,581.0,372.2,0.883,0.71158,0.30088,683.1,513.6,0.041,0.55021,0.20608,528.2,351.8,0.345,0.64396,0.3075,618.2,524.9,0.004,0.53296,0.2021,511.6,345.0,0.341,0.63182,0.30873,606.5,527.0,0.005,0.54142,0.19934,519.8,340.3,0.337,0.62273,0.30237,597.8,516.1,0.004,0.54915,0.20167,527.2,344.3,0.24,0.62732,0.30102,602.2,513.8,0.005,0.60388,0.28826,579.7,492.1,1.0,0.63961,0.32094,614.0,547.8,1.0,0.50704,0.24055,486.8,410.6,0.834,0.59496,0.38348,571.2,654.6,0.96,0.45341,0.31032,435.3,529.7,0.897,0.60122,0.46555,577.2,794.7,0.975,0.46187,0.32794,443.4,559.8,0.953,0.61191,0.47856,587.4,816.9,0.989,0.39516,0.32126,379.4,548.4,0.765,0.56058,0.48792,538.2,832.9,0.911
1145,31.622,960,1707,0.66607,0.2122,639.4,362.2,0.989,0.6716,0.20721,644.7,353.7,0.993,0.67217,0.20662,645.3,352.7,0.992,0.67252,0.20604,645.6,351.7,0.994,0.67449,0.20831,647.5,355.6,0.994,0.67669,0.20817,649.6,355.3,0.994,0.67862,0.20786,651.5,354.8,0.996,0.68217,0.20679,654.9,353.0,0.994,0.70076,0.21545,672.7,367.8,0.99,0.67084,0.2148,644.0,366.7,0.982,0.67232,0.21602,645.4,368.8,0.972,0.6797,0.21607,652.5,368.8,1.0,0.73582,0.25933,706.4,442.7,1.0,0.6055,0.21768,581.3,371.6,0.886,0.71171,0.30252,683.2,516.4,0.041,0.54999,0.20606,528.0,351.7,0.352,0.64411,0.30809,618.3,525.9,0.004,0.53253,0.2021,511.2,345.0,0.348,0.63195,0.30916,606.7,527.7,0.005,0.54064,0.19936,519.0,340.3,0.344,0.62271,0.30287,597.8,517.0,0.004,0.5483,0.20169,526.4,344.3,0.245,0.62734,0.30154,602.2,514.7,0.005,0.60392,0.28824,579.8,492.0,1.0,0.63936,0.32093,613.8,547.8,1.0,0.5069,0.24059,486.6,410.7,0.837,0.59478,0.38344,571.0,654.5,0.96,0.45267,0.31065,434.6,530.3,0.898,0.60139,0.46554,577.3,794.7,0.975,0.46177,0.32817,443.3,560.2,0.954,0.6125,0.47855,588.0,816.9,0.989,0.39287,0.32151,377.2,548.8,0.772,0.5603,0.48822,537.9,833.4,0.913
1146,31.65,960,1707,0.6704,0.2117,643.6,361.4,0.99,0.6753,0.20665,648.3,352.7,0.993,0.67573,0.20613,648.7,351.9,0.992,0.67568,0.20565,648.7,351.0,0.995,0.67654,0.20791,649.5,354.9,0.995,0.67887,0.20792,651.7,354.9,0.994,0.68004,0.20762,652.8,354.4,0.996,0.68364,0.20671,656.3,352.9,0.994,0.70123,0.21543,673.2,367.7,0.99,0.67332,0.21456,646.4,366.3,0.983,0.67387,0.21571,646.9,368.2,0.973,0.67927,0.21632,652.1,369.3,1.0,0.73533,0.25846,705.9,441.2,1.0,0.60681,0.21752,582.5,371.3,0.887,0.71179,0.30215,683.3,515.8,0.042,0.55,0.20606,528.0,351.7,0.348,0.64336,0.30803,617.6,525.8,0.004,0.53254,0.2021,511.2,345.0,0.345,0.63064,0.30928,605.4,527.9,0.005,0.5406,0.19936,519.0,340.3,0.341,0.62186,0.30307,597.0,517.3,0.005,0.54819,0.20171,526.3,344.3,0.243,0.62669,0.30169,601.6,515.0,0.005,0.60399,0.28828,579.8,492.1,1.0,0.6389,0.3208,613.3,547.6,1.0,0.50687,0.24072,486.6,410.9,0.84,0.59449,0.38331,570.7,654.3,0.96,0.45233,0.31151,434.2,531.8,0.898,0.60159,0.46537,577.5,794.4,0.975,0.46173,0.32867,443.3,561.0,0.955,0.61296,0.47837,588.4,816.6,0.99,0.39053,0.3216,374.9,549.0,0.776,0.56008,0.48858,537.7,834.0,0.914
1147,31.677,960,1707,0.67665,0.21076,649.6,359.8,0.99,0.68089,0.20602,653.7,351.7,0.993,0.68109,0.20555,653.8,350.9,0.992,0.68059,0.20514,653.4,350.2,0.994,0.68288,0.20738,655.6,354.0,0.994,0.68365,0.20738,656.3,354.0,0.994,0.6837,0.2071,656.4,353.5,0.996,0.68692,0.20659,659.4,352.6,0.994,0.70117,0.21379,673.1,364.9,0.99,0.67954,0.21351,652.4,364.5,0.983,0.68203,0.21518,654.8,367.3,0.973,0.67792,0.21647,650.8,369.5,1.0,0.73523,0.25683,705.8,438.4,1.0,0.60697,0.21738,582.7,371.1,0.887,0.71116,0.30171,682.7,515.0,0.041,0.55006,0.20607,528.1,351.8,0.337,0.64084,0.30813,615.2,526.0,0.004,0.53255,0.20212,511.3,345.0,0.336,0.62667,0.31024,601.6,529.6,0.005,0.5406,0.19938,519.0,340.3,0.332,0.61871,0.30437,594.0,519.6,0.005,0.54819,0.20176,526.3,344.4,0.235,0.62399,0.30273,599.0,516.8,0.005,0.60385,0.2886,579.7,492.6,1.0,0.63863,0.32078,613.1,547.6,1.0,0.5069,0.2406,486.6,410.7,0.835,0.59428,0.38322,570.5,654.2,0.958,0.45216,0.31155,434.1,531.8,0.892,0.60165,0.46532,577.6,794.3,0.974,0.46172,0.32869,443.3,561.1,0.951,0.61301,0.47835,588.5,816.5,0.989,0.3902,0.32199,374.6,549.6,0.768,0.56016,0.48868,537.8,834.2,0.914
1148,31.705,960,1707,0.68565,0.20583,658.2,351.3,0.99,0.68924,0.20248,661.7,345.6,0.993,0.68887,0.20252,661.3,345.7,0.992,0.68775,0.20263,660.2,345.9,0.995,0.69062,0.20329,663.0,347.0,0.995,0.68988,0.20355,662.3,347.5,0.994,0.68851,0.20375,661.0,347.8,0.996,0.69256,0.20566,664.9,351.1,0.994,0.69888,0.20863,670.9,356.1,0.99,0.68903,0.21038,661.5,359.1,0.983,0.68562,0.2106,658.2,359.5,0.974,0.67749,0.21766,650.4,371.6,1.0,0.73225,0.24914,703.0,425.3,1.0,0.60685,0.21739,582.6,371.1,0.874,0.69228,0.28974,664.6,494.6,0.038,0.55081,0.20608,528.8,351.8,0.328,0.6412,0.30288,615.6,517.0,0.005,0.53282,0.20211,511.5,345.0,0.329,0.63251,0.3085,607.2,526.6,0.007,0.54138,0.19947,519.7,340.5,0.326,0.62455,0.30281,599.6,516.9,0.007,0.54879,0.20186,526.8,344.6,0.231,0.6259,0.30034,600.9,512.7,0.007,0.60466,0.28914,580.5,493.6,1.0,0.63155,0.31809,606.3,543.0,1.0,0.50909,0.24134,488.7,412.0,0.829,0.59412,0.38235,570.4,652.7,0.96,0.45234,0.3112,434.2,531.2,0.877,0.60161,0.46433,577.5,792.6,0.974,0.46225,0.32866,443.8,561.0,0.941,0.61277,0.47754,588.3,815.2,0.989,0.39043,0.32224,374.8,550.1,0.742,0.56102,0.48866,538.6,834.1,0.913
1149,31.732,960,1707,0.68371,0.20625,656.4,352.1,0.989,0.6875,0.20275,660.0,346.1,0.992,0.6873,0.20284,659.8,346.3,0.992,0.68648,0.20295,659.0,346.4,0.994,0.68915,0.20359,661.6,347.5,0.994,0.68905,0.20376,661.5,347.8,0.994,0.68877,0.20424,661.2,348.6,0.996,0.69227,0.20619,664.6,352.0,0.994,0.70393,0.21001,675.8,358.5,0.99,0.68742,0.21077,659.9,359.8,0.982,0.68733,0.21209,659.8,362.0,0.973,0.67602,0.21763,649.0,371.5,1.0,0.7339,0.25154,704.5,429.4,1.0,0.60361,0.21688,579.5,370.2,0.873,0.69552,0.29194,667.7,498.3,0.04,0.55041,0.20607,528.4,351.8,0.315,0.64159,0.30546,615.9,521.4,0.005,0.53254,0.20219,511.2,345.1,0.316,0.63272,0.31032,607.4,529.7,0.007,0.54122,0.19964,519.6,340.8,0.313,0.62525,0.30434,600.2,519.5,0.006,0.54866,0.20205,526.7,344.9,0.222,0.62746,0.30188,602.4,515.3,0.007,0.60392,0.28925,579.8,493.8,1.0,0.63173,0.31901,606.5,544.5,1.0,0.50928,0.24086,488.9,411.1,0.832,0.59417,0.38238,570.4,652.7,0.961,0.4524,0.31124,434.3,531.3,0.881,0.60188,0.46428,577.8,792.5,0.975,0.46195,0.32865,443.5,561.0,0.941,0.61305,0.47718,588.5,814.5,0.989,0.39089,0.3217,375.2,549.1,0.745,0.56103,0.4887,538.6,834.2,0.914
1150,31.76,960,1707,0.68352,0.20895,656.2,356.7,0.99,0.68727,0.20489,659.8,349.7,0.993,0.68721,0.20465,659.7,349.3,0.992,0.68628,0.20439,658.8,348.9,0.995,0.68873,0.20629,661.2,352.1,0.995,0.68898,0.20635,661.4,352.2,0.994,0.68867,0.20642,661.1,352.4,0.996,0.69207,0.2069,664.4,353.2,0.994,0.70497,0.21324,676.8,364.0,0.991,0.68579,0.21272,658.4,363.1,0.983,0.68696,0.21466,659.5,366.4,0.975,0.676,0.21761,649.0,371.5,1.0,0.73432,0.25284,704.9,431.6,1.0,0.60364,0.21665,579.5,369.8,0.876,0.70585,0.29257,677.6,499.4,0.041,0.55046,0.206,528.4,351.6,0.318,0.64202,0.3056,616.3,521.7,0.005,0.53265,0.2022,511.3,345.2,0.318,0.63273,0.3102,607.4,529.5,0.007,0.54135,0.19981,519.7,341.1,0.314,0.62519,0.30421,600.2,519.3,0.006,0.54878,0.20226,526.8,345.3,0.223,0.62749,0.3019,602.4,515.3,0.007,0.60395,0.28932,579.8,493.9,1.0,0.63226,0.32021,607.0,546.6,1.0,0.51002,0.24063,489.6,410.8,0.838,0.5942,0.38247,570.4,652.9,0.963,0.4523,0.31122,434.2,531.3,0.885,0.60192,0.46427,577.8,792.5,0.976,0.46123,0.32831,442.8,560.4,0.943,0.61305,0.47665,588.5,813.6,0.989,0.3909,0.32142,375.3,548.7,0.751,0.56164,0.48876,539.2,834.3,0.918
1151,31.788,960,1707,0.68234,0.20908,655.0,356.9,0.99,0.68627,0.20495,658.8,349.9,0.993,0.68628,0.20469,658.8,349.4,0.992,0.68555,0.20442,658.1,348.9,0.995,0.68796,0.20634,660.4,352.2,0.995,0.6885,0.20641,661.0,352.3,0.994,0.68855,0.20646,661.0,352.4,0.996,0.69178,0.20688,664.1,353.1,0.994,0.70598,0.2134,677.7,364.3,0.991,0.68502,0.21277,657.6,363.2,0.984,0.68672,0.21467,659.3,366.4,0.975,0.67606,0.21759,649.0,371.4,1.0,0.73448,0.25324,705.1,432.3,1.0,0.60535,0.21652,581.1,369.6,0.881,0.70917,0.2935,680.8,501.0,0.043,0.55045,0.20601,528.4,351.7,0.324,0.64226,0.30612,616.6,522.5,0.005,0.53268,0.2024,511.4,345.5,0.324,0.6316,0.31052,606.3,530.1,0.007,0.54128,0.20018,519.6,341.7,0.32,0.62406,0.3049,599.1,520.5,0.006,0.54862,0.20269,526.7,346.0,0.227,0.6273,0.30264,602.2,516.6,0.007,0.60429,0.29002,580.1,495.1,1.0,0.63311,0.32106,607.8,548.0,1.0,0.51101,0.24057,490.6,410.7,0.838,0.59424,0.38404,570.5,655.6,0.964,0.45246,0.31093,434.4,530.8,0.885,0.60192,0.4645,577.8,792.9,0.977,0.46121,0.32799,442.8,559.9,0.943,0.61304,0.47664,588.5,813.6,0.989,0.39097,0.32064,375.3,547.3,0.752,0.56176,0.48918,539.3,835.0,0.919
1152,31.815,960,1707,0.6853,0.20821,657.9,355.4,0.99,0.68833,0.20451,660.8,349.1,0.992,0.68851,0.2043,661.0,348.7,0.992,0.68734,0.20391,659.8,348.1,0.994,0.68939,0.20542,661.8,350.6,0.994,0.69066,0.20562,663.0,351.0,0.994,0.69089,0.20561,663.3,351.0,0.996,0.6936,0.20643,665.9,352.4,0.994,0.70975,0.21317,681.4,363.9,0.99,0.69101,0.21254,663.4,362.8,0.984,0.69201,0.21394,664.3,365.2,0.975,0.67659,0.21757,649.5,371.4,1.0,0.73467,0.25293,705.3,431.7,1.0,0.60629,0.21622,582.0,369.1,0.885,0.70937,0.29367,681.0,501.3,0.043,0.5503,0.20607,528.3,351.8,0.333,0.64277,0.30619,617.1,522.7,0.005,0.53269,0.20258,511.4,345.8,0.333,0.6316,0.31085,606.3,530.6,0.007,0.54112,0.20077,519.5,342.7,0.33,0.62412,0.3056,599.2,521.7,0.006,0.5479,0.20333,526.0,347.1,0.234,0.62765,0.30325,602.5,517.6,0.007,0.60435,0.29001,580.2,495.0,1.0,0.6336,0.32111,608.3,548.1,1.0,0.51257,0.2405,492.1,410.5,0.835,0.59434,0.38459,570.6,656.5,0.964,0.45275,0.31,434.6,529.2,0.884,0.60185,0.46467,577.8,793.2,0.977,0.46122,0.32691,442.8,558.0,0.941,0.61287,0.47668,588.4,813.7,0.989,0.39157,0.32038,375.9,546.9,0.753,0.5614,0.48936,538.9,835.3,0.921
1153,31.843,960,1707,0.6912,0.20662,663.6,352.7,0.99,0.69174,0.20266,664.1,345.9,0.993,0.69233,0.20235,664.6,345.4,0.992,0.69161,0.20231,663.9,345.3,0.994,0.69217,0.203,664.5,346.5,0.994,0.69312,0.20339,665.4,347.2,0.994,0.69288,0.20347,665.2,347.3,0.996,0.69615,0.20521,668.3,350.3,0.994,0.70755,0.20865,679.3,356.2,0.991,0.69555,0.21105,667.7,360.3,0.984,0.69588,0.21172,668.0,361.4,0.975,0.67789,0.21785,650.8,371.9,1.0,0.73474,0.25105,705.3,428.5,1.0,0.60655,0.21609,582.3,368.9,0.891,0.71164,0.29362,683.2,501.2,0.044,0.55021,0.20573,528.2,351.2,0.338,0.6793,0.29275,652.1,499.7,0.005,0.53267,0.20247,511.4,345.6,0.339,0.67502,0.29425,648.0,502.3,0.006,0.54106,0.20058,519.4,342.4,0.334,0.67135,0.28682,644.5,489.6,0.006,0.5479,0.20316,526.0,346.8,0.236,0.67227,0.28536,645.4,487.1,0.006,0.60845,0.29091,584.1,496.6,1.0,0.63368,0.31934,608.3,545.1,1.0,0.51605,0.24044,495.4,410.4,0.838,0.59446,0.38463,570.7,656.6,0.965,0.4529,0.30981,434.8,528.8,0.886,0.60184,0.46497,577.8,793.7,0.978,0.4619,0.32668,443.4,557.7,0.943,0.61281,0.47735,588.3,814.8,0.99,0.39163,0.32043,376.0,547.0,0.755,0.56069,0.48931,538.3,835.2,0.922
1154,31.871,960,1707,0.69132,0.20681,663.7,353.0,0.989,0.69185,0.20289,664.2,346.3,0.992,0.69206,0.20255,664.4,345.7,0.991,0.69131,0.20244,663.7,345.6,0.994,0.6972,0.20333,669.3,347.1,0.994,0.69931,0.20388,671.3,348.0,0.994,0.70117,0.20513,673.1,350.1,0.996,0.69756,0.20546,669.7,350.7,0.994,0.71466,0.21024,686.1,358.9,0.99,0.6954,0.2111,667.6,360.3,0.983,0.69413,0.21177,666.4,361.5,0.975,0.67917,0.21785,652.0,371.9,1.0,0.73902,0.25425,709.5,434.0,1.0,0.60708,0.216,582.8,368.7,0.892,0.71497,0.29459,686.4,502.9,0.045,0.55015,0.20554,528.1,350.9,0.332,0.66894,0.29869,642.2,509.9,0.005,0.53268,0.20233,511.4,345.4,0.333,0.66224,0.30188,635.7,515.3,0.006,0.54109,0.20047,519.4,342.2,0.328,0.65682,0.29605,630.5,505.4,0.006,0.54806,0.20303,526.1,346.6,0.231,0.65847,0.29387,632.1,501.6,0.006,0.60889,0.29108,584.5,496.9,1.0,0.63695,0.32003,611.5,546.3,1.0,0.51841,0.2406,497.7,410.7,0.836,0.59502,0.38495,571.2,657.1,0.965,0.45295,0.3098,434.8,528.8,0.886,0.60185,0.46534,577.8,794.3,0.978,0.46192,0.32669,443.4,557.7,0.942,0.61262,0.47775,588.1,815.5,0.99,0.39173,0.32028,376.1,546.7,0.755,0.56047,0.48912,538.1,834.9,0.922
1155,31.898,960,1707,0.6898,0.20672,662.2,352.9,0.988,0.69376,0.20262,666.0,345.9,0.992,0.69335,0.20193,665.6,344.7,0.991,0.69249,0.20143,664.8,343.8,0.994,0.69893,0.20359,671.0,347.5,0.993,0.70138,0.20501,673.3,350.0,0.993,0.7038,0.20687,675.6,353.1,0.996,0.6991,0.20487,671.1,349.7,0.994,0.71676,0.21239,688.1,362.6,0.99,0.69207,0.21024,664.4,358.9,0.982,0.6933,0.21187,665.6,361.7,0.971,0.68037,0.218,653.2,372.1,1.0,0.74227,0.25714,712.6,438.9,1.0,0.60877,0.21574,584.4,368.3,0.891,0.7209,0.29286,692.1,499.9,0.047,0.5502,0.20541,528.2,350.6,0.325,0.71369,0.28143,685.1,480.4,0.005,0.53269,0.2022,511.4,345.1,0.328,0.71577,0.27991,687.1,477.8,0.006,0.54107,0.2004,519.4,342.1,0.323,0.72308,0.2623,694.2,447.8,0.005,0.54813,0.20298,526.2,346.5,0.225,0.72206,0.26225,693.2,447.7,0.006,0.61242,0.29122,587.9,497.1,1.0,0.64134,0.32042,615.7,547.0,1.0,0.5195,0.24068,498.7,410.8,0.827,0.59548,0.38511,571.7,657.4,0.964,0.45317,0.3097,435.0,528.7,0.884,0.60189,0.46553,577.8,794.7,0.977,0.46201,0.32629,443.5,557.0,0.943,0.61244,0.47779,587.9,815.6,0.99,0.39177,0.31975,376.1,545.8,0.749,0.56028,0.48865,537.9,834.1,0.921
1156,31.926,960,1707,0.68936,0.20862,661.8,356.1,0.986,0.69301,0.20375,665.3,347.8,0.991,0.6928,0.2021,665.1,345.0,0.99,0.69175,0.20292,664.1,346.4,0.993,0.6982,0.20495,670.3,349.9,0.992,0.70071,0.20684,672.7,353.1,0.992,0.70323,0.20883,675.1,356.5,0.995,0.69892,0.20565,671.0,351.0,0.993,0.71745,0.21409,688.8,365.5,0.988,0.69402,0.21165,666.3,361.3,0.98,0.69258,0.21258,664.9,362.9,0.968,0.68091,0.21796,653.7,372.1,1.0,0.74652,0.2578,716.7,440.1,1.0,0.60782,0.21546,583.5,367.8,0.895,0.72158,0.29569,692.7,504.7,0.048,0.54985,0.20503,527.9,350.0,0.332,0.69053,0.29776,662.9,508.3,0.004,0.53243,0.20213,511.1,345.0,0.332,0.67889,0.29983,651.7,511.8,0.006,0.54071,0.20028,519.1,341.9,0.327,0.67037,0.29207,643.6,498.6,0.005,0.54798,0.20269,526.1,346.0,0.229,0.67496,0.29036,648.0,495.6,0.006,0.61303,0.29119,588.5,497.1,1.0,0.6429,0.32099,617.2,547.9,1.0,0.52015,0.24069,499.3,410.9,0.831,0.59605,0.38508,572.2,657.3,0.966,0.45345,0.30844,435.3,526.5,0.888,0.60189,0.46521,577.8,794.1,0.978,0.46185,0.32479,443.4,554.4,0.944,0.61249,0.47735,588.0,814.8,0.99,0.3918,0.31733,376.1,541.7,0.754,0.56043,0.48819,538.0,833.3,0.921
1157,31.953,960,1707,0.71601,0.22121,687.4,377.6,0.987,0.72195,0.21598,693.1,368.7,0.991,0.7199,0.21458,691.1,366.3,0.99,0.71771,0.21374,689.0,364.9,0.993,0.72878,0.21965,699.6,375.0,0.993,0.74105,0.2263,711.4,386.3,0.992,0.74239,0.22747,712.7,388.3,0.995,0.71787,0.21266,689.2,363.0,0.993,0.74983,0.23275,719.8,397.3,0.989,0.70963,0.22159,681.2,378.2,0.98,0.71621,0.22542,687.6,384.8,0.969,0.68251,0.21803,655.2,372.2,1.0,0.75018,0.26001,720.2,443.8,1.0,0.60778,0.21547,583.5,367.8,0.9,0.72375,0.29621,694.8,505.6,0.045,0.54967,0.20496,527.7,349.9,0.355,0.68872,0.29423,661.2,502.3,0.004,0.53213,0.2021,510.8,345.0,0.349,0.68338,0.29403,656.0,501.9,0.005,0.54025,0.20013,518.6,341.6,0.344,0.6746,0.2875,647.6,490.8,0.005,0.54761,0.20242,525.7,345.5,0.242,0.67577,0.28613,648.7,488.4,0.005,0.61634,0.29152,591.7,497.6,1.0,0.64503,0.32207,619.2,549.8,1.0,0.52309,0.24105,502.2,411.5,0.839,0.59649,0.38528,572.6,657.7,0.968,0.45398,0.30773,435.8,525.3,0.893,0.6019,0.4651,577.8,793.9,0.979,0.46181,0.32428,443.3,553.5,0.947,0.61285,0.47732,588.3,814.8,0.99,0.39205,0.31608,376.4,539.5,0.76,0.56043,0.48807,538.0,833.1,0.922
1158,31.981,960,1707,0.71033,0.22329,681.9,381.2,0.988,0.71684,0.21792,688.2,372.0,0.992,0.7153,0.21663,686.7,369.8,0.991,0.71354,0.21562,685.0,368.1,0.994,0.72306,0.22182,694.1,378.6,0.993,0.72836,0.22454,699.2,383.3,0.993,0.73165,0.22681,702.4,387.2,0.995,0.71548,0.21561,686.9,368.0,0.994,0.74578,0.23647,716.0,403.7,0.99,0.70584,0.22373,677.6,381.9,0.981,0.7119,0.22801,683.4,389.2,0.97,0.68463,0.21833,657.2,372.7,1.0,0.75148,0.26207,721.4,447.4,1.0,0.60774,0.21563,583.4,368.1,0.89,0.72752,0.29623,698.4,505.7,0.041,0.5497,0.20516,527.7,350.2,0.364,0.74316,0.27586,713.4,470.9,0.004,0.53207,0.20218,510.8,345.1,0.356,0.75425,0.27113,724.1,462.8,0.005,0.5402,0.20017,518.6,341.7,0.351,0.74451,0.25746,714.7,439.5,0.005,0.54754,0.20258,525.6,345.8,0.247,0.73827,0.26432,708.7,451.2,0.005,0.6179,0.2915,593.2,497.6,1.0,0.6477,0.32287,621.8,551.1,1.0,0.52598,0.24124,504.9,411.8,0.835,0.59688,0.38528,573.0,657.7,0.968,0.45421,0.30734,436.0,524.6,0.885,0.60196,0.46509,577.9,793.9,0.977,0.46091,0.32396,442.5,553.0,0.944,0.61298,0.47731,588.5,814.8,0.99,0.39156,0.31505,375.9,537.8,0.745,0.56063,0.48832,538.2,833.6,0.918
1159,32.009,960,1707,0.69341,0.21851,665.7,373.0,0.988,0.69423,0.21272,666.5,363.1,0.992,0.69418,0.21267,666.4,363.0,0.992,0.69379,0.21204,666.0,362.0,0.994,0.69662,0.21291,668.8,363.4,0.994,0.69912,0.2127,671.2,363.1,0.993,0.70057,0.21249,672.6,362.7,0.996,0.69907,0.21253,671.1,362.8,0.995,0.72368,0.22015,694.7,375.8,0.99,0.69636,0.22097,668.5,377.2,0.982,0.7024,0.22334,674.3,381.2,0.971,0.68363,0.21853,656.3,373.0,1.0,0.75026,0.2597,720.2,443.3,1.0,0.60734,0.21564,583.0,368.1,0.895,0.73038,0.29569,701.2,504.7,0.042,0.54942,0.20516,527.4,350.2,0.37,0.7256,0.2791,696.6,476.4,0.004,0.53191,0.20215,510.6,345.1,0.362,0.72723,0.27535,698.1,470.0,0.005,0.54005,0.20016,518.5,341.7,0.356,0.71929,0.26689,690.5,455.6,0.005,0.54716,0.20258,525.3,345.8,0.251,0.71785,0.26845,689.1,458.2,0.005,0.62016,0.29148,595.4,497.6,1.0,0.64953,0.32283,623.6,551.1,1.0,0.53037,0.24141,509.2,412.1,0.844,0.59742,0.3853,573.5,657.7,0.97,0.45507,0.30669,436.9,523.5,0.893,0.60196,0.46457,577.9,793.0,0.979,0.46043,0.32346,442.0,552.1,0.948,0.61298,0.47715,588.5,814.5,0.991,0.39157,0.31274,375.9,533.9,0.758,0.56063,0.48806,538.2,833.1,0.922
1160,32.036,960,1707,0.68785,0.21683,660.3,370.1,0.989,0.68836,0.21129,660.8,360.7,0.993,0.6884,0.21179,660.9,361.5,0.993,0.6881,0.21125,660.6,360.6,0.995,0.69129,0.2106,663.6,359.5,0.994,0.69297,0.20965,665.2,357.9,0.994,0.69432,0.20902,666.5,356.8,0.996,0.69364,0.21134,665.9,360.8,0.995,0.71767,0.21672,689.0,369.9,0.991,0.69226,0.21971,664.6,375.1,0.984,0.6917,0.22026,664.0,376.0,0.973,0.68285,0.21852,655.5,373.0,1.0,0.74998,0.25703,720.0,438.7,1.0,0.60682,0.21568,582.5,368.2,0.88,0.73259,0.29008,703.3,495.2,0.039,0.54959,0.20525,527.6,350.4,0.365,0.74778,0.27043,717.9,461.6,0.004,0.53198,0.20215,510.7,345.1,0.36,0.75738,0.26574,727.1,453.6,0.006,0.54006,0.20016,518.5,341.7,0.355,0.74404,0.2546,714.3,434.6,0.005,0.5472,0.20264,525.3,345.9,0.25,0.74152,0.25982,711.9,443.5,0.005,0.62227,0.29089,597.4,496.6,1.0,0.65318,0.3227,627.1,550.8,1.0,0.53253,0.24162,511.2,412.4,0.844,0.59832,0.38531,574.4,657.7,0.97,0.45556,0.3066,437.3,523.4,0.892,0.60197,0.46416,577.9,792.3,0.978,0.46013,0.32346,441.7,552.1,0.948,0.61287,0.47676,588.4,813.8,0.99,0.39152,0.31258,375.9,533.6,0.757,0.56102,0.48789,538.6,832.8,0.921
1161,32.064,960,1707,0.68733,0.21602,659.8,368.7,0.99,0.68837,0.21076,660.8,359.8,0.994,0.68873,0.21163,661.2,361.3,0.993,0.68854,0.21109,661.0,360.3,0.995,0.69125,0.20991,663.6,358.3,0.995,0.69481,0.20959,667.0,357.8,0.994,0.6959,0.20943,668.1,357.5,0.996,0.69382,0.21114,666.1,360.4,0.995,0.71767,0.21564,689.0,368.1,0.992,0.69335,0.21931,665.6,374.4,0.985,0.69115,0.21955,663.5,374.8,0.975,0.68314,0.21854,655.8,373.1,1.0,0.75193,0.25703,721.9,438.7,1.0,0.60682,0.21589,582.5,368.5,0.887,0.73126,0.29368,702.0,501.3,0.041,0.54937,0.2055,527.4,350.8,0.376,0.68803,0.28979,660.5,494.7,0.004,0.53184,0.20214,510.6,345.0,0.369,0.68015,0.28866,652.9,492.7,0.005,0.5399,0.20016,518.3,341.7,0.365,0.66915,0.28213,642.4,481.6,0.005,0.54693,0.20273,525.0,346.1,0.259,0.67202,0.28138,645.1,480.3,0.005,0.62573,0.29171,600.7,498.0,1.0,0.65553,0.32333,629.3,551.9,1.0,0.5328,0.24179,511.5,412.7,0.852,0.59925,0.38632,575.3,659.4,0.971,0.45636,0.30591,438.1,522.2,0.899,0.60182,0.46409,577.7,792.2,0.979,0.46018,0.32252,441.8,550.5,0.951,0.61226,0.4762,587.8,812.9,0.991,0.39112,0.31177,375.5,532.2,0.769,0.56109,0.48816,538.6,833.3,0.924
1162,32.091,960,1707,0.6841,0.21402,656.7,365.3,0.99,0.68571,0.20854,658.3,356.0,0.994,0.68552,0.20899,658.1,356.7,0.994,0.68534,0.2087,657.9,356.3,0.995,0.688,0.20759,660.5,354.4,0.995,0.69003,0.20692,662.4,353.2,0.995,0.69162,0.20666,664.0,352.8,0.996,0.69225,0.20923,664.6,357.2,0.996,0.71232,0.21292,683.8,363.5,0.992,0.6901,0.21763,662.5,371.5,0.985,0.68812,0.2171,660.6,370.6,0.976,0.68292,0.21858,655.6,373.1,1.0,0.75162,0.25492,721.6,435.2,1.0,0.60598,0.2159,581.7,368.5,0.895,0.73123,0.29382,702.0,501.6,0.046,0.54877,0.20552,526.8,350.8,0.391,0.67943,0.29551,652.3,504.4,0.004,0.53165,0.20214,510.4,345.0,0.381,0.66992,0.29592,643.1,505.1,0.005,0.53892,0.20018,517.4,341.7,0.377,0.66052,0.28988,634.1,494.8,0.005,0.54536,0.20293,523.5,346.4,0.271,0.66406,0.28851,637.5,492.5,0.005,0.62748,0.29155,602.4,497.7,1.0,0.65782,0.32321,631.5,551.7,1.0,0.53647,0.24243,515.0,413.8,0.859,0.60176,0.38591,577.7,658.7,0.973,0.45804,0.30542,439.7,521.4,0.905,0.6004,0.46277,576.4,789.9,0.98,0.46095,0.3218,442.5,549.3,0.953,0.61125,0.47532,586.8,811.4,0.991,0.39194,0.30914,376.3,527.7,0.779,0.5611,0.48824,538.7,833.4,0.926
1163,32.119,960,1707,0.68461,0.21396,657.2,365.2,0.987,0.68621,0.20849,658.8,355.9,0.992,0.68627,0.20891,658.8,356.6,0.992,0.68609,0.20862,658.6,356.1,0.994,0.68897,0.20772,661.4,354.6,0.993,0.69102,0.20734,663.4,353.9,0.993,0.69255,0.20719,664.8,353.7,0.995,0.69282,0.2092,665.1,357.1,0.995,0.713,0.21331,684.5,364.1,0.99,0.69063,0.21745,663.0,371.2,0.982,0.68845,0.21702,660.9,370.5,0.97,0.68314,0.21858,655.8,373.1,1.0,0.75612,0.25505,725.9,435.4,1.0,0.60598,0.21605,581.7,368.8,0.898,0.73035,0.29549,701.1,504.4,0.044,0.5487,0.20575,526.8,351.2,0.394,0.67153,0.30074,644.7,513.4,0.004,0.53164,0.20251,510.4,345.7,0.383,0.66018,0.30272,633.8,516.7,0.005,0.53868,0.20058,517.1,342.4,0.378,0.65027,0.29656,624.3,506.2,0.004,0.5451,0.2034,523.3,347.2,0.273,0.65425,0.29473,628.1,503.1,0.005,0.62938,0.2919,604.2,498.3,1.0,0.65869,0.32371,632.3,552.6,1.0,0.53747,0.24343,516.0,415.5,0.85,0.60268,0.38607,578.6,659.0,0.972,0.45905,0.30408,440.7,519.1,0.905,0.59987,0.46244,575.9,789.4,0.98,0.46125,0.31978,442.8,545.9,0.951,0.6102,0.47432,585.8,809.7,0.99,0.3935,0.30721,377.8,524.4,0.773,0.56112,0.48851,538.7,833.9,0.923
1164,32.147,960,1707,0.68478,0.2139,657.4,365.1,0.981,0.68641,0.20848,659.0,355.9,0.987,0.68673,0.20878,659.3,356.4,0.987,0.68661,0.20849,659.1,355.9,0.991,0.69029,0.20781,662.7,354.7,0.989,0.69243,0.20751,664.7,354.2,0.99,0.69534,0.2082,667.5,355.4,0.993,0.69419,0.20923,666.4,357.1,0.993,0.71511,0.21368,686.5,364.8,0.985,0.69071,0.21739,663.1,371.1,0.976,0.6886,0.21701,661.1,370.4,0.961,0.68513,0.21858,657.7,373.1,1.0,0.75678,0.25515,726.5,435.5,1.0,0.60759,0.21605,583.3,368.8,0.902,0.73019,0.29607,701.0,505.4,0.042,0.54873,0.20576,526.8,351.2,0.405,0.66171,0.30467,635.2,520.1,0.003,0.53154,0.20276,510.3,346.1,0.392,0.64998,0.30787,624.0,525.5,0.005,0.53791,0.20101,516.4,343.1,0.386,0.64031,0.30188,614.7,515.3,0.004,0.54465,0.20378,522.9,347.8,0.279,0.64432,0.29969,618.6,511.6,0.004,0.63106,0.29233,605.8,499.0,1.0,0.65997,0.32408,633.6,553.2,1.0,0.53895,0.24475,517.4,417.8,0.837,0.60493,0.38635,580.7,659.5,0.972,0.45874,0.30211,440.4,515.7,0.903,0.59887,0.46361,574.9,791.4,0.98,0.45902,0.31796,440.7,542.8,0.949,0.6065,0.47677,582.2,813.8,0.99,0.39247,0.30591,376.8,522.2,0.763,0.55989,0.4886,537.5,834.0,0.92
1165,32.174,960,1707,0.68505,0.21437,657.6,365.9,0.973,0.68684,0.20894,659.4,356.7,0.981,0.68711,0.20908,659.6,356.9,0.981,0.68682,0.20881,659.4,356.4,0.987,0.69271,0.20873,665.0,356.3,0.984,0.69495,0.20928,667.2,357.2,0.985,0.69842,0.21056,670.5,359.4,0.989,0.69467,0.20983,666.9,358.2,0.989,0.71623,0.21442,687.6,366.0,0.979,0.69134,0.21815,663.7,372.4,0.966,0.69039,0.21886,662.8,373.6,0.946,0.68511,0.21903,657.7,373.9,1.0,0.75609,0.25538,725.8,435.9,1.0,0.60897,0.21638,584.6,369.4,0.902,0.72968,0.29654,700.5,506.2,0.039,0.54867,0.20582,526.7,351.3,0.412,0.65912,0.30335,632.8,517.8,0.003,0.53149,0.20285,510.2,346.3,0.397,0.64814,0.30605,622.2,522.4,0.004,0.53774,0.20122,516.2,343.5,0.391,0.63798,0.29992,612.5,512.0,0.004,0.54455,0.20416,522.8,348.5,0.282,0.64155,0.29801,615.9,508.7,0.004,0.63258,0.29305,607.3,500.2,1.0,0.66129,0.32449,634.8,553.9,1.0,0.54148,0.2454,519.8,418.9,0.807,0.60553,0.38696,581.3,660.5,0.97,0.45869,0.29831,440.3,509.2,0.891,0.59815,0.4638,574.2,791.7,0.978,0.45901,0.31457,440.7,537.0,0.943,0.60676,0.47692,582.5,814.1,0.989,0.39187,0.30219,376.2,515.8,0.738,0.55984,0.48862,537.4,834.1,0.911
1166,32.202,960,1707,0.68595,0.21551,658.5,367.9,0.967,0.68699,0.21026,659.5,358.9,0.977,0.69319,0.20899,665.5,356.7,0.978,0.6888,0.20998,661.2,358.4,0.984,0.69956,0.21115,671.6,360.4,0.981,0.70218,0.21235,674.1,362.5,0.982,0.70565,0.21387,677.4,365.1,0.987,0.70146,0.20962,673.4,357.8,0.988,0.72214,0.21749,693.3,371.2,0.974,0.69312,0.21889,665.4,373.6,0.959,0.69443,0.22001,666.7,375.6,0.936,0.68609,0.21956,658.6,374.8,1.0,0.75824,0.25704,727.9,438.8,1.0,0.6108,0.21641,586.4,369.4,0.904,0.73259,0.29932,703.3,510.9,0.036,0.54867,0.20584,526.7,351.4,0.422,0.66501,0.30714,638.4,524.3,0.003,0.53112,0.20295,509.9,346.4,0.404,0.65495,0.31008,628.7,529.3,0.004,0.53713,0.20134,515.6,343.7,0.398,0.64488,0.30393,619.1,518.8,0.004,0.54408,0.2043,522.3,348.7,0.286,0.64823,0.30191,622.3,515.4,0.004,0.63253,0.2931,607.2,500.3,1.0,0.66181,0.32444,635.3,553.8,1.0,0.54528,0.24549,523.5,419.1,0.793,0.60623,0.38665,582.0,660.0,0.969,0.45684,0.29413,438.6,502.1,0.888,0.59822,0.46374,574.3,791.6,0.977,0.45767,0.30929,439.4,528.0,0.942,0.60696,0.47644,582.7,813.3,0.988,0.38865,0.29654,373.1,506.2,0.729,0.55984,0.4885,537.4,833.9,0.906
1167,32.23,960,1707,0.71937,0.21936,690.6,374.4,0.96,0.72516,0.21363,696.2,364.7,0.972,0.72412,0.21227,695.2,362.3,0.974,0.72172,0.21176,692.9,361.5,0.981,0.73265,0.21719,703.3,370.8,0.978,0.7355,0.21879,706.1,373.5,0.978,0.73641,0.22211,707.0,379.1,0.985,0.71716,0.21349,688.5,364.4,0.986,0.75058,0.22889,720.6,390.7,0.97,0.70805,0.22039,679.7,376.2,0.952,0.72138,0.22442,692.5,383.1,0.926,0.68782,0.21991,660.3,375.4,1.0,0.75893,0.2598,728.6,443.5,1.0,0.61209,0.21639,587.6,369.4,0.903,0.73176,0.30307,702.5,517.3,0.033,0.54867,0.20578,526.7,351.3,0.422,0.66662,0.31005,640.0,529.2,0.003,0.53082,0.20309,509.6,346.7,0.399,0.65754,0.31276,631.2,533.9,0.004,0.53689,0.20134,515.4,343.7,0.392,0.64752,0.3066,621.6,523.4,0.004,0.54369,0.20416,521.9,348.5,0.28,0.6502,0.30431,624.2,519.5,0.004,0.63243,0.29319,607.1,500.5,1.0,0.66198,0.32449,635.5,553.9,1.0,0.54693,0.24537,525.0,418.8,0.79,0.60654,0.38663,582.3,660.0,0.97,0.45682,0.29028,438.5,495.5,0.886,0.59828,0.46423,574.3,792.4,0.976,0.45742,0.30546,439.1,521.4,0.941,0.60733,0.4768,583.0,813.9,0.988,0.3888,0.29259,373.3,499.4,0.718,0.55969,0.48845,537.3,833.8,0.904
1168,32.257,960,1707,0.715,0.21957,686.4,374.8,0.958,0.72121,0.21402,692.4,365.3,0.971,0.7201,0.21271,691.3,363.1,0.973,0.71845,0.21191,689.7,361.7,0.98,0.7277,0.2179,698.6,372.0,0.976,0.73062,0.21954,701.4,374.8,0.977,0.73306,0.22167,703.7,378.4,0.984,0.71823,0.21458,689.5,366.3,0.985,0.74592,0.22697,716.1,387.4,0.968,0.71067,0.22135,682.2,377.8,0.95,0.71839,0.22481,689.7,383.8,0.924,0.68866,0.22021,661.1,375.9,1.0,0.75944,0.2612,729.1,445.9,1.0,0.61243,0.21669,587.9,369.9,0.906,0.73171,0.3022,702.4,515.9,0.031,0.54867,0.20596,526.7,351.6,0.441,0.66425,0.31014,637.7,529.4,0.003,0.53034,0.20315,509.1,346.8,0.414,0.65548,0.31336,629.3,534.9,0.004,0.53643,0.20116,515.0,343.4,0.406,0.64626,0.30724,620.4,524.5,0.003,0.54339,0.20402,521.7,348.3,0.292,0.64862,0.30488,622.7,520.4,0.004,0.63204,0.293,606.8,500.2,1.0,0.66252,0.32469,636.0,554.2,1.0,0.55054,0.24515,528.5,418.5,0.782,0.60736,0.38641,583.1,659.6,0.97,0.45822,0.28787,439.9,491.4,0.882,0.59842,0.46413,574.5,792.3,0.977,0.4586,0.30424,440.3,519.3,0.94,0.6074,0.47679,583.1,813.9,0.988,0.38947,0.29065,373.9,496.1,0.708,0.5597,0.48844,537.3,833.8,0.904
1169,32.285,960,1707,0.73473,0.22278,705.3,380.3,0.96,0.74603,0.21821,716.2,372.5,0.972,0.74359,0.21673,713.9,369.9,0.974,0.73757,0.21641,708.1,369.4,0.981,0.7535,0.22267,723.4,380.1,0.978,0.75653,0.22436,726.3,383.0,0.979,0.75722,0.22807,726.9,389.3,0.985,0.72952,0.21612,700.3,368.9,0.986,0.75981,0.23156,729.4,395.3,0.97,0.72927,0.22339,700.1,381.3,0.953,0.73712,0.22795,707.6,389.1,0.929,0.68983,0.22029,662.2,376.0,1.0,0.76009,0.26169,729.7,446.7,1.0,0.61185,0.21676,587.4,370.0,0.911,0.72639,0.30169,697.3,515.0,0.029,0.54883,0.20601,526.9,351.7,0.465,0.65838,0.3089,632.0,527.3,0.003,0.53034,0.20319,509.1,346.8,0.433,0.65109,0.3117,625.0,532.1,0.004,0.53644,0.20116,515.0,343.4,0.422,0.64227,0.30556,616.6,521.6,0.004,0.5434,0.20401,521.7,348.2,0.307,0.64353,0.30319,617.8,517.5,0.004,0.63174,0.29298,606.5,500.1,1.0,0.66207,0.32507,635.6,554.9,1.0,0.5529,0.24469,530.8,417.7,0.793,0.60723,0.3864,582.9,659.6,0.973,0.46572,0.28984,447.1,494.8,0.886,0.59845,0.46413,574.5,792.3,0.978,0.46467,0.30595,446.1,522.3,0.942,0.60753,0.47684,583.2,814.0,0.988,0.3973,0.29147,381.4,497.5,0.715,0.55984,0.48845,537.4,833.8,0.909
1170,32.312,960,1707,0.75992,0.2266,729.5,386.8,0.963,0.76395,0.22211,733.4,379.1,0.975,0.76127,0.22068,730.8,376.7,0.976,0.75808,0.21964,727.8,374.9,0.983,0.76991,0.22669,739.1,387.0,0.98,0.77136,0.22841,740.5,389.9,0.981,0.77268,0.23068,741.8,393.8,0.986,0.74797,0.21897,718.0,373.8,0.987,0.7717,0.23441,740.8,400.1,0.972,0.74926,0.22635,719.3,386.4,0.958,0.75421,0.23114,724.0,394.6,0.935,0.69393,0.22006,666.2,375.6,1.0,0.76122,0.26527,730.8,452.8,1.0,0.61182,0.21678,587.3,370.0,0.917,0.72094,0.30135,692.1,514.4,0.03,0.54931,0.20601,527.3,351.7,0.493,0.65462,0.30774,628.4,525.3,0.005,0.53066,0.20302,509.4,346.6,0.454,0.64778,0.31026,621.9,529.6,0.006,0.5368,0.2008,515.3,342.8,0.442,0.6399,0.30397,614.3,518.9,0.006,0.54372,0.20363,522.0,347.6,0.326,0.64075,0.30178,615.1,515.1,0.006,0.63144,0.29291,606.2,500.0,1.0,0.66178,0.32567,635.3,555.9,1.0,0.55558,0.24439,533.4,417.2,0.81,0.60713,0.38718,582.8,660.9,0.975,0.47326,0.29146,454.3,497.5,0.892,0.59818,0.46425,574.3,792.5,0.979,0.47252,0.3073,453.6,524.6,0.945,0.605,0.47764,580.8,815.3,0.989,0.40228,0.29403,386.2,501.9,0.726,0.55986,0.48852,537.5,833.9,0.916
1171,32.34,960,1707,0.74245,0.22716,712.8,387.8,0.967,0.74802,0.2216,718.1,378.3,0.977,0.74601,0.22007,716.2,375.7,0.979,0.74349,0.21885,713.7,373.6,0.985,0.7546,0.22597,724.4,385.7,0.982,0.75714,0.22761,726.9,388.5,0.982,0.75836,0.23077,728.0,393.9,0.987,0.73625,0.218,706.8,372.1,0.989,0.7619,0.23428,731.4,399.9,0.975,0.73428,0.22625,704.9,386.2,0.962,0.73992,0.23129,710.3,394.8,0.942,0.69362,0.22013,665.9,375.8,1.0,0.75982,0.2652,729.4,452.7,1.0,0.61174,0.21699,587.3,370.4,0.923,0.71762,0.30111,688.9,514.0,0.036,0.54976,0.2061,527.8,351.8,0.53,0.65311,0.30574,627.0,521.9,0.009,0.5312,0.20342,509.9,347.2,0.492,0.64608,0.3071,620.2,524.2,0.011,0.53702,0.20032,515.5,342.0,0.479,0.63691,0.3007,611.4,513.3,0.011,0.54385,0.20273,522.1,346.1,0.366,0.63779,0.29869,612.3,509.9,0.011,0.63123,0.29191,606.0,498.3,1.0,0.66163,0.32536,635.2,555.4,1.0,0.55622,0.24295,534.0,414.7,0.827,0.60713,0.38745,582.8,661.4,0.977,0.48594,0.29234,466.5,499.0,0.9,0.5984,0.46384,574.5,791.8,0.981,0.48748,0.30817,468.0,526.0,0.95,0.60535,0.4766,581.1,813.6,0.99,0.41997,0.29531,403.2,504.1,0.746,0.55989,0.48833,537.5,833.6,0.923
1172,32.368,960,1707,0.71731,0.225,688.6,384.1,0.969,0.72659,0.21852,697.5,373.0,0.979,0.7251,0.21693,696.1,370.3,0.98,0.72433,0.21527,695.4,367.5,0.985,0.73079,0.22409,701.6,382.5,0.983,0.73313,0.22607,703.8,385.9,0.983,0.73572,0.22816,706.3,389.5,0.988,0.73085,0.21483,701.6,366.7,0.989,0.74649,0.23112,716.6,394.5,0.976,0.71115,0.22592,682.7,385.6,0.963,0.71994,0.23042,691.1,393.3,0.943,0.69331,0.22012,665.6,375.7,1.0,0.75636,0.26144,726.1,446.3,1.0,0.61211,0.21711,587.6,370.6,0.92,0.71511,0.29832,686.5,509.2,0.034,0.5502,0.20643,528.2,352.4,0.538,0.65305,0.3009,626.9,513.6,0.009,0.53121,0.20376,510.0,347.8,0.499,0.64603,0.30179,620.2,515.2,0.012,0.5371,0.19983,515.6,341.1,0.487,0.63281,0.29199,607.5,498.4,0.012,0.54401,0.20234,522.2,345.4,0.373,0.63605,0.294,610.6,501.9,0.012,0.63117,0.29059,605.9,496.0,1.0,0.66143,0.32455,635.0,554.0,1.0,0.55636,0.24235,534.1,413.7,0.821,0.60704,0.38686,582.8,660.4,0.978,0.5002,0.29462,480.2,502.9,0.885,0.599,0.4623,575.0,789.1,0.98,0.50882,0.30875,488.5,527.0,0.946,0.6076,0.4749,583.3,810.7,0.99,0.44517,0.30363,427.4,518.3,0.726,0.55989,0.48816,537.5,833.3,0.922
1173,32.395,960,1707,0.69633,0.22401,668.5,382.4,0.97,0.69744,0.21779,669.5,371.8,0.979,0.69903,0.21678,671.1,370.0,0.98,0.70813,0.21243,679.8,362.6,0.986,0.71295,0.22226,684.4,379.4,0.983,0.71535,0.2246,686.7,383.4,0.983,0.71801,0.22633,689.3,386.4,0.988,0.71978,0.21225,691.0,362.3,0.989,0.73332,0.22959,704.0,391.9,0.977,0.70207,0.22563,674.0,385.2,0.964,0.70618,0.2293,677.9,391.4,0.944,0.69332,0.21993,665.6,375.4,1.0,0.755,0.26058,724.8,444.8,1.0,0.61188,0.21708,587.4,370.6,0.913,0.70764,0.29132,679.3,497.3,0.032,0.55039,0.20649,528.4,352.5,0.551,0.64466,0.28803,618.9,491.7,0.01,0.53143,0.20385,510.2,348.0,0.513,0.63967,0.29383,614.1,501.6,0.014,0.53718,0.1997,515.7,340.9,0.502,0.62526,0.28519,600.3,486.8,0.013,0.54405,0.20223,522.3,345.2,0.385,0.62676,0.28457,601.7,485.8,0.013,0.63147,0.28964,606.2,494.4,1.0,0.66161,0.32306,635.1,551.5,1.0,0.55855,0.24245,536.2,413.9,0.803,0.60711,0.38629,582.8,659.4,0.977,0.51463,0.29632,494.0,505.8,0.853,0.59898,0.46108,575.0,787.1,0.978,0.52665,0.30891,505.6,527.3,0.931,0.60763,0.47365,583.3,808.5,0.989,0.46396,0.31834,445.4,543.4,0.692,0.56002,0.48776,537.6,832.6,0.918
1174,32.423,960,1707,0.7311,0.22685,701.9,387.2,0.973,0.73685,0.22066,707.4,376.7,0.981,0.73496,0.21915,705.6,374.1,0.982,0.73452,0.21657,705.1,369.7,0.987,0.74438,0.22546,714.6,384.9,0.985,0.74699,0.22752,717.1,388.4,0.985,0.74894,0.23096,719.0,394.2,0.989,0.72746,0.2156,698.4,368.0,0.99,0.75338,0.23441,723.2,400.1,0.979,0.71781,0.2261,689.1,386.0,0.967,0.72711,0.23125,698.0,394.7,0.95,0.69405,0.21983,666.3,375.2,1.0,0.75506,0.2606,724.9,444.8,1.0,0.61184,0.21711,587.4,370.6,0.92,0.70774,0.29085,679.4,496.5,0.032,0.55052,0.20662,528.5,352.7,0.59,0.64609,0.28518,620.2,486.8,0.019,0.5318,0.20401,510.5,348.2,0.555,0.64171,0.28966,616.0,494.5,0.028,0.53744,0.19982,515.9,341.1,0.543,0.62572,0.28158,600.7,480.7,0.03,0.54425,0.20266,522.5,345.9,0.433,0.62735,0.28064,602.3,479.1,0.03,0.63298,0.2893,607.7,493.8,1.0,0.66225,0.32274,635.8,550.9,1.0,0.55844,0.24388,536.1,416.3,0.821,0.60733,0.38624,583.0,659.3,0.979,0.52318,0.29885,502.3,510.1,0.865,0.59943,0.46122,575.5,787.3,0.98,0.53439,0.31028,513.0,529.6,0.937,0.60853,0.4738,584.2,808.8,0.99,0.47122,0.32126,452.4,548.4,0.717,0.56002,0.48778,537.6,832.6,0.926
1175,32.45,960,1707,0.7466,0.22875,716.7,390.5,0.976,0.75337,0.22384,723.2,382.1,0.983,0.74971,0.22174,719.7,378.5,0.984,0.74726,0.21969,717.4,375.0,0.988,0.75716,0.22846,726.9,390.0,0.986,0.75894,0.2301,728.6,392.8,0.986,0.76017,0.23195,729.8,395.9,0.99,0.73436,0.21709,705.0,370.6,0.991,0.76065,0.23487,730.2,400.9,0.981,0.73259,0.22691,703.3,387.3,0.97,0.73954,0.23193,710.0,395.9,0.955,0.69486,0.21964,667.1,374.9,1.0,0.75506,0.26089,724.9,445.3,1.0,0.60978,0.21726,585.4,370.9,0.926,0.70534,0.29177,677.1,498.1,0.035,0.55055,0.20663,528.5,352.7,0.622,0.63966,0.28276,614.1,482.7,0.03,0.53236,0.20378,511.1,347.8,0.587,0.63613,0.28759,610.7,490.9,0.043,0.5381,0.19982,516.6,341.1,0.576,0.62273,0.28071,597.8,479.2,0.046,0.54448,0.20266,522.7,345.9,0.471,0.62393,0.27992,599.0,477.8,0.046,0.63397,0.28932,608.6,493.9,1.0,0.66308,0.32277,636.6,551.0,1.0,0.55771,0.24541,535.4,418.9,0.837,0.60794,0.38634,583.6,659.5,0.981,0.52482,0.30139,503.8,514.5,0.872,0.60001,0.4613,576.0,787.4,0.982,0.5359,0.31281,514.5,534.0,0.941,0.6089,0.47374,584.5,808.7,0.991,0.47808,0.32049,459.0,547.1,0.733,0.56018,0.48747,537.8,832.1,0.932
1176,32.478,960,1707,0.75569,0.22897,725.5,390.8,0.978,0.76039,0.22423,730.0,382.8,0.985,0.75761,0.22227,727.3,379.4,0.985,0.75474,0.22037,724.6,376.2,0.99,0.76479,0.22871,734.2,390.4,0.987,0.76599,0.23015,735.4,392.9,0.988,0.7672,0.23174,736.5,395.6,0.991,0.7427,0.21773,713.0,371.7,0.992,0.7656,0.23443,735.0,400.2,0.983,0.74175,0.227,712.1,387.5,0.973,0.74917,0.23222,719.2,396.4,0.959,0.69501,0.21922,667.2,374.2,1.0,0.75562,0.26101,725.4,445.5,1.0,0.6077,0.21747,583.4,371.2,0.932,0.70197,0.29235,673.9,499.0,0.037,0.55062,0.20653,528.6,352.6,0.651,0.64023,0.28081,614.6,479.3,0.043,0.53288,0.2031,511.6,346.7,0.618,0.63692,0.28481,611.4,486.2,0.061,0.53854,0.19947,517.0,340.5,0.607,0.6237,0.27907,598.8,476.4,0.067,0.54484,0.20251,523.0,345.7,0.507,0.62135,0.27656,596.5,472.1,0.067,0.63426,0.28919,608.9,493.6,1.0,0.66438,0.3227,637.8,550.9,1.0,0.5572,0.24621,534.9,420.3,0.852,0.6085,0.38653,584.2,659.8,0.983,0.52236,0.30171,501.5,515.0,0.881,0.60073,0.46119,576.7,787.2,0.983,0.53282,0.31315,511.5,534.6,0.945,0.60941,0.47356,585.0,808.4,0.992,0.47513,0.3212,456.1,548.3,0.751,0.56002,0.48748,537.6,832.1,0.938
1177,32.506,960,1707,0.75918,0.23013,728.8,392.8,0.98,0.76338,0.2252,732.8,384.4,0.986,0.76125,0.22333,730.8,381.2,0.987,0.75829,0.22141,728.0,377.9,0.991,0.7676,0.22962,736.9,392.0,0.989,0.76873,0.23095,738.0,394.2,0.989,0.76997,0.23238,739.2,396.7,0.992,0.74527,0.21829,715.5,372.6,0.993,0.76793,0.23499,737.2,401.1,0.984,0.7454,0.22776,715.6,388.8,0.976,0.75298,0.23321,722.9,398.1,0.963,0.69497,0.21837,667.2,372.8,1.0,0.75571,0.26099,725.5,445.5,1.0,0.60674,0.21763,582.5,371.5,0.937,0.69931,0.29226,671.3,498.9,0.043,0.55096,0.20603,528.9,351.7,0.677,0.63951,0.28063,613.9,479.0,0.06,0.5335,0.20303,512.2,346.6,0.644,0.63601,0.28397,610.6,484.7,0.082,0.53963,0.1991,518.0,339.9,0.633,0.62335,0.27872,598.4,475.8,0.089,0.54583,0.20184,524.0,344.5,0.537,0.62032,0.27581,595.5,470.8,0.089,0.63462,0.28917,609.2,493.6,1.0,0.66502,0.32267,638.4,550.8,1.0,0.55678,0.24788,534.5,423.1,0.865,0.60884,0.38659,584.5,659.9,0.984,0.52235,0.30174,501.5,515.1,0.889,0.60115,0.46124,577.1,787.3,0.985,0.53282,0.31326,511.5,534.7,0.949,0.60959,0.47363,585.2,808.5,0.992,0.47366,0.32063,454.7,547.3,0.766,0.56045,0.48708,538.0,831.4,0.943
1178,32.533,960,1707,0.75747,0.22988,727.2,392.4,0.982,0.76261,0.22495,732.1,384.0,0.987,0.75978,0.22295,729.4,380.6,0.988,0.75683,0.22105,726.6,377.3,0.991,0.7668,0.22942,736.1,391.6,0.99,0.76781,0.2307,737.1,393.8,0.99,0.76895,0.23209,738.2,396.2,0.993,0.74301,0.218,713.3,372.1,0.994,0.76725,0.23464,736.6,400.5,0.986,0.74267,0.22742,713.0,388.2,0.978,0.7511,0.23286,721.1,397.5,0.967,0.69503,0.21765,667.2,371.5,1.0,0.75574,0.26085,725.5,445.3,1.0,0.60648,0.21763,582.2,371.5,0.942,0.70156,0.29233,673.5,499.0,0.064,0.55103,0.20592,529.0,351.5,0.703,0.64034,0.2807,614.7,479.2,0.072,0.53349,0.20303,512.1,346.6,0.671,0.63621,0.2845,610.8,485.6,0.094,0.53995,0.1989,518.3,339.5,0.66,0.6243,0.27905,599.3,476.3,0.103,0.5464,0.20146,524.5,343.9,0.569,0.62308,0.27723,598.2,473.2,0.103,0.63559,0.28921,610.2,493.7,1.0,0.66585,0.32267,639.2,550.8,1.0,0.55706,0.24849,534.8,424.2,0.878,0.60881,0.38688,584.5,660.4,0.986,0.52313,0.30363,502.2,518.3,0.899,0.60139,0.46152,577.3,787.8,0.986,0.53357,0.31539,512.2,538.4,0.953,0.60972,0.47368,585.3,808.6,0.993,0.47918,0.3213,460.0,548.5,0.786,0.5608,0.48707,538.4,831.4,0.949
1179,32.561,960,1707,0.75871,0.23125,728.4,394.7,0.984,0.76323,0.22628,732.7,386.3,0.989,0.76105,0.22437,730.6,383.0,0.989,0.75765,0.22228,727.3,379.4,0.992,0.76721,0.23061,736.5,393.7,0.991,0.76825,0.23178,737.5,395.6,0.991,0.76946,0.23303,738.7,397.8,0.994,0.74364,0.21841,713.9,372.8,0.994,0.76761,0.23517,736.9,401.4,0.987,0.74456,0.22846,714.8,390.0,0.98,0.7524,0.23409,722.3,399.6,0.97,0.69503,0.21719,667.2,370.7,1.0,0.75598,0.26051,725.7,444.7,1.0,0.60625,0.21765,582.0,371.5,0.946,0.70256,0.29207,674.5,498.6,0.063,0.55094,0.20605,528.9,351.7,0.725,0.64125,0.2798,615.6,477.6,0.084,0.53289,0.20366,511.6,347.7,0.693,0.63722,0.28252,611.7,482.3,0.112,0.53983,0.19919,518.2,340.0,0.683,0.62432,0.27502,599.3,469.5,0.123,0.54641,0.20172,524.6,344.3,0.595,0.62281,0.27521,597.9,469.8,0.123,0.63677,0.28922,611.3,493.7,1.0,0.66719,0.32259,640.5,550.7,1.0,0.55634,0.24917,534.1,425.3,0.89,0.60881,0.38656,584.5,659.9,0.987,0.5249,0.30405,503.9,519.0,0.907,0.60165,0.46154,577.6,787.8,0.987,0.53606,0.31546,514.6,538.5,0.957,0.6101,0.47368,585.7,808.6,0.994,0.48259,0.32103,463.3,548.0,0.803,0.5608,0.48701,538.4,831.3,0.953
1180,32.589,960,1707,0.75755,0.23098,727.2,394.3,0.985,0.76226,0.22611,731.8,386.0,0.99,0.7594,0.22409,729.0,382.5,0.99,0.75648,0.22214,726.2,379.2,0.993,0.76609,0.23042,735.4,393.3,0.992,0.76693,0.23158,736.2,395.3,0.992,0.76792,0.23283,737.2,397.4,0.994,0.74271,0.21826,713.0,372.6,0.995,0.76673,0.23516,736.1,401.4,0.989,0.74328,0.22834,713.5,389.8,0.982,0.7508,0.2338,720.8,399.1,0.973,0.695,0.21678,667.2,370.0,1.0,0.75596,0.2605,725.7,444.7,1.0,0.60513,0.21797,580.9,372.1,0.951,0.70219,0.29213,674.1,498.7,0.063,0.55102,0.20605,529.0,351.7,0.746,0.64208,0.28013,616.4,478.2,0.1,0.53292,0.20366,511.6,347.6,0.717,0.63798,0.28224,612.5,481.8,0.136,0.54002,0.19921,518.4,340.0,0.706,0.62481,0.27568,599.8,470.6,0.151,0.54677,0.20185,524.9,344.6,0.623,0.62384,0.27407,598.9,467.8,0.15,0.637,0.28891,611.5,493.2,1.0,0.66742,0.32237,640.7,550.3,1.0,0.55502,0.24946,532.8,425.8,0.9,0.6088,0.38627,584.4,659.4,0.989,0.52442,0.3041,503.4,519.1,0.914,0.60173,0.46155,577.7,787.9,0.989,0.53641,0.31542,514.9,538.4,0.961,0.61017,0.47374,585.8,808.7,0.994,0.47816,0.32186,459.0,549.4,0.819,0.55985,0.48703,537.5,831.4,0.958
1181,32.616,960,1707,0.75934,0.23051,729.0,393.5,0.987,0.76361,0.22567,733.1,385.2,0.991,0.76075,0.22367,730.3,381.8,0.991,0.75792,0.22178,727.6,378.6,0.994,0.76688,0.22996,736.2,392.5,0.992,0.76778,0.2312,737.1,394.7,0.993,0.76858,0.23251,737.8,396.9,0.995,0.743,0.21819,713.3,372.4,0.995,0.76647,0.2349,735.8,401.0,0.99,0.74469,0.22824,714.9,389.6,0.984,0.75211,0.23345,722.0,398.5,0.975,0.69496,0.21603,667.2,368.8,1.0,0.75587,0.2605,725.6,444.7,1.0,0.60284,0.21798,578.7,372.1,0.955,0.70274,0.29228,674.6,498.9,0.063,0.55074,0.20605,528.7,351.7,0.765,0.64258,0.27971,616.9,477.5,0.112,0.53283,0.20366,511.5,347.6,0.738,0.63966,0.28108,614.1,479.8,0.154,0.54001,0.19943,518.4,340.4,0.727,0.6258,0.27457,600.8,468.7,0.173,0.54678,0.20214,524.9,345.1,0.648,0.62437,0.27211,599.4,464.5,0.172,0.63685,0.28878,611.4,492.9,1.0,0.66723,0.32237,640.5,550.3,1.0,0.55496,0.24994,532.8,426.6,0.91,0.60877,0.38642,584.4,659.6,0.99,0.52523,0.30497,504.2,520.6,0.922,0.60185,0.4618,577.8,788.3,0.99,0.53748,0.31565,516.0,538.8,0.965,0.6102,0.47385,585.8,808.9,0.995,0.47971,0.32358,460.5,552.3,0.835,0.55985,0.48717,537.5,831.6,0.962
1182,32.644,960,1707,0.76088,0.23024,730.4,393.0,0.988,0.76515,0.22535,734.5,384.7,0.992,0.76237,0.22338,731.9,381.3,0.992,0.75969,0.22154,729.3,378.2,0.994,0.7684,0.22962,737.7,392.0,0.993,0.76911,0.23089,738.3,394.1,0.993,0.76984,0.23225,739.0,396.5,0.995,0.74405,0.21799,714.3,372.1,0.996,0.76692,0.23472,736.2,400.7,0.991,0.74643,0.22789,716.6,389.0,0.985,0.75355,0.23337,723.4,398.4,0.978,0.69509,0.21522,667.3,367.4,1.0,0.75562,0.25982,725.4,443.5,1.0,0.60146,0.21813,577.4,372.3,0.958,0.70236,0.29235,674.3,499.0,0.065,0.55038,0.20586,528.4,351.4,0.781,0.64261,0.27994,616.9,477.8,0.126,0.53227,0.20339,511.0,347.2,0.755,0.63993,0.28198,614.3,481.3,0.174,0.54002,0.1994,518.4,340.4,0.744,0.62596,0.27472,600.9,468.9,0.196,0.54691,0.20202,525.0,344.8,0.668,0.62472,0.27384,599.7,467.4,0.195,0.63671,0.28875,611.2,492.9,1.0,0.66706,0.32238,640.4,550.3,1.0,0.55493,0.24978,532.7,426.4,0.918,0.60876,0.38657,584.4,659.9,0.991,0.52648,0.3051,505.4,520.8,0.928,0.60189,0.46223,577.8,789.0,0.991,0.5384,0.31591,516.9,539.3,0.968,0.61014,0.47402,585.7,809.1,0.995,0.47958,0.32329,460.4,551.9,0.848,0.55998,0.48734,537.6,831.9,0.965
1183,32.671,960,1707,0.76109,0.22911,730.6,391.1,0.989,0.76492,0.2249,734.3,383.9,0.992,0.76243,0.22303,731.9,380.7,0.993,0.75968,0.22122,729.3,377.6,0.995,0.76883,0.22932,738.1,391.4,0.994,0.76977,0.23066,739.0,393.7,0.994,0.77046,0.23198,739.6,396.0,0.996,0.74384,0.21725,714.1,370.8,0.996,0.76715,0.23425,736.5,399.9,0.992,0.74622,0.22595,716.4,385.7,0.987,0.75347,0.23173,723.3,395.6,0.98,0.69511,0.21446,667.3,366.1,1.0,0.75526,0.25948,725.0,442.9,1.0,0.60093,0.21813,576.9,372.3,0.96,0.70268,0.29306,674.6,500.2,0.068,0.54928,0.20581,527.3,351.3,0.795,0.64697,0.28186,621.1,481.1,0.137,0.53151,0.20339,510.3,347.2,0.769,0.64268,0.28451,617.0,485.7,0.188,0.53961,0.19942,518.0,340.4,0.758,0.62931,0.27715,604.1,473.1,0.211,0.54665,0.202,524.8,344.8,0.683,0.62755,0.27399,602.4,467.7,0.209,0.63587,0.2887,610.4,492.8,1.0,0.66566,0.32238,639.0,550.3,1.0,0.55399,0.24962,531.8,426.1,0.926,0.60873,0.38685,584.4,660.3,0.992,0.52638,0.30541,505.3,521.3,0.934,0.60195,0.46244,577.9,789.4,0.991,0.53856,0.31626,517.0,539.9,0.97,0.60997,0.47411,585.6,809.3,0.996,0.48047,0.32252,461.3,550.5,0.858,0.56093,0.48725,538.5,831.7,0.968
1184,32.699,960,1707,0.75909,0.22711,728.7,387.7,0.99,0.76325,0.224,732.7,382.4,0.993,0.76084,0.2222,730.4,379.3,0.994,0.75869,0.2198,728.3,375.2,0.995,0.76751,0.22868,736.8,390.4,0.994,0.76843,0.23,737.7,392.6,0.995,0.76919,0.23132,738.4,394.9,0.996,0.74133,0.21537,711.7,367.6,0.997,0.76679,0.23351,736.1,398.6,0.992,0.74424,0.22316,714.5,380.9,0.988,0.75284,0.22891,722.7,390.8,0.982,0.69403,0.21336,666.3,364.2,1.0,0.75426,0.2591,724.1,442.3,1.0,0.60051,0.21813,576.5,372.3,0.964,0.70417,0.29313,676.0,500.4,0.07,0.54884,0.20581,526.9,351.3,0.811,0.65117,0.2863,625.1,488.7,0.15,0.53091,0.20338,509.7,347.2,0.786,0.65013,0.28491,624.1,486.3,0.206,0.5393,0.1994,517.7,340.4,0.776,0.63653,0.27723,611.1,473.2,0.231,0.54653,0.20187,524.7,344.6,0.705,0.63534,0.27521,609.9,469.8,0.228,0.63544,0.28854,610.0,492.5,1.0,0.66558,0.32219,639.0,550.0,1.0,0.55276,0.24953,530.6,425.9,0.933,0.60875,0.3864,584.4,659.6,0.992,0.52618,0.30582,505.1,522.0,0.939,0.60203,0.46244,577.9,789.4,0.992,0.53927,0.31623,517.7,539.8,0.973,0.60992,0.47411,585.5,809.3,0.996,0.48084,0.32255,461.6,550.6,0.87,0.56181,0.48705,539.3,831.4,0.971
1185,32.727,960,1707,0.76057,0.22715,730.1,387.8,0.991,0.76397,0.22393,733.4,382.3,0.994,0.76143,0.22213,731.0,379.2,0.994,0.75889,0.2198,728.5,375.2,0.996,0.76887,0.22863,738.1,390.3,0.995,0.77002,0.23002,739.2,392.6,0.995,0.77093,0.23141,740.1,395.0,0.997,0.74219,0.21538,712.5,367.6,0.997,0.76696,0.23351,736.3,398.6,0.993,0.74513,0.22332,715.3,381.2,0.989,0.75389,0.22904,723.7,391.0,0.984,0.69274,0.21276,665.0,363.2,1.0,0.75371,0.25913,723.6,442.3,1.0,0.60014,0.21812,576.1,372.3,0.967,0.70944,0.29853,681.1,509.6,0.094,0.54879,0.2058,526.8,351.3,0.822,0.65588,0.29182,629.6,498.1,0.146,0.53056,0.20337,509.3,347.2,0.796,0.65308,0.28862,627.0,492.7,0.199,0.53926,0.19923,517.7,340.1,0.786,0.63952,0.28062,613.9,479.0,0.223,0.54654,0.20138,524.7,343.8,0.716,0.64299,0.28015,617.3,478.2,0.22,0.63307,0.2885,607.7,492.5,1.0,0.66438,0.32219,637.8,550.0,1.0,0.55013,0.24949,528.1,425.9,0.939,0.6087,0.38639,584.3,659.6,0.993,0.5253,0.30743,504.3,524.8,0.944,0.60204,0.46244,578.0,789.4,0.993,0.5377,0.31821,516.2,543.2,0.975,0.60989,0.4741,585.5,809.3,0.996,0.48067,0.32224,461.4,550.1,0.879,0.56258,0.48675,540.1,830.9,0.973
1186,32.754,960,1707,0.76241,0.22741,731.9,388.2,0.992,0.76511,0.22404,734.5,382.4,0.994,0.76262,0.22225,732.1,379.4,0.995,0.76004,0.22012,729.6,375.7,0.996,0.77012,0.22879,739.3,390.5,0.995,0.77134,0.23024,740.5,393.0,0.996,0.77233,0.23169,741.4,395.5,0.997,0.74331,0.21549,713.6,367.8,0.997,0.76689,0.23352,736.2,398.6,0.994,0.7468,0.22335,716.9,381.3,0.99,0.75545,0.22951,725.2,391.8,0.985,0.69184,0.21183,664.2,361.6,1.0,0.75347,0.25914,723.3,442.3,1.0,0.59936,0.21803,575.4,372.2,0.969,0.71363,0.29945,685.1,511.2,0.114,0.54873,0.20579,526.8,351.3,0.832,0.66449,0.29077,637.9,496.3,0.14,0.53053,0.20339,509.3,347.2,0.806,0.66266,0.28743,636.2,490.6,0.19,0.53929,0.19919,517.7,340.0,0.797,0.65416,0.27948,628.0,477.1,0.212,0.5467,0.20122,524.8,343.5,0.728,0.65363,0.27932,627.5,476.8,0.21,0.6317,0.28812,606.4,491.8,1.0,0.66395,0.32222,637.4,550.0,1.0,0.54869,0.24946,526.7,425.8,0.945,0.60869,0.3866,584.3,659.9,0.994,0.52475,0.30733,503.8,524.6,0.949,0.60206,0.46286,578.0,790.1,0.993,0.53675,0.31873,515.3,544.1,0.977,0.60986,0.47421,585.5,809.5,0.997,0.47979,0.32204,460.6,549.7,0.889,0.56294,0.48676,540.4,830.9,0.976
1187,32.782,960,1707,0.76321,0.22784,732.7,388.9,0.993,0.76606,0.2244,735.4,383.0,0.995,0.7634,0.22254,732.9,379.9,0.995,0.7608,0.22055,730.4,376.5,0.997,0.77087,0.22909,740.0,391.1,0.996,0.77205,0.23055,741.2,393.6,0.996,0.77314,0.23207,742.2,396.1,0.997,0.74479,0.2158,715.0,368.4,0.997,0.76717,0.23377,736.5,399.0,0.994,0.74795,0.22378,718.0,382.0,0.991,0.75619,0.23015,725.9,392.9,0.987,0.69109,0.2111,663.5,360.3,1.0,0.75313,0.26006,723.0,443.9,1.0,0.59851,0.21783,574.6,371.8,0.972,0.71431,0.30154,685.7,514.7,0.128,0.54859,0.20575,526.6,351.2,0.841,0.66448,0.29323,637.9,500.5,0.135,0.53037,0.20338,509.2,347.2,0.815,0.6626,0.28955,636.1,494.3,0.181,0.53929,0.19903,517.7,339.7,0.805,0.6546,0.28159,628.4,480.7,0.203,0.54671,0.20086,524.8,342.9,0.738,0.6535,0.28144,627.4,480.4,0.202,0.62965,0.28801,604.5,491.6,1.0,0.66297,0.3224,636.4,550.3,1.0,0.54595,0.24894,524.1,424.9,0.95,0.6087,0.38725,584.3,661.0,0.994,0.52436,0.30744,503.4,524.8,0.953,0.60197,0.46315,577.9,790.6,0.994,0.5362,0.31875,514.7,544.1,0.979,0.60964,0.47424,585.3,809.5,0.997,0.47906,0.32237,459.9,550.3,0.898,0.56295,0.48684,540.4,831.0,0.978
1188,32.81,960,1707,0.75616,0.227,725.9,387.5,0.994,0.76151,0.2242,731.1,382.7,0.995,0.75855,0.22231,728.2,379.5,0.996,0.75005,0.21918,720.1,374.1,0.997,0.76856,0.22904,737.8,391.0,0.996,0.76949,0.2305,738.7,393.5,0.996,0.77115,0.23211,740.3,396.2,0.997,0.73725,0.21516,707.8,367.3,0.998,0.76363,0.23377,733.1,399.0,0.995,0.73392,0.22223,704.6,379.3,0.992,0.74575,0.22907,715.9,391.0,0.988,0.68924,0.21068,661.7,359.6,1.0,0.74962,0.26099,719.6,445.5,1.0,0.59765,0.21774,573.7,371.7,0.974,0.71557,0.30305,686.9,517.3,0.132,0.54885,0.2058,526.9,351.3,0.848,0.66922,0.29391,642.5,501.7,0.128,0.53052,0.20338,509.3,347.2,0.823,0.66915,0.29006,642.4,495.1,0.173,0.54002,0.19902,518.4,339.7,0.813,0.66018,0.28186,633.8,481.1,0.194,0.54746,0.20087,525.6,342.9,0.747,0.65789,0.28186,631.6,481.1,0.193,0.62955,0.28733,604.4,490.5,1.0,0.66273,0.32215,636.2,549.9,1.0,0.54439,0.25043,522.6,427.5,0.955,0.60881,0.38807,584.5,662.4,0.995,0.52411,0.30755,503.1,525.0,0.957,0.60197,0.4633,577.9,790.8,0.994,0.53596,0.31895,514.5,544.5,0.981,0.60963,0.47424,585.2,809.5,0.997,0.47871,0.32234,459.6,550.2,0.906,0.56333,0.48683,540.8,831.0,0.98
1189,32.837,960,1707,0.70544,0.21494,677.2,366.9,0.994,0.71421,0.20917,685.6,357.1,0.996,0.71283,0.20766,684.3,354.5,0.996,0.71072,0.20618,682.3,351.9,0.997,0.71982,0.21373,691.0,364.8,0.997,0.72253,0.21566,693.6,368.1,0.997,0.72537,0.2175,696.4,371.3,0.998,0.7096,0.20841,681.2,355.8,0.998,0.73556,0.2227,706.1,380.2,0.995,0.69423,0.21424,666.5,365.7,0.993,0.70712,0.22075,678.8,376.8,0.989,0.6864,0.20991,658.9,358.3,1.0,0.74683,0.26096,717.0,445.5,1.0,0.59544,0.21773,571.6,371.7,0.967,0.72584,0.30214,696.8,515.7,0.12,0.54884,0.2058,526.9,351.3,0.816,0.70008,0.28625,672.1,488.6,0.117,0.5305,0.20343,509.3,347.2,0.796,0.70794,0.27919,679.6,476.6,0.16,0.54028,0.19902,518.7,339.7,0.786,0.69443,0.26942,666.7,459.9,0.179,0.54769,0.20088,525.8,342.9,0.716,0.68894,0.27083,661.4,462.3,0.179,0.62717,0.28607,602.1,488.3,1.0,0.66168,0.32206,635.2,549.8,1.0,0.54172,0.25033,520.0,427.3,0.957,0.60863,0.38804,584.3,662.4,0.995,0.52397,0.30745,503.0,524.8,0.957,0.60127,0.46275,577.2,789.9,0.995,0.53586,0.31969,514.4,545.7,0.982,0.60871,0.47346,584.4,808.2,0.997,0.47759,0.32227,458.5,550.1,0.909,0.56332,0.4868,540.8,831.0,0.981
1190,32.865,960,1707,0.66996,0.2082,643.2,355.4,0.995,0.67314,0.20336,646.2,347.1,0.996,0.67363,0.20283,646.7,346.2,0.996,0.67404,0.20226,647.1,345.3,0.997,0.67606,0.20501,649.0,349.9,0.997,0.67825,0.20557,651.1,350.9,0.997,0.68003,0.20585,652.8,351.4,0.998,0.68291,0.20451,655.6,349.1,0.998,0.69152,0.20811,663.9,355.2,0.996,0.67401,0.21122,647.1,360.5,0.993,0.67677,0.21386,649.7,365.1,0.99,0.6842,0.20967,656.8,357.9,1.0,0.74247,0.25621,712.8,437.4,1.0,0.59461,0.2177,570.8,371.6,0.967,0.72025,0.30045,691.4,512.9,0.126,0.54891,0.20543,527.0,350.7,0.806,0.65896,0.29044,632.6,495.8,0.108,0.53079,0.20331,509.6,347.0,0.787,0.65079,0.28582,624.8,487.9,0.147,0.54057,0.199,518.9,339.7,0.777,0.63827,0.27749,612.7,473.7,0.164,0.548,0.20086,526.1,342.9,0.702,0.64066,0.27701,615.0,472.9,0.164,0.62704,0.28481,602.0,486.2,1.0,0.6611,0.32131,634.7,548.5,1.0,0.53979,0.25024,518.2,427.2,0.959,0.6083,0.38674,584.0,660.2,0.995,0.52382,0.30782,502.9,525.5,0.96,0.60128,0.46213,577.2,788.9,0.995,0.5357,0.32048,514.3,547.1,0.983,0.60871,0.4731,584.4,807.6,0.998,0.47753,0.32313,458.4,551.6,0.914,0.56304,0.48728,540.5,831.8,0.982
1191,32.892,960,1707,0.66595,0.2059,639.3,351.5,0.995,0.66859,0.20147,641.8,343.9,0.997,0.66998,0.20107,643.2,343.2,0.997,0.67121,0.20059,644.4,342.4,0.998,0.66934,0.20274,642.6,346.1,0.997,0.67112,0.20314,644.3,346.8,0.997,0.67242,0.2032,645.5,346.9,0.998,0.68188,0.20301,654.6,346.5,0.998,0.69761,0.20871,669.7,356.3,0.996,0.67214,0.20938,645.3,357.4,0.994,0.673,0.21143,646.1,360.9,0.99,0.68448,0.20879,657.1,356.4,1.0,0.73872,0.25519,709.2,435.6,1.0,0.59248,0.21723,568.8,370.8,0.961,0.71012,0.29901,681.7,510.4,0.126,0.55076,0.20559,528.7,351.0,0.77,0.64604,0.29273,620.2,499.7,0.099,0.53253,0.2033,511.2,347.0,0.755,0.63694,0.29008,611.5,495.2,0.134,0.54241,0.19956,520.7,340.7,0.745,0.624,0.28176,599.0,481.0,0.15,0.54935,0.202,527.4,344.8,0.668,0.63046,0.28258,605.2,482.4,0.15,0.62741,0.28375,602.3,484.4,1.0,0.66098,0.32005,634.5,546.3,1.0,0.53948,0.24993,517.9,426.6,0.961,0.60827,0.38664,583.9,660.0,0.995,0.52433,0.30774,503.4,525.3,0.962,0.60151,0.46181,577.5,788.3,0.995,0.53673,0.32079,515.3,547.6,0.984,0.6094,0.47314,585.0,807.6,0.998,0.47734,0.32292,458.3,551.2,0.919,0.56102,0.48874,538.6,834.3,0.983
1192,32.92,960,1707,0.67295,0.2074,646.0,354.0,0.995,0.67665,0.20326,649.6,347.0,0.997,0.67803,0.20281,650.9,346.2,0.997,0.67911,0.20223,651.9,345.2,0.998,0.67703,0.20469,649.9,349.4,0.997,0.67829,0.20509,651.2,350.1,0.997,0.6794,0.20521,652.2,350.3,0.998,0.6879,0.2038,660.4,347.9,0.998,0.6955,0.20903,667.7,356.8,0.996,0.67653,0.21048,649.5,359.3,0.994,0.6781,0.21271,651.0,363.1,0.99,0.68345,0.20826,656.1,355.5,1.0,0.73881,0.25508,709.3,435.4,1.0,0.59264,0.21723,568.9,370.8,0.955,0.70753,0.29495,679.2,503.5,0.115,0.55083,0.20619,528.8,352.0,0.754,0.64515,0.29288,619.3,500.0,0.094,0.5325,0.20329,511.2,347.0,0.744,0.63901,0.29084,613.4,496.5,0.129,0.54258,0.20014,520.9,341.6,0.734,0.62726,0.28363,602.2,484.2,0.143,0.54968,0.20299,527.7,346.5,0.655,0.6279,0.28396,602.8,484.7,0.144,0.62755,0.28359,602.5,484.1,1.0,0.66113,0.31958,634.7,545.5,1.0,0.53981,0.24989,518.2,426.6,0.962,0.60787,0.38553,583.6,658.1,0.996,0.52442,0.30805,503.4,525.8,0.964,0.60078,0.46054,576.7,786.1,0.996,0.53747,0.32063,516.0,547.3,0.985,0.60966,0.47156,585.3,805.0,0.998,0.47722,0.32446,458.1,553.8,0.923,0.56066,0.48945,538.2,835.5,0.984
1193,32.948,960,1707,0.68129,0.20874,654.0,356.3,0.996,0.6842,0.20469,656.8,349.4,0.997,0.68545,0.20414,658.0,348.5,0.997,0.68694,0.20327,659.5,347.0,0.998,0.68531,0.20651,657.9,352.5,0.998,0.6863,0.20692,658.8,353.2,0.998,0.69694,0.20798,669.1,355.0,0.998,0.69385,0.20416,666.1,348.5,0.998,0.70988,0.21171,681.5,361.4,0.997,0.68411,0.21138,656.7,360.8,0.994,0.68709,0.21399,659.6,365.3,0.991,0.68231,0.20737,655.0,354.0,1.0,0.73956,0.25503,710.0,435.3,1.0,0.59286,0.21733,569.1,371.0,0.956,0.71258,0.29451,684.1,502.7,0.115,0.55133,0.20699,529.3,353.3,0.753,0.6476,0.29319,621.7,500.5,0.087,0.53233,0.20332,511.0,347.1,0.744,0.64166,0.29159,616.0,497.7,0.119,0.5428,0.20015,521.1,341.7,0.734,0.63003,0.2847,604.8,486.0,0.132,0.55023,0.20301,528.2,346.5,0.653,0.63101,0.28467,605.8,485.9,0.133,0.62713,0.28378,602.0,484.4,1.0,0.66083,0.31967,634.4,545.7,1.0,0.53934,0.24969,517.8,426.2,0.964,0.60749,0.38445,583.2,656.3,0.996,0.52502,0.30804,504.0,525.8,0.965,0.60038,0.46059,576.4,786.2,0.996,0.53734,0.32089,515.8,547.8,0.986,0.60894,0.4716,584.6,805.0,0.998,0.4774,0.3243,458.3,553.6,0.927,0.56069,0.49043,538.3,837.2,0.985
1194,32.975,960,1707,0.67746,0.20685,650.4,353.1,0.996,0.68176,0.20221,654.5,345.2,0.997,0.68251,0.2017,655.2,344.3,0.997,0.68298,0.20116,655.7,343.4,0.998,0.68334,0.2037,656.0,347.7,0.998,0.68476,0.20414,657.4,348.5,0.998,0.68794,0.20461,660.4,349.3,0.998,0.68911,0.20229,661.5,345.3,0.999,0.69952,0.20652,671.5,352.5,0.997,0.67866,0.21044,651.5,359.2,0.994,0.68081,0.21243,653.6,362.6,0.991,0.68045,0.20759,653.2,354.4,1.0,0.73982,0.25165,710.2,429.6,1.0,0.59321,0.21731,569.5,371.0,0.956,0.72007,0.29329,691.3,500.6,0.122,0.55179,0.20682,529.7,353.0,0.732,0.6639,0.29303,637.3,500.2,0.081,0.53349,0.20321,512.2,346.9,0.725,0.65559,0.29205,629.4,498.5,0.109,0.54412,0.20009,522.4,341.6,0.715,0.64668,0.28558,620.8,487.5,0.121,0.5511,0.20266,529.1,345.9,0.632,0.64942,0.28512,623.4,486.7,0.122,0.62554,0.28385,600.5,484.5,1.0,0.66066,0.3196,634.2,545.6,1.0,0.53917,0.24859,517.6,424.3,0.964,0.60749,0.38353,583.2,654.7,0.996,0.52498,0.30807,504.0,525.9,0.966,0.6,0.46065,576.0,786.3,0.996,0.53708,0.32239,515.6,550.3,0.986,0.60886,0.4717,584.5,805.2,0.998,0.47773,0.32382,458.6,552.8,0.928,0.5607,0.49097,538.3,838.1,0.986
1195,33.003,960,1707,0.67704,0.20714,650.0,353.6,0.996,0.67952,0.20266,652.3,345.9,0.997,0.68037,0.20226,653.2,345.3,0.997,0.68097,0.20178,653.7,344.4,0.998,0.68005,0.20373,652.8,347.8,0.998,0.68188,0.20411,654.6,348.4,0.998,0.68357,0.20423,656.2,348.6,0.998,0.68757,0.20245,660.1,345.6,0.998,0.70465,0.2085,676.5,355.9,0.997,0.67985,0.21067,652.7,359.6,0.994,0.68234,0.21244,655.1,362.6,0.991,0.68019,0.20779,653.0,354.7,1.0,0.74029,0.25192,710.7,430.0,1.0,0.59452,0.21729,570.7,370.9,0.95,0.72002,0.29297,691.2,500.1,0.119,0.55216,0.2075,530.1,354.2,0.713,0.66365,0.29571,637.1,504.8,0.074,0.53435,0.20363,513.0,347.6,0.704,0.65253,0.29626,626.4,505.7,0.1,0.54423,0.20076,522.5,342.7,0.695,0.64344,0.28826,617.7,492.1,0.111,0.55122,0.20355,529.2,347.5,0.608,0.64736,0.28925,621.5,493.7,0.111,0.62522,0.28383,600.2,484.5,1.0,0.66068,0.31928,634.3,545.0,1.0,0.53871,0.24848,517.2,424.2,0.952,0.60791,0.38303,583.6,653.8,0.994,0.52512,0.30804,504.1,525.8,0.957,0.59979,0.46038,575.8,785.9,0.995,0.53705,0.32317,515.6,551.6,0.983,0.60885,0.47171,584.5,805.2,0.997,0.47838,0.32374,459.2,552.6,0.913,0.56119,0.49098,538.7,838.1,0.982
1196,33.03,960,1707,0.67626,0.20675,649.2,352.9,0.996,0.67863,0.20239,651.5,345.5,0.997,0.67929,0.20201,652.1,344.8,0.997,0.6801,0.2014,652.9,343.8,0.998,0.67984,0.2037,652.6,347.7,0.998,0.68189,0.20428,654.6,348.7,0.998,0.68363,0.20455,656.3,349.2,0.998,0.68646,0.20247,659.0,345.6,0.998,0.70639,0.20965,678.1,357.9,0.997,0.67868,0.21044,651.5,359.2,0.994,0.68123,0.21234,654.0,362.5,0.991,0.6798,0.20791,652.6,354.9,1.0,0.73936,0.25225,709.8,430.6,1.0,0.59468,0.21742,570.9,371.1,0.931,0.71463,0.29205,686.0,498.5,0.108,0.55215,0.20803,530.1,355.1,0.683,0.66077,0.29677,634.3,506.6,0.069,0.53473,0.20376,513.3,347.8,0.677,0.65212,0.29773,626.0,508.2,0.094,0.54429,0.20118,522.5,343.4,0.669,0.64024,0.29119,614.6,497.1,0.104,0.55119,0.20404,529.1,348.3,0.581,0.64206,0.29077,616.4,496.3,0.104,0.62537,0.28385,600.4,484.5,1.0,0.66089,0.31932,634.5,545.1,1.0,0.53729,0.24863,515.8,424.4,0.939,0.60792,0.38292,583.6,653.6,0.992,0.5251,0.30824,504.1,526.2,0.943,0.59965,0.46043,575.7,785.9,0.994,0.53729,0.323,515.8,551.4,0.979,0.60793,0.47158,583.6,805.0,0.997,0.47867,0.32403,459.5,553.1,0.891,0.56137,0.49094,538.9,838.0,0.978
1197,33.058,960,1707,0.67219,0.2062,645.3,352.0,0.996,0.67502,0.20183,648.0,344.5,0.997,0.67567,0.20153,648.6,344.0,0.997,0.67617,0.20109,649.1,343.3,0.998,0.67627,0.20291,649.2,346.4,0.998,0.67791,0.20334,650.8,347.1,0.998,0.67955,0.20354,652.4,347.4,0.998,0.68432,0.20199,656.9,344.8,0.998,0.69709,0.20612,669.2,351.8,0.997,0.67447,0.21001,647.5,358.5,0.994,0.67623,0.21165,649.2,361.3,0.991,0.67961,0.208,652.4,355.1,1.0,0.73885,0.25238,709.3,430.8,1.0,0.59473,0.21761,570.9,371.5,0.93,0.71473,0.29234,686.1,499.0,0.109,0.55201,0.20812,529.9,355.3,0.673,0.66152,0.29889,635.1,510.2,0.064,0.53484,0.20376,513.4,347.8,0.666,0.65239,0.29971,626.3,511.6,0.086,0.54435,0.20116,522.6,343.4,0.658,0.64093,0.29337,615.3,500.8,0.095,0.55117,0.20401,529.1,348.2,0.568,0.64378,0.29245,618.0,499.2,0.096,0.62544,0.28393,600.4,484.7,1.0,0.66113,0.31932,634.7,545.1,1.0,0.53539,0.24874,514.0,424.6,0.938,0.60792,0.38164,583.6,651.5,0.992,0.52508,0.30823,504.1,526.1,0.943,0.59956,0.46031,575.6,785.7,0.994,0.53722,0.3229,515.7,551.2,0.979,0.6078,0.47114,583.5,804.2,0.996,0.47893,0.32391,459.8,552.9,0.89,0.56161,0.49089,539.1,837.9,0.978
1198,33.086,960,1707,0.67385,0.2063,646.9,352.2,0.997,0.67613,0.20158,649.1,344.1,0.998,0.6765,0.20119,649.4,343.4,0.998,0.67685,0.20062,649.8,342.5,0.998,0.67814,0.20292,651.0,346.4,0.998,0.67995,0.20335,652.8,347.1,0.998,0.68177,0.20354,654.5,347.4,0.999,0.68395,0.20175,656.6,344.4,0.999,0.70203,0.20782,673.9,354.7,0.997,0.67565,0.21,648.6,358.5,0.995,0.67838,0.21182,651.2,361.6,0.991,0.67906,0.20807,651.9,355.2,1.0,0.73833,0.25213,708.8,430.4,1.0,0.5948,0.21762,571.0,371.5,0.924,0.71499,0.2917,686.4,497.9,0.1,0.55161,0.20852,529.5,355.9,0.665,0.66227,0.29841,635.8,509.4,0.06,0.53479,0.20398,513.4,348.2,0.659,0.65611,0.29918,629.9,510.7,0.081,0.5442,0.20169,522.4,344.3,0.652,0.64222,0.2929,616.5,500.0,0.089,0.55079,0.20448,528.8,349.0,0.56,0.64402,0.29193,618.3,498.3,0.09,0.62534,0.28394,600.3,484.7,1.0,0.6612,0.31906,634.8,544.6,1.0,0.53387,0.24876,512.5,424.6,0.936,0.60719,0.38183,582.9,651.8,0.992,0.52486,0.30927,503.9,527.9,0.939,0.59964,0.46046,575.7,786.0,0.994,0.53698,0.32328,515.5,551.8,0.978,0.60788,0.4714,583.6,804.7,0.996,0.48029,0.32454,461.1,554.0,0.881,0.56144,0.49085,539.0,837.9,0.977
1199,33.113,960,1707,0.67468,0.20687,647.7,353.1,0.996,0.67731,0.20212,650.2,345.0,0.998,0.67748,0.20157,650.4,344.1,0.997,0.67752,0.2009,650.4,342.9,0.998,0.67942,0.20374,652.2,347.8,0.998,0.6811,0.20424,653.9,348.6,0.998,0.68275,0.20454,655.4,349.2,0.999,0.6834,0.2019,656.1,344.6,0.998,0.69598,0.20758,668.1,354.3,0.997,0.67555,0.2102,648.5,358.8,0.994,0.67827,0.21225,651.1,362.3,0.99,0.67795,0.20812,650.8,355.3,1.0,0.73723,0.25135,707.7,429.1,1.0,0.59478,0.21784,571.0,371.9,0.903,0.71366,0.28944,685.1,494.1,0.091,0.55125,0.20861,529.2,356.1,0.637,0.66156,0.29787,635.1,508.5,0.056,0.53479,0.204,513.4,348.2,0.634,0.65591,0.2988,629.7,510.1,0.077,0.54417,0.20176,522.4,344.4,0.627,0.64125,0.29255,615.6,499.4,0.084,0.55078,0.20452,528.7,349.1,0.534,0.64247,0.29114,616.8,497.0,0.084,0.62534,0.28395,600.3,484.7,1.0,0.66137,0.31833,634.9,543.4,1.0,0.53413,0.2497,512.8,426.2,0.922,0.60717,0.38162,582.9,651.4,0.99,0.52483,0.31089,503.8,530.7,0.925,0.59977,0.46095,575.8,786.8,0.993,0.53694,0.32532,515.5,555.3,0.972,0.60788,0.47203,583.6,805.8,0.995,0.4828,0.32626,463.5,556.9,0.859,0.56142,0.49075,539.0,837.7,0.973
1200,33.141,960,1707,0.67569,0.20713,648.7,353.6,0.997,0.6783,0.2022,651.2,345.2,0.998,0.67825,0.20152,651.1,344.0,0.998,0.678,0.20074,650.9,342.7,0.998,0.68095,0.20407,653.7,348.3,0.998,0.68278,0.20461,655.5,349.3,0.998,0.68467,0.20497,657.3,349.9,0.999,0.68298,0.20176,655.7,344.4,0.999,0.69722,0.20738,669.3,354.0,0.997,0.67588,0.21024,648.8,358.9,0.994,0.67892,0.21243,651.8,362.6,0.99,0.6775,0.20815,650.4,355.3,1.0,0.73706,0.25055,707.6,427.7,1.0,0.59477,0.21789,571.0,371.9,0.898,0.71151,0.28613,683.0,488.4,0.084,0.55049,0.20857,528.5,356.0,0.635,0.66126,0.29704,634.8,507.0,0.054,0.53446,0.20396,513.1,348.2,0.632,0.65577,0.29833,629.5,509.2,0.074,0.54385,0.20173,522.1,344.4,0.627,0.64126,0.29174,615.6,498.0,0.08,0.55055,0.20449,528.5,349.1,0.531,0.64236,0.29064,616.7,496.1,0.081,0.62563,0.28359,600.6,484.1,1.0,0.66206,0.31723,635.6,541.5,1.0,0.53375,0.25033,512.4,427.3,0.919,0.60724,0.38096,583.0,650.3,0.99,0.52475,0.31131,503.8,531.4,0.923,0.5998,0.46098,575.8,786.9,0.992,0.53689,0.32503,515.4,554.8,0.97,0.6079,0.47204,583.6,805.8,0.995,0.48292,0.32601,463.6,556.5,0.854,0.56112,0.49069,538.7,837.6,0.972
1201,33.169,960,1707,0.67725,0.2073,650.2,353.9,0.997,0.67998,0.20231,652.8,345.3,0.998,0.67988,0.20158,652.7,344.1,0.998,0.67953,0.20076,652.4,342.7,0.998,0.68253,0.2043,655.2,348.7,0.998,0.68427,0.20489,656.9,349.8,0.998,0.68628,0.20531,658.8,350.5,0.999,0.68424,0.20186,656.9,344.6,0.999,0.69899,0.20769,671.0,354.5,0.997,0.67698,0.21033,649.9,359.0,0.994,0.68023,0.21263,653.0,363.0,0.991,0.67734,0.20827,650.2,355.5,1.0,0.73535,0.24901,705.9,425.1,1.0,0.59555,0.21776,571.7,371.7,0.898,0.70577,0.28435,677.5,485.4,0.077,0.55,0.20858,528.0,356.1,0.639,0.65762,0.29541,631.3,504.3,0.053,0.53357,0.20396,512.2,348.2,0.636,0.65386,0.29759,627.7,508.0,0.073,0.54281,0.20171,521.1,344.3,0.631,0.64004,0.29137,614.4,497.4,0.079,0.55,0.20445,528.0,349.0,0.534,0.64015,0.29039,614.5,495.7,0.079,0.62704,0.28336,602.0,483.7,1.0,0.66207,0.31624,635.6,539.8,1.0,0.5335,0.25103,512.2,428.5,0.921,0.60841,0.3811,584.1,650.5,0.99,0.52411,0.31225,503.1,533.0,0.925,0.59988,0.46137,575.9,787.6,0.992,0.53484,0.32646,513.4,557.3,0.971,0.60804,0.47222,583.7,806.1,0.995,0.48193,0.32563,462.7,555.8,0.856,0.56073,0.49064,538.3,837.5,0.972
1202,33.196,960,1707,0.6776,0.20743,650.5,354.1,0.997,0.6798,0.20237,652.6,345.4,0.998,0.67927,0.20156,652.1,344.1,0.998,0.67852,0.20069,651.4,342.6,0.998,0.6831,0.20439,655.8,348.9,0.998,0.68497,0.20493,657.6,349.8,0.998,0.68702,0.2053,659.5,350.5,0.999,0.68214,0.20174,654.9,344.4,0.999,0.69868,0.20728,670.7,353.8,0.997,0.67692,0.21037,649.8,359.1,0.995,0.68054,0.2127,653.3,363.1,0.991,0.67558,0.20843,648.6,355.8,1.0,0.73411,0.24768,704.7,422.8,1.0,0.5955,0.21737,571.7,371.1,0.9,0.68401,0.274,656.7,467.7,0.074,0.54904,0.20859,527.1,356.1,0.651,0.60483,0.26534,580.6,452.9,0.067,0.53284,0.20393,511.5,348.1,0.651,0.59476,0.26072,571.0,445.0,0.093,0.54225,0.20169,520.6,344.3,0.645,0.57533,0.2508,552.3,428.1,0.101,0.54918,0.20443,527.2,349.0,0.55,0.57698,0.24882,553.9,424.7,0.101,0.62686,0.28303,601.8,483.1,1.0,0.66197,0.31602,635.5,539.5,1.0,0.53319,0.25099,511.9,428.4,0.92,0.60998,0.38112,585.6,650.6,0.99,0.52411,0.3121,503.1,532.8,0.926,0.59989,0.46141,575.9,787.6,0.992,0.53448,0.32621,513.1,556.8,0.971,0.60752,0.47223,583.2,806.1,0.995,0.4819,0.32185,462.6,549.4,0.862,0.56087,0.49044,538.4,837.2,0.973
1203,33.224,960,1707,0.67669,0.20733,649.6,353.9,0.997,0.67856,0.20211,651.4,345.0,0.998,0.67781,0.20123,650.7,343.5,0.998,0.67682,0.20032,649.7,342.0,0.998,0.68258,0.20415,655.3,348.5,0.998,0.68466,0.20463,657.3,349.3,0.998,0.68676,0.20496,659.3,349.9,0.999,0.68038,0.20135,653.2,343.7,0.999,0.69853,0.20671,670.6,352.9,0.997,0.67614,0.21021,649.1,358.8,0.995,0.67985,0.21254,652.7,362.8,0.992,0.67537,0.20858,648.4,356.0,1.0,0.73401,0.24653,704.6,420.8,1.0,0.59771,0.21641,573.8,369.4,0.898,0.67083,0.26573,644.0,453.6,0.069,0.54878,0.20894,526.8,356.7,0.65,0.5829,0.25154,559.6,429.4,0.08,0.53276,0.20404,511.4,348.3,0.654,0.57151,0.24516,548.6,418.5,0.112,0.54172,0.20179,520.1,344.4,0.647,0.56025,0.23868,537.8,407.4,0.123,0.54856,0.20469,526.6,349.4,0.553,0.56355,0.23822,541.0,406.6,0.122,0.62712,0.28255,602.0,482.3,1.0,0.66285,0.3154,636.3,538.4,1.0,0.53248,0.25094,511.2,428.4,0.919,0.61353,0.38094,589.0,650.3,0.989,0.5241,0.31192,503.1,532.4,0.926,0.60069,0.46124,576.7,787.3,0.992,0.53462,0.32602,513.2,556.5,0.971,0.60753,0.47209,583.2,805.9,0.995,0.48188,0.32105,462.6,548.0,0.866,0.56088,0.48993,538.4,836.3,0.975
1204,33.251,960,1707,0.67708,0.20718,650.0,353.7,0.997,0.67891,0.20172,651.8,344.3,0.998,0.6781,0.20084,651.0,342.8,0.998,0.67711,0.19991,650.0,341.2,0.998,0.68301,0.20388,655.7,348.0,0.998,0.68511,0.20443,657.7,349.0,0.998,0.68724,0.20482,659.8,349.6,0.999,0.68076,0.20115,653.5,343.4,0.998,0.69914,0.20694,671.2,353.2,0.997,0.67656,0.21016,649.5,358.7,0.995,0.68031,0.21254,653.1,362.8,0.992,0.67544,0.20877,648.4,356.4,1.0,0.73337,0.24646,704.0,420.7,1.0,0.59814,0.21593,574.2,368.6,0.895,0.67392,0.26884,647.0,458.9,0.067,0.54874,0.21005,526.8,358.6,0.63,0.58734,0.25656,563.8,437.9,0.079,0.53307,0.20528,511.8,350.4,0.635,0.57479,0.2508,551.8,428.1,0.11,0.54172,0.20332,520.1,347.1,0.628,0.5638,0.24192,541.2,413.0,0.12,0.54849,0.2066,526.6,352.7,0.533,0.56522,0.24386,542.6,416.3,0.121,0.62888,0.28186,603.7,481.1,1.0,0.66378,0.31393,637.2,535.9,1.0,0.5325,0.25119,511.2,428.8,0.918,0.61479,0.38095,590.2,650.3,0.989,0.52408,0.31254,503.1,533.5,0.926,0.60133,0.46091,577.3,786.8,0.992,0.53462,0.32722,513.2,558.6,0.971,0.60778,0.47209,583.5,805.9,0.995,0.48209,0.32095,462.8,547.9,0.868,0.56093,0.48921,538.5,835.1,0.976
1205,33.279,960,1707,0.67725,0.20658,650.2,352.6,0.996,0.67919,0.20098,652.0,343.1,0.997,0.67854,0.2001,651.4,341.6,0.997,0.67765,0.19928,650.5,340.2,0.998,0.6831,0.20317,655.8,346.8,0.998,0.68523,0.20377,657.8,347.8,0.998,0.68733,0.20422,659.8,348.6,0.998,0.68137,0.20081,654.1,342.8,0.998,0.69918,0.20646,671.2,352.4,0.997,0.67691,0.20983,649.8,358.2,0.994,0.68056,0.21221,653.3,362.2,0.991,0.67639,0.20908,649.3,356.9,1.0,0.73263,0.24626,703.3,420.4,1.0,0.59852,0.21596,574.6,368.6,0.883,0.66631,0.26687,639.7,455.5,0.061,0.54887,0.20999,526.9,358.5,0.612,0.58421,0.25448,560.8,434.4,0.078,0.53325,0.20528,511.9,350.4,0.623,0.57472,0.24865,551.7,424.5,0.111,0.54172,0.20324,520.1,346.9,0.614,0.56367,0.23895,541.1,407.9,0.122,0.54853,0.20648,526.6,352.5,0.519,0.56627,0.23894,543.6,407.9,0.123,0.62927,0.28095,604.1,479.6,1.0,0.66405,0.3134,637.5,535.0,1.0,0.532,0.25152,510.7,429.3,0.908,0.61473,0.37906,590.1,647.1,0.988,0.52376,0.3124,502.8,533.3,0.92,0.60135,0.45864,577.3,782.9,0.991,0.53382,0.32708,512.5,558.3,0.969,0.6078,0.46883,583.5,800.3,0.995,0.48207,0.32088,462.8,547.7,0.865,0.5611,0.48818,538.7,833.3,0.975
1206,33.307,960,1707,0.67712,0.20663,650.0,352.7,0.997,0.67858,0.20104,651.4,343.2,0.997,0.67798,0.20015,650.9,341.7,0.997,0.67711,0.19941,650.0,340.4,0.998,0.68245,0.20326,655.2,347.0,0.998,0.6845,0.20381,657.1,347.9,0.998,0.6865,0.20425,659.0,348.7,0.999,0.68171,0.20145,654.4,343.9,0.998,0.69875,0.20697,670.8,353.3,0.997,0.67708,0.21005,650.0,358.6,0.995,0.68058,0.21238,653.4,362.5,0.992,0.67725,0.21036,650.2,359.1,1.0,0.73012,0.2464,700.9,420.6,1.0,0.5985,0.21591,574.6,368.6,0.889,0.67431,0.26849,647.3,458.3,0.061,0.54889,0.20988,526.9,358.3,0.629,0.59654,0.25719,572.7,439.0,0.076,0.53333,0.20527,512.0,350.4,0.636,0.58582,0.25205,562.4,430.3,0.106,0.54151,0.20317,519.8,346.8,0.627,0.57408,0.24631,551.1,420.4,0.116,0.54833,0.20637,526.4,352.3,0.53,0.57723,0.24703,554.1,421.7,0.117,0.62967,0.28089,604.5,479.5,1.0,0.66406,0.31342,637.5,535.0,1.0,0.53152,0.25201,510.3,430.2,0.908,0.61453,0.37803,589.9,645.3,0.988,0.52366,0.31726,502.7,541.6,0.921,0.6004,0.45868,576.4,783.0,0.991,0.53403,0.33168,512.7,566.2,0.971,0.60617,0.46787,581.9,798.6,0.995,0.48248,0.32596,463.2,556.4,0.87,0.56128,0.4882,538.8,833.4,0.976
1207,33.334,960,1707,0.68114,0.20669,653.9,352.8,0.997,0.68264,0.20159,655.3,344.1,0.998,0.68212,0.20087,654.8,342.9,0.998,0.68169,0.19987,654.4,341.2,0.998,0.68561,0.20384,658.2,348.0,0.998,0.68677,0.20437,659.3,348.9,0.998,0.68873,0.20493,661.2,349.8,0.999,0.68652,0.20341,659.1,347.2,0.998,0.70009,0.21049,672.1,359.3,0.997,0.68146,0.21013,654.2,358.7,0.995,0.68455,0.21256,657.2,362.8,0.993,0.67906,0.21226,651.9,362.3,1.0,0.72776,0.24653,698.6,420.8,1.0,0.59835,0.21618,574.4,369.0,0.893,0.69223,0.27705,664.5,472.9,0.057,0.54898,0.20985,527.0,358.2,0.651,0.6437,0.28476,617.9,486.1,0.073,0.53386,0.20527,512.5,350.4,0.656,0.64149,0.28617,615.8,488.5,0.103,0.54151,0.20318,519.9,346.8,0.647,0.62726,0.28102,602.2,479.7,0.112,0.54831,0.20633,526.4,352.2,0.548,0.62636,0.27908,601.3,476.4,0.112,0.62994,0.28098,604.7,479.6,1.0,0.66396,0.31356,637.4,535.2,1.0,0.53058,0.252,509.4,430.2,0.91,0.61436,0.37829,589.8,645.7,0.988,0.5236,0.31791,502.7,542.7,0.918,0.59641,0.45852,572.6,782.7,0.991,0.53467,0.33144,513.3,565.8,0.97,0.60032,0.46678,576.3,796.8,0.995,0.48516,0.32559,465.7,555.8,0.866,0.56173,0.48846,539.3,833.8,0.976
1208,33.362,960,1707,0.69135,0.20564,663.7,351.0,0.997,0.69402,0.20166,666.3,344.2,0.998,0.69441,0.20088,666.6,342.9,0.998,0.6947,0.20021,666.9,341.8,0.998,0.69227,0.2039,664.6,348.0,0.998,0.69272,0.2044,665.0,348.9,0.998,0.69229,0.205,664.6,349.9,0.999,0.69763,0.204,669.7,348.2,0.998,0.70012,0.21047,672.1,359.3,0.997,0.69177,0.20994,664.1,358.4,0.996,0.69037,0.21203,662.8,361.9,0.993,0.6794,0.21216,652.2,362.2,1.0,0.72396,0.24654,695.0,420.8,1.0,0.59875,0.21621,574.8,369.1,0.887,0.69369,0.27728,665.9,473.3,0.052,0.54919,0.20965,527.2,357.9,0.647,0.66251,0.3013,636.0,514.3,0.067,0.5341,0.20502,512.7,350.0,0.65,0.66262,0.3094,636.1,528.2,0.094,0.54141,0.20314,519.8,346.8,0.641,0.65283,0.30553,626.7,521.5,0.102,0.54827,0.20628,526.3,352.1,0.533,0.65085,0.30079,624.8,513.4,0.103,0.63127,0.28188,606.0,481.2,1.0,0.66053,0.31146,634.1,531.7,1.0,0.53026,0.25214,509.0,430.4,0.9,0.61424,0.37568,589.7,641.3,0.986,0.52282,0.31787,501.9,542.6,0.901,0.59065,0.45851,567.0,782.7,0.989,0.5321,0.33302,510.8,568.5,0.963,0.59145,0.46706,567.8,797.3,0.994,0.48509,0.32393,465.7,553.0,0.843,0.55436,0.48194,532.2,822.7,0.971
1209,33.389,960,1707,0.69504,0.20312,667.2,346.7,0.997,0.69777,0.20054,669.9,342.3,0.998,0.6989,0.20033,670.9,342.0,0.997,0.69983,0.20004,671.8,341.5,0.998,0.69388,0.20169,666.1,344.3,0.998,0.69281,0.20285,665.1,346.3,0.998,0.69215,0.20349,664.5,347.4,0.999,0.70392,0.20434,675.8,348.8,0.998,0.69454,0.20877,666.8,356.4,0.997,0.69685,0.20799,669.0,355.0,0.996,0.69153,0.20986,663.9,358.2,0.993,0.71246,0.22512,684.0,384.3,1.0,0.67642,0.23066,649.4,393.7,1.0,0.64664,0.22626,620.8,386.2,0.821,0.60385,0.22339,579.7,381.3,0.054,0.57051,0.21206,547.7,362.0,0.597,0.5581,0.21539,535.8,367.7,0.127,0.59042,0.21981,566.8,375.2,0.604,0.54129,0.21035,519.6,359.1,0.156,0.59892,0.21986,575.0,375.3,0.595,0.54867,0.20846,526.7,355.8,0.163,0.60326,0.22079,579.1,376.9,0.492,0.5562,0.21172,534.0,361.4,0.156,0.65343,0.29973,627.3,511.6,1.0,0.62765,0.2879,602.5,491.5,1.0,0.60792,0.37489,583.6,639.9,0.902,0.5423,0.25636,520.6,437.6,0.98,0.58216,0.45712,558.9,780.3,0.9,0.53118,0.32075,509.9,547.5,0.961,0.58187,0.4656,558.6,794.8,0.941,0.54031,0.33676,518.7,574.9,0.976,0.55729,0.48577,535.0,829.2,0.835,0.49052,0.32833,470.9,560.5,0.941
1210,33.417,960,1707,0.69636,0.20147,668.5,343.9,0.997,0.69899,0.19903,671.0,339.7,0.998,0.7007,0.19917,672.7,340.0,0.997,0.70224,0.19924,674.2,340.1,0.998,0.6938,0.19975,666.1,341.0,0.998,0.69259,0.20103,664.9,343.2,0.998,0.69086,0.20188,663.2,344.6,0.999,0.70587,0.20428,677.6,348.7,0.998,0.68955,0.20735,662.0,354.0,0.998,0.69926,0.20661,671.3,352.7,0.996,0.69188,0.20858,664.2,356.1,0.994,0.71827,0.22929,689.5,391.4,1.0,0.66523,0.22469,638.6,383.5,1.0,0.64899,0.23051,623.0,393.5,0.768,0.59699,0.22078,573.1,376.9,0.06,0.57079,0.21388,548.0,365.1,0.562,0.54801,0.21095,526.1,360.1,0.186,0.60282,0.22404,578.7,382.4,0.574,0.53058,0.20558,509.4,350.9,0.214,0.6113,0.22448,586.9,383.2,0.564,0.53759,0.20298,516.1,346.5,0.221,0.61392,0.22499,589.4,384.1,0.465,0.54545,0.20665,523.6,352.7,0.21,0.65562,0.30443,629.4,519.7,1.0,0.61886,0.28566,594.1,487.6,1.0,0.61278,0.37958,588.3,647.9,0.909,0.5345,0.25178,513.1,429.8,0.978,0.58799,0.46206,564.5,788.7,0.906,0.52778,0.3155,506.7,538.6,0.944,0.58984,0.46916,566.2,800.9,0.929,0.53811,0.32987,516.6,563.1,0.958,0.56424,0.48964,541.7,835.8,0.841,0.47168,0.32878,452.8,561.2,0.924
1211,33.445,960,1707,0.69657,0.2011,668.7,343.3,0.998,0.69918,0.19848,671.2,338.8,0.998,0.70095,0.19872,672.9,339.2,0.998,0.70253,0.1989,674.4,339.5,0.998,0.69372,0.19921,666.0,340.0,0.999,0.69242,0.20052,664.7,342.3,0.998,0.6901,0.20152,662.5,344.0,0.999,0.70555,0.20425,677.3,348.7,0.998,0.68782,0.20695,660.3,353.3,0.998,0.69977,0.20645,671.8,352.4,0.996,0.69186,0.20845,664.2,355.8,0.995,0.71966,0.23207,690.9,396.1,1.0,0.667,0.22602,640.3,385.8,1.0,0.63999,0.23086,614.4,394.1,0.784,0.5974,0.22105,573.5,377.3,0.062,0.5654,0.21357,542.8,364.6,0.599,0.5495,0.21116,527.5,360.4,0.225,0.55238,0.21588,530.3,368.5,0.607,0.52943,0.20483,508.3,349.6,0.253,0.55999,0.21316,537.6,363.9,0.597,0.53855,0.20273,517.0,346.1,0.26,0.57121,0.21719,548.4,370.7,0.499,0.54801,0.20731,526.1,353.9,0.247,0.6586,0.30467,632.3,520.1,1.0,0.62189,0.28827,597.0,492.1,1.0,0.61385,0.38174,589.3,651.6,0.916,0.53698,0.25281,515.5,431.5,0.977,0.5906,0.46606,567.0,795.6,0.912,0.52722,0.31414,506.1,536.2,0.934,0.59271,0.47416,569.0,809.4,0.921,0.53602,0.32886,514.6,561.4,0.948,0.56183,0.49285,539.4,841.3,0.848,0.47089,0.32627,452.1,556.9,0.917
1212,33.472,960,1707,0.70298,0.19752,674.9,337.2,0.998,0.70456,0.19553,676.4,333.8,0.998,0.7071,0.19598,678.8,334.5,0.998,0.70972,0.19636,681.3,335.2,0.998,0.69673,0.19593,668.9,334.5,0.999,0.69392,0.197,666.2,336.3,0.999,0.69062,0.19813,663.0,338.2,0.999,0.71108,0.20234,682.6,345.4,0.998,0.68763,0.20421,660.1,348.6,0.998,0.70739,0.2037,679.1,347.7,0.997,0.69753,0.20476,669.6,349.5,0.995,0.72792,0.24067,698.8,410.8,1.0,0.6637,0.22467,637.2,383.5,1.0,0.71621,0.27551,687.6,470.3,0.736,0.59628,0.22055,572.4,376.5,0.088,0.73715,0.26022,707.7,444.2,0.593,0.54757,0.20864,525.7,356.2,0.288,0.74492,0.26195,715.1,447.2,0.609,0.5298,0.20276,508.6,346.1,0.314,0.74901,0.25361,719.1,432.9,0.601,0.5371,0.20025,515.6,341.8,0.32,0.74295,0.25356,713.2,432.8,0.505,0.54532,0.20364,523.5,347.6,0.307,0.66094,0.30808,634.5,525.9,1.0,0.61925,0.28658,594.5,489.2,1.0,0.61372,0.38374,589.2,655.0,0.921,0.53758,0.2523,516.1,430.7,0.977,0.59185,0.46461,568.2,793.1,0.917,0.52531,0.3156,504.3,538.7,0.929,0.59416,0.4727,570.4,806.9,0.906,0.53645,0.33059,515.0,564.3,0.937,0.5584,0.49286,536.1,841.3,0.857,0.48422,0.32234,464.8,550.2,0.916
1213,33.5,960,1707,0.7044,0.19608,676.2,334.7,0.998,0.70595,0.19423,677.7,331.6,0.998,0.70864,0.19473,680.3,332.4,0.998,0.71142,0.19515,683.0,333.1,0.999,0.69775,0.19454,669.8,332.1,0.999,0.69452,0.19551,666.7,333.7,0.999,0.69088,0.19662,663.2,335.6,0.999,0.71259,0.20108,684.1,343.3,0.999,0.68759,0.20255,660.1,345.7,0.998,0.70907,0.20226,680.7,345.3,0.997,0.69936,0.20305,671.4,346.6,0.996,0.72818,0.24065,699.1,410.8,1.0,0.66288,0.22348,636.4,381.5,1.0,0.71802,0.27638,689.3,471.8,0.688,0.5946,0.22044,570.8,376.3,0.103,0.74209,0.26532,712.4,452.9,0.576,0.54795,0.20849,526.0,355.9,0.342,0.75073,0.26623,720.7,454.4,0.6,0.53024,0.20274,509.0,346.1,0.367,0.75511,0.25785,724.9,440.1,0.594,0.53787,0.20042,516.4,342.1,0.373,0.74884,0.25746,718.9,439.5,0.499,0.546,0.20366,524.2,347.7,0.358,0.66089,0.30752,634.4,524.9,1.0,0.61834,0.28545,593.6,487.3,1.0,0.61688,0.37913,592.2,647.2,0.925,0.53784,0.25085,516.3,428.2,0.975,0.59269,0.46472,569.0,793.3,0.921,0.52655,0.31531,505.5,538.2,0.926,0.59403,0.47281,570.3,807.1,0.892,0.53683,0.33146,515.4,565.8,0.931,0.558,0.49314,535.7,841.8,0.863,0.48569,0.32067,466.3,547.4,0.915
1214,33.528,960,1707,0.70532,0.19544,677.1,333.6,0.998,0.70692,0.19355,678.6,330.4,0.999,0.70974,0.19402,681.4,331.2,0.998,0.71263,0.1944,684.1,331.8,0.999,0.69846,0.19385,670.5,330.9,0.999,0.695,0.19478,667.2,332.5,0.999,0.69115,0.19586,663.5,334.3,0.999,0.71422,0.20004,685.6,341.5,0.999,0.68778,0.20141,660.3,343.8,0.998,0.71039,0.20156,682.0,344.1,0.997,0.7006,0.20224,672.6,345.2,0.996,0.73247,0.24046,703.2,410.5,1.0,0.66362,0.22286,637.1,380.4,1.0,0.72761,0.27753,698.5,473.7,0.657,0.59897,0.22066,575.0,376.7,0.11,0.74758,0.26293,717.7,448.8,0.584,0.54874,0.20899,526.8,356.7,0.384,0.7558,0.26317,725.6,449.2,0.613,0.53054,0.2036,509.3,347.6,0.41,0.75819,0.25567,727.9,436.4,0.607,0.53707,0.20113,515.6,343.3,0.415,0.75242,0.25521,722.3,435.6,0.512,0.54519,0.20408,523.4,348.4,0.399,0.66535,0.30591,638.7,522.2,1.0,0.62069,0.28381,595.9,484.5,1.0,0.61939,0.37917,594.6,647.2,0.929,0.53606,0.25078,514.6,428.1,0.975,0.59275,0.46374,569.0,791.6,0.925,0.52432,0.31512,503.3,537.9,0.923,0.59342,0.47226,569.7,806.2,0.881,0.53421,0.33196,512.8,566.7,0.926,0.55796,0.49176,535.6,839.4,0.87,0.48095,0.32173,461.7,549.2,0.914
1215,33.555,960,1707,0.70428,0.19521,676.1,333.2,0.998,0.70609,0.19356,677.8,330.4,0.999,0.70874,0.19406,680.4,331.3,0.998,0.71141,0.19447,683.0,332.0,0.999,0.69823,0.19389,670.3,331.0,0.999,0.69495,0.19485,667.2,332.6,0.999,0.6912,0.19592,663.6,334.4,0.999,0.71323,0.20012,684.7,341.6,0.999,0.6879,0.20145,660.4,343.9,0.999,0.70882,0.20111,680.5,343.3,0.998,0.69985,0.20193,671.9,344.7,0.996,0.73221,0.24416,702.9,416.8,1.0,0.66276,0.22165,636.2,378.4,1.0,0.72744,0.29048,698.3,495.8,0.634,0.59901,0.22033,575.0,376.1,0.141,0.72045,0.3231,691.6,551.5,0.59,0.54794,0.2087,526.0,356.2,0.441,0.72546,0.33397,696.4,570.1,0.619,0.52994,0.20315,508.7,346.8,0.464,0.71653,0.33193,687.9,566.6,0.614,0.53701,0.20097,515.5,343.1,0.469,0.72056,0.31715,691.7,541.4,0.522,0.54502,0.20408,523.2,348.4,0.453,0.66779,0.30431,641.1,519.5,1.0,0.62195,0.28202,597.1,481.4,1.0,0.62301,0.37569,598.1,641.3,0.935,0.53532,0.25214,513.9,430.4,0.976,0.59525,0.46061,571.4,786.3,0.931,0.52412,0.31412,503.2,536.2,0.923,0.59572,0.46976,571.9,801.9,0.877,0.53342,0.33042,512.1,564.0,0.921,0.55713,0.49109,534.8,838.3,0.879,0.48043,0.32399,461.2,553.0,0.916
1216,33.583,960,1707,0.70361,0.19429,675.5,331.7,0.999,0.70538,0.19285,677.2,329.2,0.999,0.70806,0.19336,679.7,330.1,0.999,0.71077,0.19378,682.3,330.8,0.999,0.69795,0.19318,670.0,329.8,0.999,0.69461,0.19419,666.8,331.5,0.999,0.69037,0.19534,662.8,333.4,0.999,0.71276,0.19944,684.2,340.4,0.999,0.68617,0.20098,658.7,343.1,0.999,0.70842,0.20039,680.1,342.1,0.998,0.6993,0.2013,671.3,343.6,0.997,0.73226,0.24273,703.0,414.3,1.0,0.66183,0.22188,635.4,378.7,1.0,0.72618,0.2806,697.1,479.0,0.595,0.59809,0.22081,574.2,376.9,0.158,0.7401,0.28052,710.5,478.8,0.57,0.54827,0.20838,526.3,355.7,0.484,0.74905,0.28332,719.1,483.6,0.605,0.52959,0.20339,508.4,347.2,0.505,0.75161,0.27737,721.5,473.5,0.602,0.53744,0.20109,515.9,343.3,0.51,0.74451,0.2732,714.7,466.3,0.514,0.54588,0.20412,524.0,348.4,0.494,0.67004,0.30328,643.2,517.7,1.0,0.62303,0.28192,598.1,481.2,1.0,0.62296,0.37558,598.0,641.1,0.937,0.53631,0.25191,514.9,430.0,0.975,0.59568,0.46071,571.9,786.4,0.933,0.52523,0.31489,504.2,537.5,0.918,0.59641,0.46878,572.5,800.2,0.859,0.53444,0.33094,513.1,564.9,0.911,0.55755,0.49236,535.3,840.5,0.882,0.46941,0.33212,450.6,566.9,0.912
1217,33.61,960,1707,0.70304,0.19482,674.9,332.5,0.999,0.70485,0.19313,676.7,329.7,0.999,0.70735,0.19359,679.1,330.5,0.999,0.70981,0.19398,681.4,331.1,0.999,0.69769,0.19356,669.8,330.4,0.999,0.69452,0.19459,666.7,332.2,0.999,0.69034,0.19572,662.7,334.1,0.999,0.71183,0.19945,683.4,340.5,0.999,0.68648,0.20127,659.0,343.6,0.999,0.70756,0.20076,679.3,342.7,0.998,0.69887,0.20181,670.9,344.5,0.997,0.73097,0.24007,701.7,409.8,1.0,0.66287,0.22209,636.4,379.1,1.0,0.71927,0.27872,690.5,475.8,0.564,0.59661,0.22024,572.7,376.0,0.164,0.72031,0.3077,691.5,525.2,0.548,0.54874,0.20896,526.8,356.7,0.52,0.72669,0.31513,697.6,537.9,0.584,0.53044,0.20417,509.2,348.5,0.54,0.72671,0.31435,697.6,536.6,0.581,0.5378,0.2026,516.3,345.8,0.544,0.72233,0.3107,693.4,530.4,0.495,0.54584,0.20538,524.0,350.6,0.527,0.6691,0.30283,642.3,516.9,1.0,0.6238,0.28173,598.8,480.9,1.0,0.62227,0.37465,597.4,639.5,0.941,0.53655,0.25186,515.1,429.9,0.974,0.59572,0.4602,571.9,785.6,0.938,0.52652,0.31349,505.5,535.1,0.917,0.59583,0.46934,572.0,801.2,0.857,0.53614,0.32895,514.7,561.5,0.907,0.55707,0.49387,534.8,843.0,0.889,0.47811,0.31937,459.0,545.2,0.913
1218,33.638,960,1707,0.7026,0.1951,674.5,333.0,0.999,0.70463,0.19341,676.4,330.2,0.999,0.70724,0.19384,679.0,330.9,0.999,0.7096,0.19418,681.2,331.5,0.999,0.69751,0.19392,669.6,331.0,0.999,0.69443,0.19495,666.7,332.8,0.999,0.69034,0.19602,662.7,334.6,0.999,0.71106,0.19952,682.6,340.6,0.999,0.6868,0.20144,659.3,343.9,0.999,0.70733,0.20097,679.0,343.1,0.998,0.6987,0.20221,670.7,345.2,0.997,0.72889,0.23955,699.7,408.9,1.0,0.66262,0.2226,636.1,380.0,1.0,0.71145,0.28286,683.0,482.8,0.521,0.59451,0.22033,570.7,376.1,0.162,0.71181,0.32421,683.3,553.4,0.514,0.54899,0.20919,527.0,357.1,0.547,0.71613,0.33549,687.5,572.7,0.552,0.53122,0.20348,510.0,347.3,0.567,0.71169,0.33428,683.2,570.6,0.548,0.53842,0.20138,516.9,343.8,0.571,0.70802,0.32921,679.7,562.0,0.466,0.54658,0.20415,524.7,348.5,0.55,0.6687,0.30238,642.0,516.2,1.0,0.62408,0.282,599.1,481.4,1.0,0.62226,0.37477,597.4,639.7,0.943,0.53726,0.25277,515.8,431.5,0.97,0.59568,0.46411,571.8,792.2,0.938,0.52534,0.31714,504.3,541.4,0.9,0.59451,0.47481,570.7,810.5,0.845,0.53658,0.33118,515.1,565.3,0.893,0.55978,0.49198,537.4,839.8,0.888,0.46754,0.33299,448.8,568.4,0.898
1219,33.666,960,1707,0.70344,0.19523,675.3,333.2,0.999,0.70452,0.19351,676.3,330.3,0.999,0.70676,0.19394,678.5,331.1,0.999,0.70896,0.19429,680.6,331.7,0.999,0.69799,0.19401,670.1,331.2,0.999,0.69488,0.19506,667.1,333.0,0.999,0.69095,0.19614,663.3,334.8,1.0,0.71065,0.19953,682.2,340.6,0.999,0.687,0.20156,659.5,344.1,0.999,0.70679,0.20107,678.5,343.2,0.998,0.69873,0.20243,670.8,345.6,0.998,0.72776,0.23644,698.7,403.6,1.0,0.66371,0.22297,637.2,380.6,1.0,0.71284,0.27629,684.3,471.6,0.487,0.59481,0.22064,571.0,376.6,0.164,0.72136,0.30108,692.5,514.0,0.489,0.55079,0.20923,528.8,357.2,0.574,0.72923,0.30766,700.1,525.2,0.531,0.5324,0.2033,511.1,347.0,0.593,0.7296,0.30579,700.4,522.0,0.527,0.54007,0.20062,518.5,342.5,0.597,0.72476,0.3028,695.8,516.9,0.445,0.5484,0.20347,526.5,347.3,0.574,0.66794,0.30211,641.2,515.7,1.0,0.62424,0.28297,599.3,483.0,1.0,0.62293,0.37598,598.0,641.8,0.945,0.53875,0.25255,517.2,431.1,0.968,0.59671,0.46376,572.8,791.6,0.937,0.52477,0.31687,503.8,540.9,0.892,0.5948,0.47463,571.0,810.2,0.83,0.53675,0.3308,515.3,564.7,0.887,0.56151,0.49127,539.1,838.6,0.884,0.46571,0.33436,447.1,570.8,0.892
1220,33.693,960,1707,0.70342,0.19821,675.3,338.3,0.999,0.70426,0.19507,676.1,333.0,0.999,0.70667,0.19537,678.4,333.5,0.999,0.70821,0.19566,679.9,334.0,0.999,0.69809,0.19561,670.2,333.9,0.999,0.69506,0.19686,667.3,336.0,0.999,0.69134,0.19783,663.7,337.7,1.0,0.7088,0.20014,680.4,341.6,0.999,0.68715,0.20261,659.7,345.9,0.999,0.7066,0.2038,678.3,347.9,0.998,0.69862,0.20557,670.7,350.9,0.998,0.72521,0.22969,696.2,392.1,1.0,0.66485,0.22338,638.3,381.3,1.0,0.65029,0.23432,624.3,400.0,0.474,0.59731,0.22158,573.4,378.2,0.154,0.57194,0.21797,549.1,372.1,0.468,0.55197,0.21014,529.9,358.7,0.563,0.5584,0.21577,536.1,368.3,0.51,0.53337,0.204,512.0,348.2,0.583,0.5643,0.20965,541.7,357.9,0.505,0.54087,0.20128,519.2,343.6,0.587,0.57726,0.21374,554.2,364.8,0.422,0.5492,0.204,527.2,348.2,0.562,0.66725,0.30146,640.6,514.6,1.0,0.62471,0.28365,599.7,484.2,1.0,0.62269,0.3786,597.8,646.3,0.947,0.53811,0.25358,516.6,432.9,0.965,0.59734,0.46474,573.4,793.3,0.939,0.52518,0.31333,504.2,534.9,0.874,0.59493,0.47601,571.1,812.6,0.829,0.53593,0.32754,514.5,559.1,0.874,0.56231,0.49002,539.8,836.5,0.883,0.4711,0.31919,452.3,544.9,0.872
1221,33.721,960,1707,0.70493,0.19771,676.7,337.5,0.999,0.70462,0.19484,676.4,332.6,0.999,0.70656,0.19512,678.3,333.1,0.999,0.70798,0.19539,679.7,333.5,0.999,0.69886,0.19542,670.9,333.6,0.999,0.69571,0.19661,667.9,335.6,0.999,0.69197,0.19763,664.3,337.4,1.0,0.70876,0.19999,680.4,341.4,0.999,0.68731,0.20252,659.8,345.7,0.999,0.70695,0.20316,678.7,346.8,0.999,0.69933,0.20512,671.4,350.1,0.998,0.72491,0.23021,695.9,393.0,1.0,0.66328,0.22339,636.8,381.3,1.0,0.69794,0.24482,670.0,417.9,0.439,0.59549,0.21998,571.7,375.5,0.153,0.72821,0.24601,699.1,419.9,0.444,0.55188,0.20942,529.8,357.5,0.578,0.73776,0.24786,708.3,423.1,0.493,0.53351,0.20369,512.2,347.7,0.598,0.73888,0.24329,709.3,415.3,0.488,0.54074,0.20106,519.1,343.2,0.602,0.73444,0.24339,705.1,415.5,0.406,0.54919,0.2039,527.2,348.1,0.575,0.66672,0.30241,640.0,516.2,1.0,0.62334,0.28311,598.4,483.3,1.0,0.62345,0.38018,598.5,649.0,0.946,0.53693,0.25236,515.5,430.8,0.956,0.59847,0.46693,574.5,797.0,0.935,0.5247,0.31442,503.7,536.7,0.852,0.596,0.47822,572.2,816.3,0.812,0.53644,0.32961,515.0,562.6,0.859,0.56464,0.49099,542.1,838.1,0.878,0.47388,0.31943,454.9,545.3,0.855
1222,33.749,960,1707,0.70586,0.19771,677.6,337.5,0.999,0.7048,0.19484,676.6,332.6,0.999,0.70637,0.19512,678.1,333.1,0.999,0.70777,0.19539,679.5,333.5,0.999,0.69988,0.19543,671.9,333.6,0.999,0.69683,0.19661,669.0,335.6,0.999,0.69279,0.19764,665.1,337.4,1.0,0.70835,0.2,680.0,341.4,0.999,0.6875,0.20258,660.0,345.8,0.999,0.70683,0.20317,678.6,346.8,0.999,0.69936,0.20515,671.4,350.2,0.998,0.72503,0.23041,696.0,393.3,1.0,0.66219,0.22362,635.7,381.7,1.0,0.70465,0.24819,676.5,423.7,0.402,0.59525,0.21961,571.4,374.9,0.15,0.73259,0.2617,703.3,446.7,0.41,0.55183,0.20806,529.8,355.2,0.586,0.74396,0.26174,714.2,446.8,0.461,0.53391,0.20254,512.6,345.7,0.607,0.74933,0.26176,719.4,446.8,0.456,0.54054,0.20078,518.9,342.7,0.611,0.74381,0.26118,714.1,445.8,0.379,0.54861,0.20337,526.7,347.2,0.582,0.66764,0.30269,640.9,516.7,1.0,0.62325,0.28342,598.3,483.8,1.0,0.62452,0.38092,599.5,650.2,0.947,0.53752,0.25223,516.0,430.6,0.95,0.59901,0.46762,575.0,798.2,0.934,0.52561,0.31576,504.6,539.0,0.838,0.59636,0.47882,572.5,817.4,0.803,0.53707,0.33151,515.6,565.9,0.851,0.56302,0.49217,540.5,840.1,0.876,0.4749,0.32386,455.9,552.8,0.844
1223,33.776,960,1707,0.7065,0.19782,678.2,337.7,0.999,0.70504,0.19484,676.8,332.6,0.999,0.70649,0.1951,678.2,333.0,0.999,0.70788,0.19533,679.6,333.4,0.999,0.69989,0.19545,671.9,333.6,0.999,0.69676,0.19662,668.9,335.6,0.999,0.69278,0.19767,665.1,337.4,1.0,0.70832,0.2,680.0,341.4,0.999,0.687,0.20278,659.5,346.1,0.999,0.7074,0.20341,679.1,347.2,0.999,0.69944,0.20542,671.5,350.7,0.998,0.72749,0.23621,698.4,403.2,1.0,0.66028,0.22371,633.9,381.9,1.0,0.70968,0.2534,681.3,432.6,0.374,0.59513,0.21987,571.3,375.3,0.157,0.73915,0.2619,709.6,447.1,0.39,0.55176,0.20865,529.7,356.2,0.605,0.74929,0.261,719.3,445.5,0.446,0.5338,0.2035,512.4,347.4,0.625,0.75077,0.25848,720.7,441.2,0.442,0.54055,0.20175,518.9,344.4,0.629,0.74429,0.262,714.5,447.2,0.367,0.54861,0.20434,526.7,348.8,0.601,0.6684,0.3044,641.7,519.6,1.0,0.62309,0.28371,598.2,484.3,1.0,0.62437,0.382,599.4,652.1,0.947,0.53787,0.25161,516.4,429.5,0.949,0.59981,0.4688,575.8,800.2,0.935,0.5262,0.31651,505.2,540.3,0.838,0.59771,0.4807,573.8,820.6,0.793,0.53735,0.33279,515.9,568.1,0.849,0.56213,0.49304,539.6,841.6,0.879,0.46897,0.32821,450.2,560.3,0.847
1224,33.804,960,1707,0.69982,0.19791,671.8,337.8,0.999,0.70192,0.19485,673.8,332.6,0.999,0.7032,0.1951,675.1,333.0,0.999,0.70433,0.19531,676.2,333.4,0.999,0.69784,0.19545,669.9,333.6,1.0,0.69544,0.19662,667.6,335.6,0.999,0.69219,0.19764,664.5,337.4,1.0,0.70689,0.19982,678.6,341.1,0.999,0.68709,0.2027,659.6,346.0,0.999,0.70187,0.20354,673.8,347.4,0.999,0.69522,0.20548,667.4,350.8,0.998,0.72728,0.23531,698.2,401.7,1.0,0.66048,0.22397,634.1,382.3,1.0,0.70916,0.25459,680.8,434.6,0.363,0.59481,0.22043,571.0,376.3,0.16,0.7454,0.25981,715.6,443.5,0.398,0.54968,0.20944,527.7,357.5,0.628,0.75158,0.26103,721.5,445.6,0.461,0.53091,0.20406,509.7,348.3,0.648,0.75695,0.25627,726.7,437.5,0.456,0.53907,0.20191,517.5,344.7,0.652,0.75168,0.25649,721.6,437.8,0.377,0.54757,0.20484,525.7,349.7,0.623,0.66802,0.30702,641.3,524.1,1.0,0.62246,0.28474,597.6,486.1,1.0,0.62534,0.38339,600.3,654.4,0.949,0.53797,0.25051,516.5,427.6,0.948,0.60059,0.46798,576.6,798.8,0.937,0.52653,0.31462,505.5,537.1,0.836,0.59948,0.47911,575.5,817.8,0.795,0.53744,0.33143,515.9,565.8,0.852,0.56147,0.49291,539.0,841.4,0.884,0.47248,0.32237,453.6,550.3,0.85
1225,33.831,960,1707,0.70021,0.19765,672.2,337.4,0.999,0.70199,0.19458,673.9,332.1,0.999,0.70321,0.19477,675.1,332.5,0.999,0.70434,0.19489,676.2,332.7,0.999,0.69796,0.19529,670.0,333.4,1.0,0.69549,0.19641,667.7,335.3,1.0,0.69222,0.19754,664.5,337.2,1.0,0.70687,0.19948,678.6,340.5,0.999,0.68718,0.2025,659.7,345.7,0.999,0.70205,0.20316,674.0,346.8,0.999,0.69528,0.2053,667.5,350.5,0.999,0.7271,0.23526,698.0,401.6,1.0,0.65932,0.22403,632.9,382.4,1.0,0.71337,0.259,684.8,442.1,0.347,0.59394,0.2208,570.2,376.9,0.156,0.74785,0.25842,717.9,441.1,0.398,0.54919,0.20911,527.2,357.0,0.636,0.75192,0.25993,721.8,443.7,0.465,0.53061,0.20325,509.4,346.9,0.658,0.75772,0.25412,727.4,433.8,0.46,0.53854,0.20107,517.0,343.2,0.662,0.75232,0.25342,722.2,432.6,0.378,0.54706,0.20425,525.2,348.7,0.631,0.66781,0.3077,641.1,525.2,1.0,0.62253,0.28485,597.6,486.2,1.0,0.62467,0.38426,599.7,655.9,0.95,0.5382,0.25088,516.7,428.3,0.948,0.60063,0.46804,576.6,798.9,0.938,0.52647,0.31572,505.4,538.9,0.837,0.6001,0.47918,576.1,818.0,0.791,0.53723,0.33239,515.7,567.4,0.853,0.56111,0.49345,538.7,842.3,0.885,0.47776,0.32361,458.6,552.4,0.852
1226,33.859,960,1707,0.70233,0.19728,674.2,336.8,0.999,0.70242,0.19449,674.3,332.0,0.999,0.70344,0.19469,675.3,332.3,0.999,0.70446,0.19482,676.3,332.6,0.999,0.69849,0.19519,670.5,333.2,1.0,0.69585,0.19623,668.0,335.0,1.0,0.69249,0.19743,664.8,337.0,1.0,0.70676,0.19947,678.5,340.5,0.999,0.68725,0.2024,659.8,345.5,0.999,0.70329,0.20294,675.2,346.4,0.999,0.69682,0.20509,668.9,350.1,0.999,0.72998,0.23899,700.8,408.0,1.0,0.6585,0.22402,632.2,382.4,1.0,0.71478,0.26269,686.2,448.4,0.328,0.59448,0.22106,570.7,377.3,0.163,0.74881,0.25612,718.9,437.2,0.393,0.54912,0.20944,527.2,357.5,0.657,0.75194,0.25673,721.9,438.2,0.467,0.53058,0.20359,509.4,347.5,0.678,0.75555,0.25246,725.3,430.9,0.461,0.53851,0.20147,517.0,343.9,0.682,0.75179,0.25185,721.7,429.9,0.378,0.54698,0.20462,525.1,349.3,0.65,0.66883,0.30712,642.1,524.3,1.0,0.62359,0.28481,598.6,486.2,1.0,0.62487,0.38232,599.9,652.6,0.951,0.53837,0.25161,516.8,429.5,0.948,0.60026,0.46788,576.2,798.7,0.935,0.52609,0.31685,505.0,540.9,0.83,0.59969,0.47975,575.7,818.9,0.785,0.5351,0.3328,513.7,568.1,0.85,0.56093,0.49307,538.5,841.7,0.883,0.46874,0.33089,450.0,564.8,0.846
1227,33.887,960,1707,0.7023,0.19714,674.2,336.5,0.999,0.70238,0.19435,674.3,331.7,0.999,0.70326,0.19454,675.1,332.1,0.999,0.70409,0.19469,675.9,332.3,0.999,0.6985,0.19509,670.6,333.0,1.0,0.69589,0.19614,668.1,334.8,1.0,0.69263,0.19741,664.9,337.0,1.0,0.70587,0.19937,677.6,340.3,0.999,0.68791,0.20237,660.4,345.4,0.999,0.70322,0.2029,675.1,346.3,0.999,0.69685,0.2051,669.0,350.1,0.999,0.72722,0.23204,698.1,396.1,1.0,0.66086,0.22428,634.4,382.8,1.0,0.64929,0.23634,623.3,403.4,0.377,0.59678,0.22136,572.9,377.9,0.152,0.56816,0.2142,545.4,365.6,0.433,0.54924,0.21069,527.3,359.6,0.636,0.54707,0.2097,525.2,358.0,0.499,0.531,0.20394,509.8,348.1,0.663,0.55696,0.207,534.7,353.4,0.492,0.53873,0.20264,517.2,345.9,0.666,0.56871,0.21025,546.0,358.9,0.405,0.54726,0.20643,525.4,352.4,0.633,0.66868,0.3039,641.9,518.8,1.0,0.62819,0.28734,603.1,490.5,1.0,0.62439,0.38152,599.4,651.3,0.954,0.54082,0.25177,519.2,429.8,0.949,0.59999,0.46815,576.0,799.1,0.94,0.52555,0.31619,504.5,539.7,0.835,0.60061,0.47909,576.6,817.8,0.795,0.53496,0.3329,513.6,568.3,0.854,0.56065,0.49171,538.2,839.4,0.888,0.46912,0.32888,450.4,561.4,0.848
1228,33.914,960,1707,0.69617,0.20132,668.3,343.6,0.999,0.69718,0.19742,669.3,337.0,0.999,0.6978,0.19703,669.9,336.3,0.999,0.69762,0.19723,669.7,336.7,0.999,0.69712,0.19847,669.2,338.8,1.0,0.69563,0.1993,667.8,340.2,1.0,0.69285,0.2001,665.1,341.6,1.0,0.69836,0.20152,670.4,344.0,0.999,0.69443,0.2059,666.6,351.5,0.999,0.69554,0.20782,667.7,354.7,0.999,0.69564,0.20955,667.8,357.7,0.999,0.68379,0.22177,656.4,378.6,1.0,0.72062,0.24634,691.8,420.5,1.0,0.6019,0.21996,577.8,375.5,0.422,0.70711,0.28967,678.8,494.5,0.139,0.55294,0.20903,530.8,356.8,0.441,0.67962,0.31472,652.4,537.2,0.576,0.53495,0.20429,513.6,348.7,0.501,0.68007,0.32294,652.9,551.3,0.601,0.54383,0.20254,522.1,345.7,0.494,0.66925,0.31804,642.5,542.9,0.604,0.55242,0.20596,530.3,351.6,0.401,0.66727,0.31345,640.6,535.1,0.574,0.64139,0.28867,615.7,492.8,1.0,0.65728,0.31058,631.0,530.2,1.0,0.54416,0.25201,522.4,430.2,0.944,0.61348,0.37891,588.9,646.8,0.953,0.53212,0.32317,510.8,551.6,0.919,0.5928,0.45981,569.1,784.9,0.85,0.54578,0.33548,523.9,572.7,0.805,0.59739,0.47157,573.5,805.0,0.867,0.49855,0.33122,478.6,565.4,0.862,0.55389,0.48674,531.7,830.9,0.859
1229,33.942,960,1707,0.68913,0.20422,661.6,348.6,0.999,0.69098,0.19951,663.3,340.6,0.999,0.69123,0.1988,663.6,339.3,0.999,0.69057,0.1988,662.9,339.3,0.999,0.69314,0.20067,665.4,342.5,1.0,0.69354,0.20126,665.8,343.6,1.0,0.69253,0.2017,664.8,344.3,1.0,0.69281,0.20236,665.1,345.4,0.999,0.69602,0.20599,668.2,351.6,0.999,0.68892,0.20912,661.4,357.0,0.999,0.69159,0.21068,663.9,359.6,0.999,0.67807,0.21841,650.9,372.8,1.0,0.73055,0.24793,701.3,423.2,1.0,0.59555,0.21855,571.7,373.1,0.46,0.72162,0.29101,692.8,496.8,0.127,0.54956,0.2085,527.6,355.9,0.445,0.68593,0.31443,658.5,536.7,0.521,0.53354,0.20422,512.2,348.6,0.5,0.68597,0.32079,658.5,547.6,0.545,0.54196,0.2025,520.3,345.7,0.492,0.67238,0.3154,645.5,538.4,0.547,0.54938,0.20522,527.4,350.3,0.397,0.67062,0.31163,643.8,532.0,0.52,0.63494,0.28568,609.5,487.7,1.0,0.66399,0.31495,637.4,537.6,1.0,0.53582,0.24717,514.4,421.9,0.943,0.62006,0.38199,595.3,652.1,0.957,0.52732,0.31465,506.2,537.1,0.915,0.60033,0.46357,576.3,791.3,0.864,0.53903,0.3289,517.5,561.4,0.82,0.60523,0.47449,581.0,809.9,0.88,0.49398,0.32225,474.2,550.1,0.853,0.55773,0.49037,535.4,837.1,0.871
1230,33.969,960,1707,0.68697,0.20598,659.5,351.6,0.999,0.68852,0.20123,661.0,343.5,0.999,0.68802,0.20085,660.5,342.8,0.999,0.68712,0.20073,659.6,342.6,0.999,0.69169,0.20261,664.0,345.9,1.0,0.69287,0.20332,665.2,347.1,1.0,0.69251,0.2041,664.8,348.4,1.0,0.69049,0.20348,662.9,347.3,0.999,0.69819,0.2079,670.3,354.9,0.999,0.68642,0.21051,659.0,359.3,0.999,0.69009,0.21245,662.5,362.7,0.998,0.67773,0.21675,650.6,370.0,1.0,0.73224,0.25078,702.9,428.1,1.0,0.59645,0.21853,572.6,373.0,0.489,0.71492,0.29541,686.3,504.3,0.116,0.55173,0.20993,529.7,358.3,0.44,0.68842,0.31897,660.9,544.5,0.471,0.53474,0.20547,513.3,350.7,0.492,0.68994,0.32656,662.3,557.4,0.494,0.54308,0.20369,521.4,347.7,0.484,0.67885,0.32113,651.7,548.2,0.495,0.55064,0.20658,528.6,352.6,0.387,0.67636,0.31694,649.3,541.0,0.47,0.63468,0.28554,609.3,487.4,1.0,0.66463,0.31624,638.0,539.8,1.0,0.53825,0.24738,516.7,422.3,0.935,0.61999,0.38268,595.2,653.2,0.96,0.52468,0.31311,503.7,534.5,0.906,0.60189,0.46329,577.8,790.8,0.877,0.5351,0.3283,513.7,560.4,0.831,0.60673,0.47422,582.5,809.5,0.891,0.48653,0.32003,467.1,546.3,0.836,0.55794,0.49039,535.6,837.1,0.88
1231,33.997,960,1707,0.68558,0.20708,658.2,353.5,0.999,0.6865,0.20242,659.0,345.5,0.999,0.68565,0.2021,658.2,345.0,0.999,0.68501,0.20138,657.6,343.8,0.999,0.69039,0.2037,662.8,347.7,0.999,0.69195,0.2042,664.3,348.6,0.999,0.69239,0.20463,664.7,349.3,1.0,0.6882,0.20417,660.7,348.5,0.999,0.69869,0.2083,670.7,355.6,0.999,0.68557,0.21112,658.1,360.4,0.999,0.68951,0.21302,661.9,363.6,0.998,0.6777,0.21525,650.6,367.4,1.0,0.73166,0.24923,702.4,425.4,1.0,0.5939,0.21848,570.1,373.0,0.519,0.6982,0.2843,670.3,485.3,0.106,0.55191,0.21009,529.8,358.6,0.431,0.65182,0.29114,625.7,497.0,0.426,0.53711,0.20582,515.6,351.3,0.479,0.64698,0.29296,621.1,500.1,0.448,0.54676,0.20419,524.9,348.5,0.471,0.63759,0.28886,612.1,493.1,0.449,0.5534,0.20693,531.3,353.2,0.376,0.63845,0.28742,612.9,490.6,0.427,0.63282,0.28525,607.5,486.9,1.0,0.66474,0.31677,638.2,540.7,1.0,0.53492,0.24685,513.5,421.4,0.925,0.62195,0.38269,597.1,653.3,0.962,0.52199,0.31113,501.1,531.1,0.889,0.60239,0.46321,578.3,790.7,0.888,0.53313,0.32513,511.8,555.0,0.834,0.6068,0.4749,582.5,810.7,0.901,0.48228,0.32,463.0,546.2,0.806,0.56023,0.4904,537.8,837.1,0.886
1232,34.025,960,1707,0.68507,0.20853,657.7,356.0,0.999,0.68584,0.20369,658.4,347.7,0.999,0.68487,0.20327,657.5,347.0,0.999,0.68393,0.2026,656.6,345.8,0.999,0.69027,0.20535,662.7,350.5,1.0,0.69196,0.20628,664.3,352.1,0.999,0.6927,0.20664,665.0,352.7,1.0,0.68774,0.20498,660.2,349.9,0.999,0.70119,0.21008,673.1,358.6,0.999,0.68496,0.21236,657.6,362.5,0.999,0.68908,0.21442,661.5,366.0,0.998,0.68084,0.21432,653.6,365.8,1.0,0.72929,0.25074,700.1,428.0,1.0,0.59682,0.2184,572.9,372.8,0.555,0.69399,0.28302,666.2,483.1,0.098,0.55351,0.20955,531.4,357.7,0.443,0.64787,0.29416,622.0,502.1,0.389,0.53792,0.20489,516.4,349.7,0.486,0.64469,0.29725,618.9,507.4,0.41,0.5461,0.20426,524.3,348.7,0.479,0.63401,0.29265,608.7,499.6,0.411,0.55246,0.20704,530.4,353.4,0.383,0.63344,0.29058,608.1,496.0,0.391,0.63245,0.28575,607.2,487.8,1.0,0.66435,0.31667,637.8,540.6,1.0,0.53035,0.24728,509.1,422.1,0.926,0.62234,0.38289,597.5,653.6,0.965,0.52224,0.31138,501.4,531.5,0.889,0.60201,0.46405,577.9,792.1,0.898,0.53393,0.32521,512.6,555.1,0.846,0.60586,0.47634,581.6,813.1,0.91,0.48073,0.32199,461.5,549.6,0.8,0.56015,0.4905,537.7,837.3,0.894
1233,34.052,960,1707,0.6829,0.2084,655.6,355.7,0.999,0.68404,0.20367,656.7,347.7,0.999,0.68334,0.20317,656.0,346.8,0.999,0.68262,0.20253,655.3,345.7,0.999,0.68897,0.20544,661.4,350.7,0.999,0.69134,0.2062,663.7,352.0,0.999,0.69269,0.20664,665.0,352.7,1.0,0.68751,0.20483,660.0,349.7,0.999,0.70201,0.20967,673.9,357.9,0.999,0.68334,0.21223,656.0,362.3,0.999,0.68785,0.21424,660.3,365.7,0.998,0.68094,0.21289,653.7,363.4,1.0,0.73159,0.25092,702.3,428.3,1.0,0.59677,0.219,572.9,373.8,0.59,0.69958,0.28296,671.6,483.0,0.091,0.55418,0.2083,532.0,355.6,0.452,0.65079,0.29187,624.8,498.2,0.354,0.53715,0.2039,515.7,348.1,0.49,0.64837,0.29358,622.4,501.1,0.374,0.54529,0.20307,523.5,346.6,0.482,0.63594,0.28901,610.5,493.3,0.375,0.55224,0.20571,530.1,351.2,0.387,0.63477,0.28776,609.4,491.2,0.357,0.6337,0.28552,608.3,487.4,1.0,0.66593,0.31617,639.3,539.7,1.0,0.53239,0.24775,511.1,422.9,0.928,0.62197,0.38237,597.1,652.7,0.968,0.5215,0.31601,500.6,539.4,0.891,0.60219,0.46386,578.1,791.8,0.908,0.53335,0.32816,512.0,560.2,0.858,0.60612,0.47574,581.9,812.1,0.919,0.48315,0.32619,463.8,556.8,0.8,0.55834,0.48975,536.0,836.0,0.903
1234,34.08,960,1707,0.68167,0.20847,654.4,355.9,0.999,0.68225,0.20363,655.0,347.6,0.999,0.68156,0.20304,654.3,346.6,0.999,0.68085,0.20237,653.6,345.5,0.999,0.68697,0.20544,659.5,350.7,0.999,0.6894,0.2061,661.8,351.8,0.999,0.69139,0.2065,663.7,352.5,1.0,0.68564,0.20468,658.2,349.4,0.999,0.70138,0.20933,673.3,357.3,0.999,0.68223,0.21198,654.9,361.9,0.998,0.68666,0.21399,659.2,365.3,0.998,0.67857,0.2116,651.4,361.2,1.0,0.73603,0.24964,706.6,426.1,1.0,0.59694,0.21935,573.1,374.4,0.615,0.70755,0.28474,679.2,486.1,0.083,0.55733,0.20763,535.0,354.4,0.44,0.65925,0.29,632.9,495.0,0.32,0.53929,0.20324,517.7,346.9,0.476,0.65654,0.29093,630.3,496.6,0.339,0.54895,0.20234,527.0,345.4,0.469,0.64269,0.28627,617.0,488.7,0.34,0.55678,0.20488,534.5,349.7,0.376,0.64179,0.28531,616.1,487.0,0.324,0.63131,0.28626,606.1,488.6,1.0,0.66598,0.31745,639.3,541.9,1.0,0.5296,0.24741,508.4,422.3,0.924,0.62055,0.38345,595.7,654.6,0.97,0.52179,0.31573,500.9,539.0,0.885,0.60176,0.46429,577.7,792.5,0.916,0.5352,0.32643,513.8,557.2,0.864,0.6049,0.47581,580.7,812.2,0.926,0.48718,0.32928,467.7,562.1,0.787,0.55952,0.48966,537.1,835.9,0.907
1235,34.108,960,1707,0.67723,0.20835,650.1,355.7,0.999,0.67825,0.20349,651.1,347.3,0.999,0.67811,0.20285,651.0,346.3,0.999,0.67782,0.20218,650.7,345.1,0.999,0.68225,0.20527,655.0,350.4,0.999,0.68508,0.20583,657.7,351.4,0.999,0.68767,0.20619,660.2,352.0,0.999,0.68458,0.20457,657.2,349.2,0.999,0.70108,0.20895,673.0,356.7,0.999,0.67966,0.21174,652.5,361.4,0.998,0.68374,0.21376,656.4,364.9,0.997,0.67988,0.2102,652.7,358.8,1.0,0.73981,0.24836,710.2,423.9,1.0,0.5979,0.21894,574.0,373.7,0.632,0.70527,0.28225,677.1,481.8,0.076,0.55715,0.20672,534.9,352.9,0.43,0.65301,0.28878,626.9,493.0,0.289,0.53771,0.20263,516.2,345.9,0.464,0.64849,0.29026,622.5,495.5,0.308,0.54789,0.20104,526.0,343.2,0.457,0.63562,0.28587,610.2,488.0,0.309,0.55679,0.20331,534.5,347.0,0.366,0.63575,0.28467,610.3,485.9,0.294,0.63084,0.28692,605.6,489.8,1.0,0.66596,0.31811,639.3,543.0,1.0,0.5287,0.24693,507.6,421.5,0.908,0.6204,0.38253,595.6,653.0,0.969,0.52145,0.31263,500.6,533.7,0.87,0.60061,0.4639,576.6,791.9,0.922,0.53482,0.32436,513.4,553.7,0.864,0.60347,0.47433,579.3,809.7,0.931,0.48494,0.32883,465.5,561.3,0.77,0.55952,0.49044,537.1,837.2,0.909
1236,34.135,960,1707,0.67314,0.20807,646.2,355.2,0.999,0.67485,0.20323,647.9,346.9,0.999,0.67506,0.20263,648.1,345.9,0.999,0.67503,0.20201,648.0,344.8,0.999,0.67831,0.20494,651.2,349.8,0.999,0.68128,0.20561,654.0,351.0,0.999,0.68432,0.20606,656.9,351.7,0.999,0.68288,0.20398,655.6,348.2,0.999,0.70286,0.20878,674.7,356.4,0.998,0.67717,0.21153,650.1,361.1,0.997,0.68146,0.21355,654.2,364.5,0.996,0.68071,0.20818,653.5,355.4,1.0,0.74287,0.24968,713.2,426.2,1.0,0.59813,0.21823,574.2,372.5,0.645,0.70785,0.28446,679.5,485.6,0.07,0.55692,0.2064,534.6,352.3,0.426,0.66192,0.30836,635.4,526.4,0.262,0.53833,0.20276,516.8,346.1,0.456,0.6588,0.31412,632.4,536.2,0.279,0.5492,0.2011,527.2,343.3,0.449,0.64539,0.30928,619.6,527.9,0.279,0.55711,0.20307,534.8,346.6,0.357,0.64528,0.30607,619.5,522.5,0.266,0.63111,0.28673,605.9,489.5,1.0,0.66692,0.31728,640.2,541.6,1.0,0.52885,0.24589,507.7,419.7,0.899,0.62159,0.38094,596.7,650.3,0.97,0.52193,0.31034,501.1,529.8,0.865,0.60052,0.46411,576.5,792.2,0.928,0.53513,0.32282,513.7,551.0,0.868,0.60358,0.47461,579.4,810.2,0.937,0.48016,0.32361,461.0,552.4,0.758,0.55987,0.48969,537.5,835.9,0.912
1237,34.163,960,1707,0.67302,0.208,646.1,355.1,0.998,0.67517,0.20288,648.2,346.3,0.998,0.67534,0.20219,648.3,345.1,0.998,0.67524,0.20145,648.2,343.9,0.999,0.67876,0.20448,651.6,349.1,0.999,0.68159,0.20489,654.3,349.8,0.998,0.68455,0.20505,657.2,350.0,0.999,0.68304,0.20251,655.7,345.7,0.999,0.7024,0.20647,674.3,352.4,0.998,0.67627,0.21117,649.2,360.5,0.996,0.68039,0.21311,653.2,363.8,0.994,0.68188,0.20645,654.6,352.4,1.0,0.74248,0.24882,712.8,424.7,1.0,0.5999,0.21732,575.9,371.0,0.652,0.70241,0.28162,674.3,480.7,0.064,0.5572,0.20666,534.9,352.8,0.419,0.64746,0.30512,621.6,520.8,0.238,0.53824,0.20314,516.7,346.8,0.447,0.63953,0.30496,613.9,520.6,0.254,0.54877,0.20149,526.8,343.9,0.441,0.62151,0.30004,596.6,512.2,0.254,0.55688,0.20344,534.6,347.3,0.35,0.6231,0.29811,598.2,508.9,0.243,0.63211,0.28656,606.8,489.2,1.0,0.66886,0.3166,642.1,540.4,1.0,0.53046,0.24791,509.2,423.2,0.885,0.62257,0.38063,597.7,649.7,0.968,0.52152,0.30963,500.7,528.5,0.857,0.60089,0.46356,576.9,791.3,0.933,0.53337,0.32382,512.0,552.8,0.869,0.6048,0.47368,580.6,808.6,0.941,0.47975,0.32481,460.6,554.4,0.751,0.55968,0.48989,537.3,836.2,0.915
1238,34.19,960,1707,0.67091,0.20776,644.1,354.6,0.998,0.673,0.20238,646.1,345.5,0.998,0.67334,0.20159,646.4,344.1,0.998,0.67338,0.20073,646.4,342.7,0.998,0.67625,0.20387,649.2,348.0,0.998,0.67893,0.20402,651.8,348.3,0.998,0.6815,0.20394,654.2,348.1,0.999,0.68164,0.20107,654.4,343.2,0.998,0.69903,0.20444,671.1,349.0,0.997,0.67461,0.21018,647.6,358.8,0.996,0.67803,0.21206,650.9,362.0,0.994,0.68253,0.20596,655.2,351.6,1.0,0.73977,0.24568,710.2,419.4,1.0,0.60059,0.21612,576.6,368.9,0.658,0.70024,0.2779,672.2,474.4,0.059,0.5554,0.20544,533.2,350.7,0.412,0.6251,0.27709,600.1,473.0,0.217,0.53608,0.20249,514.6,345.7,0.441,0.6155,0.27481,590.9,469.1,0.234,0.54529,0.20044,523.5,342.2,0.435,0.59312,0.26693,569.4,455.6,0.234,0.55338,0.20192,531.2,344.7,0.345,0.59458,0.26108,570.8,445.7,0.223,0.63255,0.28605,607.2,488.3,1.0,0.66933,0.31634,642.6,540.0,1.0,0.5272,0.24564,506.1,419.3,0.874,0.6234,0.38148,598.5,651.2,0.966,0.52181,0.30854,500.9,526.7,0.852,0.60136,0.4635,577.3,791.2,0.938,0.53343,0.32362,512.1,552.4,0.87,0.60454,0.47383,580.4,808.8,0.945,0.47909,0.32386,459.9,552.8,0.751,0.55965,0.48992,537.3,836.3,0.919
1239,34.218,960,1707,0.66957,0.20582,642.8,351.3,0.997,0.67273,0.2006,645.8,342.4,0.998,0.67336,0.19969,646.4,340.9,0.998,0.67368,0.19871,646.7,339.2,0.998,0.67458,0.20249,647.6,345.6,0.998,0.67662,0.20274,649.6,346.1,0.998,0.67852,0.20276,651.4,346.1,0.999,0.68213,0.19888,654.8,339.5,0.998,0.69411,0.20277,666.3,346.1,0.997,0.67297,0.20797,646.0,355.0,0.996,0.67508,0.2103,648.1,359.0,0.994,0.68286,0.20503,655.5,350.0,1.0,0.73754,0.24128,708.0,411.9,1.0,0.60143,0.21636,577.4,369.3,0.665,0.69906,0.27324,671.1,466.4,0.054,0.55498,0.20516,532.8,350.2,0.405,0.62585,0.26175,600.8,446.8,0.2,0.53638,0.20194,514.9,344.7,0.437,0.6143,0.25586,589.7,436.8,0.218,0.54584,0.19983,524.0,341.1,0.431,0.5989,0.24949,574.9,425.9,0.219,0.55349,0.20134,531.4,343.7,0.342,0.60215,0.25204,578.1,430.2,0.209,0.63294,0.28587,607.6,488.0,1.0,0.66889,0.31583,642.1,539.1,1.0,0.52487,0.24459,503.9,417.5,0.863,0.62381,0.38155,598.9,651.3,0.963,0.52074,0.30859,499.9,526.8,0.852,0.60221,0.46308,578.1,790.5,0.942,0.53198,0.3236,510.7,552.4,0.873,0.60603,0.47311,581.8,807.6,0.948,0.47992,0.32249,460.7,550.5,0.76,0.55958,0.49062,537.2,837.5,0.924
1240,34.246,960,1707,0.67102,0.20389,644.2,348.0,0.998,0.67387,0.19885,646.9,339.4,0.998,0.67441,0.19801,647.4,338.0,0.998,0.67466,0.19709,647.7,336.4,0.998,0.6755,0.20071,648.5,342.6,0.998,0.67714,0.20103,650.1,343.2,0.998,0.67872,0.20117,651.6,343.4,0.999,0.68256,0.19759,655.3,337.3,0.999,0.69472,0.20141,666.9,343.8,0.997,0.67381,0.20641,646.9,352.3,0.996,0.6761,0.20883,649.1,356.5,0.994,0.68183,0.20571,654.6,351.2,1.0,0.73669,0.23955,707.2,408.9,1.0,0.59805,0.21661,574.1,369.8,0.676,0.69753,0.26635,669.6,454.7,0.049,0.55408,0.20504,531.9,350.0,0.407,0.6293,0.2489,604.1,424.9,0.183,0.53749,0.20163,516.0,344.2,0.441,0.62661,0.2449,601.5,418.0,0.202,0.54885,0.1996,526.9,340.7,0.435,0.61945,0.24305,594.7,414.9,0.203,0.55581,0.20137,533.6,343.7,0.345,0.61926,0.24442,594.5,417.2,0.194,0.63295,0.28595,607.6,488.1,1.0,0.66862,0.3155,641.9,538.6,1.0,0.52595,0.24525,504.9,418.6,0.862,0.62385,0.38245,598.9,652.8,0.962,0.52039,0.30811,499.6,525.9,0.858,0.60221,0.46336,578.1,790.9,0.947,0.53099,0.32268,509.7,550.8,0.879,0.60562,0.47353,581.4,808.3,0.952,0.48054,0.32266,461.3,550.8,0.772,0.56053,0.49041,538.1,837.1,0.928
1241,34.273,960,1707,0.67191,0.20288,645.0,346.3,0.998,0.6758,0.19785,648.8,337.7,0.998,0.67626,0.19704,649.2,336.4,0.998,0.67638,0.19619,649.3,334.9,0.999,0.67772,0.19953,650.6,340.6,0.998,0.67974,0.19981,652.6,341.1,0.998,0.6818,0.19998,654.5,341.4,0.999,0.68548,0.19705,658.1,336.4,0.999,0.69814,0.20059,670.2,342.4,0.998,0.67458,0.20566,647.6,351.1,0.996,0.67718,0.20795,650.1,355.0,0.994,0.68218,0.2062,654.9,352.0,1.0,0.73678,0.23805,707.3,406.3,1.0,0.59808,0.21685,574.2,370.2,0.693,0.68812,0.26008,660.6,444.0,0.047,0.55347,0.20547,531.3,350.7,0.425,0.62401,0.24375,599.0,416.1,0.175,0.5375,0.20212,516.0,345.0,0.46,0.61759,0.23982,592.9,409.4,0.199,0.54845,0.20014,526.5,341.6,0.455,0.61237,0.23759,587.9,405.6,0.2,0.55535,0.20182,533.1,344.5,0.364,0.61344,0.23877,588.9,407.6,0.191,0.63286,0.28603,607.5,488.2,1.0,0.66897,0.31526,642.2,538.2,1.0,0.52649,0.24509,505.4,418.4,0.864,0.62361,0.38183,598.7,651.8,0.962,0.52119,0.30698,500.3,524.0,0.865,0.60239,0.4624,578.3,789.3,0.951,0.53189,0.32098,510.6,547.9,0.886,0.60618,0.47235,581.9,806.3,0.955,0.48152,0.32067,462.3,547.4,0.787,0.5613,0.49006,538.8,836.5,0.933
1242,34.301,960,1707,0.67207,0.20169,645.2,344.3,0.998,0.67624,0.19672,649.2,335.8,0.998,0.67674,0.19598,649.7,334.5,0.998,0.67687,0.19522,649.8,333.2,0.999,0.67844,0.19827,651.3,338.5,0.999,0.68079,0.19854,653.6,338.9,0.998,0.68321,0.1987,655.9,339.2,0.999,0.68725,0.19621,659.8,334.9,0.999,0.69988,0.19945,671.9,340.5,0.998,0.67477,0.20473,647.8,349.5,0.997,0.67778,0.20693,650.7,353.2,0.995,0.68306,0.20619,655.7,352.0,1.0,0.73632,0.23666,706.9,404.0,1.0,0.59917,0.21528,575.2,367.5,0.708,0.67402,0.25567,647.1,436.4,0.044,0.55285,0.20555,530.7,350.9,0.435,0.60944,0.23997,585.1,409.6,0.171,0.53725,0.20229,515.8,345.3,0.472,0.60032,0.23876,576.3,407.6,0.2,0.54645,0.20055,524.6,342.3,0.465,0.59058,0.23389,567.0,399.3,0.202,0.55285,0.20229,530.7,345.3,0.374,0.59342,0.23475,569.7,400.7,0.193,0.63303,0.28591,607.7,488.1,1.0,0.66886,0.31522,642.1,538.1,1.0,0.52429,0.24437,503.3,417.1,0.868,0.62344,0.38132,598.5,650.9,0.962,0.52134,0.30593,500.5,522.2,0.873,0.60289,0.46147,578.8,787.7,0.954,0.53224,0.31984,510.9,546.0,0.893,0.60758,0.47137,583.3,804.6,0.958,0.48127,0.31995,462.0,546.2,0.802,0.56146,0.48957,539.0,835.7,0.938
1243,34.328,960,1707,0.67231,0.20104,645.4,343.2,0.998,0.67661,0.19597,649.5,334.5,0.998,0.67718,0.19523,650.1,333.3,0.998,0.67737,0.19451,650.3,332.0,0.999,0.67892,0.19745,651.8,337.1,0.999,0.68143,0.19766,654.2,337.4,0.999,0.68397,0.19778,656.6,337.6,0.999,0.68875,0.19535,661.2,333.5,0.999,0.70068,0.19842,672.7,338.7,0.998,0.67485,0.20412,647.9,348.4,0.997,0.67805,0.20622,650.9,352.0,0.995,0.6833,0.20641,656.0,352.3,1.0,0.73609,0.23644,706.6,403.6,1.0,0.59996,0.21591,576.0,368.6,0.72,0.67044,0.25611,643.6,437.2,0.042,0.55258,0.20553,530.5,350.8,0.446,0.60208,0.24053,578.0,410.6,0.168,0.5368,0.20219,515.3,345.1,0.486,0.59395,0.23912,570.2,408.2,0.201,0.54658,0.20041,524.7,342.1,0.478,0.58494,0.233,561.5,397.7,0.203,0.55294,0.20202,530.8,344.8,0.387,0.58796,0.23359,564.4,398.7,0.194,0.63232,0.28568,607.0,487.7,1.0,0.66856,0.31517,641.8,538.0,1.0,0.52327,0.24516,502.3,418.5,0.869,0.62338,0.38166,598.4,651.5,0.962,0.52128,0.30605,500.4,522.4,0.878,0.60282,0.46183,578.7,788.3,0.957,0.53216,0.31938,510.9,545.2,0.899,0.60744,0.47168,583.1,805.2,0.96,0.48112,0.31989,461.9,546.0,0.815,0.56178,0.48966,539.3,835.8,0.942
1244,34.356,960,1707,0.67287,0.20055,646.0,342.3,0.998,0.677,0.19536,649.9,333.5,0.999,0.67763,0.19461,650.5,332.2,0.998,0.6778,0.19391,650.7,331.0,0.999,0.67932,0.19678,652.2,335.9,0.999,0.68192,0.19692,654.6,336.1,0.999,0.68448,0.197,657.1,336.3,0.999,0.68962,0.19482,662.0,332.6,0.999,0.70109,0.19765,673.1,337.4,0.998,0.67526,0.20364,648.2,347.6,0.997,0.67831,0.20562,651.2,351.0,0.996,0.68201,0.20663,654.7,352.7,1.0,0.73687,0.2351,707.4,401.3,1.0,0.59947,0.2163,575.5,369.2,0.729,0.67591,0.25717,648.9,439.0,0.039,0.55202,0.20543,529.9,350.7,0.449,0.60652,0.24112,582.3,411.6,0.157,0.53599,0.20213,514.5,345.0,0.49,0.60597,0.2401,581.7,409.9,0.192,0.54601,0.20013,524.2,341.6,0.483,0.59484,0.23148,571.0,395.1,0.194,0.55245,0.20154,530.4,344.0,0.391,0.58894,0.23474,565.4,400.7,0.186,0.6318,0.28561,606.5,487.5,1.0,0.66837,0.31503,641.6,537.7,1.0,0.52456,0.24523,503.6,418.6,0.864,0.62348,0.38162,598.5,651.4,0.958,0.5213,0.30596,500.5,522.3,0.88,0.60267,0.46177,578.6,788.2,0.959,0.53239,0.31927,511.1,545.0,0.902,0.60711,0.47152,582.8,804.9,0.961,0.48161,0.32054,462.3,547.2,0.822,0.56202,0.48968,539.5,835.9,0.943
1245,34.384,960,1707,0.6731,0.19958,646.2,340.7,0.998,0.67813,0.19445,651.0,331.9,0.999,0.67861,0.19379,651.5,330.8,0.999,0.67863,0.19318,651.5,329.8,0.999,0.68077,0.19575,653.5,334.1,0.999,0.68335,0.19592,656.0,334.4,0.999,0.68584,0.19606,658.4,334.7,0.999,0.69036,0.19432,662.7,331.7,0.999,0.70188,0.19715,673.8,336.5,0.998,0.67542,0.20289,648.4,346.3,0.997,0.67874,0.20466,651.6,349.3,0.996,0.68099,0.2068,653.8,353.0,1.0,0.73688,0.23514,707.4,401.4,1.0,0.59947,0.21654,575.5,369.6,0.736,0.67159,0.25649,644.7,437.8,0.037,0.55149,0.20524,529.4,350.3,0.451,0.60511,0.23777,580.9,405.9,0.153,0.53583,0.20191,514.4,344.7,0.494,0.59824,0.23831,574.3,406.8,0.191,0.54585,0.1998,524.0,341.1,0.487,0.58723,0.23055,563.7,393.5,0.194,0.55218,0.20112,530.1,343.3,0.395,0.58813,0.23171,564.6,395.5,0.186,0.6319,0.28559,606.6,487.5,1.0,0.66831,0.31493,641.6,537.6,1.0,0.52507,0.24578,504.1,419.6,0.857,0.62351,0.38116,598.6,650.6,0.956,0.52132,0.30582,500.5,522.0,0.878,0.60272,0.46124,578.6,787.3,0.96,0.53261,0.31926,511.3,545.0,0.902,0.60724,0.471,582.9,804.0,0.962,0.48189,0.32177,462.6,549.3,0.825,0.5623,0.48957,539.8,835.7,0.945
1246,34.411,960,1707,0.67341,0.19904,646.5,339.8,0.999,0.67894,0.19392,651.8,331.0,0.999,0.67941,0.19332,652.2,330.0,0.999,0.6794,0.19277,652.2,329.1,0.999,0.68187,0.19516,654.6,333.1,0.999,0.68454,0.19534,657.2,333.5,0.999,0.68704,0.19551,659.6,333.7,0.999,0.69143,0.19396,663.8,331.1,0.999,0.70296,0.19665,674.8,335.7,0.998,0.67595,0.20246,648.9,345.6,0.998,0.67947,0.2041,652.3,348.4,0.996,0.68123,0.20682,654.0,353.0,1.0,0.73687,0.23474,707.4,400.7,1.0,0.59955,0.2165,575.6,369.6,0.743,0.6688,0.2538,642.1,433.2,0.036,0.54999,0.20531,528.0,350.5,0.454,0.59861,0.23396,574.7,399.4,0.154,0.53472,0.20187,513.3,344.6,0.497,0.58297,0.23168,559.7,395.5,0.196,0.54282,0.19971,521.1,340.9,0.49,0.57927,0.22776,556.1,388.8,0.199,0.54926,0.20114,527.3,343.3,0.399,0.58467,0.22967,561.3,392.0,0.191,0.6326,0.28569,607.3,487.7,1.0,0.66865,0.31478,641.9,537.3,1.0,0.52492,0.24639,503.9,420.6,0.846,0.62328,0.38054,598.3,649.6,0.953,0.52144,0.30737,500.6,524.7,0.87,0.60279,0.46073,578.7,786.5,0.961,0.53374,0.32097,512.4,547.9,0.898,0.60781,0.47061,583.5,803.3,0.962,0.48357,0.323,464.2,551.4,0.82,0.56216,0.48936,539.7,835.3,0.945
1247,34.439,960,1707,0.6743,0.19887,647.3,339.5,0.999,0.67997,0.19375,652.8,330.7,0.999,0.68049,0.19316,653.3,329.7,0.999,0.68054,0.19263,653.3,328.8,0.999,0.68279,0.19497,655.5,332.8,0.999,0.68536,0.19515,657.9,333.1,0.999,0.68772,0.1953,660.2,333.4,0.999,0.6928,0.19377,665.1,330.8,0.999,0.70342,0.19625,675.3,335.0,0.999,0.67718,0.2023,650.1,345.3,0.998,0.68045,0.20389,653.2,348.0,0.997,0.68227,0.20687,655.0,353.1,1.0,0.73673,0.23449,707.3,400.3,1.0,0.59986,0.2166,575.9,369.7,0.744,0.65786,0.25125,631.5,428.9,0.035,0.54889,0.20527,526.9,350.4,0.45,0.59413,0.23447,570.4,400.2,0.153,0.5338,0.20186,512.5,344.6,0.494,0.57696,0.2313,553.9,394.8,0.198,0.54063,0.19966,519.0,340.8,0.487,0.57533,0.22796,552.3,389.1,0.2,0.54731,0.20116,525.4,343.4,0.396,0.57893,0.22882,555.8,390.6,0.193,0.63253,0.28539,607.2,487.2,1.0,0.66865,0.31375,641.9,535.6,1.0,0.52312,0.24617,502.2,420.2,0.841,0.62309,0.38024,598.2,649.1,0.952,0.52158,0.30698,500.7,524.0,0.868,0.60306,0.46087,578.9,786.7,0.963,0.53383,0.32159,512.5,549.0,0.897,0.608,0.4711,583.7,804.2,0.963,0.48365,0.32258,464.3,550.6,0.822,0.562,0.48971,539.5,835.9,0.946
1248,34.467,960,1707,0.67585,0.19857,648.8,339.0,0.999,0.68172,0.19336,654.5,330.1,0.999,0.68211,0.1928,654.8,329.1,0.999,0.68207,0.19231,654.8,328.3,0.999,0.68444,0.19452,657.1,332.1,0.999,0.6868,0.19467,659.3,332.3,0.999,0.68895,0.19481,661.4,332.5,0.999,0.69416,0.19346,666.4,330.2,0.999,0.70424,0.19566,676.1,334.0,0.999,0.67864,0.202,651.5,344.8,0.998,0.68176,0.20349,654.5,347.4,0.997,0.68236,0.20716,655.1,353.6,1.0,0.73662,0.23347,707.2,398.5,1.0,0.60007,0.21827,576.1,372.6,0.742,0.65551,0.25172,629.3,429.7,0.034,0.54856,0.20517,526.6,350.2,0.441,0.59496,0.23499,571.2,401.1,0.151,0.53371,0.20185,512.4,344.6,0.487,0.57755,0.23071,554.5,393.8,0.198,0.54019,0.19956,518.6,340.6,0.48,0.57447,0.22757,551.5,388.5,0.2,0.54693,0.20103,525.1,343.2,0.39,0.57771,0.22826,554.6,389.6,0.194,0.63181,0.28543,606.5,487.2,1.0,0.66853,0.31371,641.8,535.5,1.0,0.52122,0.24628,500.4,420.4,0.833,0.62296,0.38,598.0,648.7,0.951,0.52159,0.3076,500.7,525.1,0.863,0.60317,0.46113,579.0,787.1,0.964,0.53386,0.32216,512.5,549.9,0.893,0.60801,0.47156,583.7,805.0,0.964,0.48374,0.32296,464.4,551.3,0.819,0.56181,0.48986,539.3,836.2,0.947
1249,34.494,960,1707,0.67645,0.19818,649.4,338.3,0.999,0.68252,0.19282,655.2,329.1,0.999,0.68284,0.1923,655.5,328.3,0.999,0.68277,0.19185,655.5,327.5,0.999,0.68542,0.19395,658.0,331.1,0.999,0.68781,0.19412,660.3,331.4,0.999,0.69,0.19429,662.4,331.7,0.999,0.69455,0.19313,666.8,329.7,0.999,0.70489,0.19531,676.7,333.4,0.999,0.6792,0.20166,652.0,344.2,0.998,0.68244,0.20309,655.1,346.7,0.997,0.68183,0.20737,654.6,354.0,1.0,0.73749,0.23152,708.0,395.2,1.0,0.59934,0.21847,575.4,372.9,0.747,0.66182,0.25413,635.3,433.8,0.032,0.54859,0.20521,526.6,350.3,0.438,0.59547,0.24909,571.6,425.2,0.141,0.53354,0.20191,512.2,344.7,0.484,0.58058,0.24745,557.4,422.4,0.187,0.53971,0.19953,518.1,340.6,0.477,0.57698,0.24441,553.9,417.2,0.189,0.54667,0.20097,524.8,343.1,0.387,0.58038,0.24444,557.2,417.3,0.184,0.63186,0.28544,606.6,487.2,1.0,0.66885,0.31318,642.1,534.6,1.0,0.51993,0.24651,499.1,420.8,0.833,0.62298,0.37993,598.1,648.5,0.951,0.5215,0.30801,500.6,525.8,0.863,0.60325,0.46119,579.1,787.2,0.966,0.53424,0.32245,512.9,550.4,0.892,0.608,0.4717,583.7,805.2,0.965,0.48396,0.32322,464.6,551.7,0.818,0.56168,0.48989,539.2,836.2,0.948
1250,34.522,960,1707,0.67659,0.19791,649.5,337.8,0.999,0.6829,0.19248,655.6,328.6,0.999,0.68322,0.19198,655.9,327.7,0.999,0.68315,0.19155,655.8,327.0,0.999,0.68584,0.19358,658.4,330.4,0.999,0.68826,0.19376,660.7,330.7,0.999,0.69047,0.19393,662.9,331.0,0.999,0.6948,0.193,667.0,329.5,0.999,0.7052,0.19508,677.0,333.0,0.999,0.67947,0.20149,652.3,343.9,0.998,0.68269,0.20291,655.4,346.4,0.997,0.68087,0.20759,653.6,354.4,1.0,0.73739,0.2316,707.9,395.3,1.0,0.59738,0.21849,573.5,373.0,0.736,0.6575,0.25368,631.2,433.0,0.03,0.54885,0.20522,526.9,350.3,0.416,0.59406,0.24885,570.3,424.8,0.133,0.53375,0.20194,512.4,344.7,0.462,0.58191,0.247,558.6,421.6,0.178,0.54041,0.2,518.8,341.4,0.456,0.5711,0.23732,548.3,405.1,0.179,0.54736,0.20131,525.5,343.6,0.37,0.57712,0.23875,554.0,407.6,0.175,0.63137,0.2854,606.1,487.2,1.0,0.66892,0.31306,642.2,534.4,1.0,0.5188,0.24663,498.0,421.0,0.822,0.62295,0.37983,598.0,648.4,0.95,0.52153,0.30819,500.7,526.1,0.855,0.60325,0.46114,579.1,787.2,0.967,0.53454,0.32271,513.2,550.9,0.884,0.60774,0.47167,583.4,805.1,0.965,0.48505,0.32336,465.6,552.0,0.809,0.56161,0.4898,539.2,836.1,0.947
1251,34.549,960,1707,0.67667,0.19776,649.6,337.6,0.999,0.6829,0.1923,655.6,328.2,0.999,0.68322,0.1918,655.9,327.4,0.999,0.68315,0.19137,655.8,326.7,0.999,0.68585,0.19342,658.4,330.2,0.999,0.68828,0.1936,660.7,330.5,0.999,0.6905,0.19378,662.9,330.8,0.999,0.69468,0.19292,666.9,329.3,0.999,0.70519,0.19493,677.0,332.8,0.999,0.67951,0.20138,652.3,343.7,0.998,0.6827,0.20281,655.4,346.2,0.997,0.67884,0.20765,651.7,354.5,1.0,0.73738,0.23191,707.9,395.9,1.0,0.59396,0.21841,570.2,372.8,0.723,0.65597,0.2535,629.7,432.7,0.029,0.54872,0.20555,526.8,350.9,0.397,0.59101,0.24341,567.4,415.5,0.129,0.53413,0.20204,512.8,344.9,0.444,0.5745,0.23381,551.5,399.1,0.175,0.54058,0.20122,519.0,343.5,0.438,0.57231,0.23094,549.4,394.2,0.176,0.54777,0.20258,525.9,345.8,0.355,0.576,0.23171,553.0,395.5,0.172,0.6312,0.28539,606.0,487.2,1.0,0.66902,0.31305,642.3,534.4,1.0,0.51912,0.24671,498.4,421.1,0.812,0.62301,0.37965,598.1,648.1,0.947,0.52163,0.30746,500.8,524.8,0.85,0.6034,0.46103,579.3,787.0,0.968,0.53457,0.32237,513.2,550.3,0.881,0.60768,0.47155,583.4,804.9,0.965,0.48626,0.32235,466.8,550.3,0.804,0.5621,0.48972,539.6,835.9,0.947
1252,34.577,960,1707,0.6767,0.1972,649.6,336.6,0.999,0.68295,0.19181,655.6,327.4,0.999,0.68324,0.19132,655.9,326.6,0.999,0.68316,0.19089,655.8,325.9,0.999,0.68598,0.19293,658.5,329.3,0.999,0.68841,0.19313,660.9,329.7,0.999,0.69065,0.19334,663.0,330.0,1.0,0.69459,0.19257,666.8,328.7,0.999,0.7053,0.19461,677.1,332.2,0.999,0.67954,0.20088,652.4,342.9,0.998,0.6828,0.20222,655.5,345.2,0.998,0.67741,0.20777,650.3,354.7,1.0,0.73734,0.23195,707.9,395.9,1.0,0.59169,0.21826,568.0,372.6,0.718,0.64945,0.25077,623.5,428.1,0.029,0.54871,0.20582,526.8,351.3,0.386,0.58609,0.2329,562.6,397.6,0.129,0.53506,0.20225,513.7,345.2,0.433,0.57187,0.22833,549.0,389.8,0.177,0.54153,0.20228,519.9,345.3,0.428,0.57139,0.22607,548.5,385.9,0.179,0.54807,0.20354,526.1,347.4,0.347,0.57537,0.22721,552.4,387.8,0.176,0.63118,0.28555,605.9,487.4,1.0,0.66922,0.31309,642.5,534.4,1.0,0.51954,0.24678,498.8,421.3,0.81,0.62311,0.37949,598.2,647.8,0.948,0.52176,0.30713,500.9,524.3,0.85,0.60367,0.46096,579.5,786.9,0.97,0.53463,0.32214,513.2,549.9,0.882,0.60777,0.4715,583.5,804.8,0.966,0.48679,0.32228,467.3,550.1,0.806,0.5625,0.48966,540.0,835.9,0.949
1253,34.605,960,1707,0.67652,0.1973,649.5,336.8,0.999,0.68266,0.19192,655.4,327.6,0.999,0.68296,0.19141,655.6,326.7,0.999,0.68286,0.19096,655.5,326.0,0.999,0.68579,0.19304,658.4,329.5,0.999,0.68829,0.19322,660.8,329.8,0.999,0.69059,0.19339,663.0,330.1,1.0,0.69437,0.19263,666.6,328.8,0.999,0.70528,0.19465,677.1,332.3,0.999,0.6794,0.20094,652.2,343.0,0.998,0.68266,0.20231,655.4,345.3,0.998,0.67769,0.20826,650.6,355.5,1.0,0.73792,0.23216,708.4,396.3,1.0,0.59008,0.21825,566.5,372.6,0.71,0.64869,0.25112,622.7,428.7,0.028,0.54996,0.2064,528.0,352.3,0.372,0.58329,0.23512,560.0,401.3,0.126,0.53885,0.20246,517.3,345.6,0.421,0.56917,0.23101,546.4,394.3,0.174,0.54521,0.20278,523.4,346.1,0.416,0.57102,0.2277,548.2,388.7,0.175,0.55093,0.20445,528.9,349.0,0.338,0.5732,0.22934,550.3,391.5,0.174,0.63077,0.28588,605.5,488.0,1.0,0.6692,0.31315,642.4,534.5,1.0,0.51896,0.24686,498.2,421.4,0.811,0.62342,0.37937,598.5,647.6,0.948,0.52207,0.30717,501.2,524.3,0.85,0.60364,0.45986,579.5,785.0,0.971,0.53561,0.32245,514.2,550.4,0.881,0.60815,0.47058,583.8,803.3,0.966,0.48742,0.32237,467.9,550.3,0.807,0.56251,0.48966,540.0,835.8,0.95
1254,34.632,960,1707,0.67635,0.19736,649.3,336.9,0.999,0.68239,0.19195,655.1,327.7,0.999,0.68267,0.19143,655.4,326.8,0.999,0.68256,0.19096,655.3,326.0,0.999,0.68559,0.19306,658.2,329.6,0.999,0.68812,0.19322,660.6,329.8,0.999,0.69047,0.19335,662.8,330.1,1.0,0.69415,0.19263,666.4,328.8,0.999,0.70522,0.19459,677.0,332.2,0.999,0.67919,0.20101,652.0,343.1,0.998,0.68246,0.2024,655.2,345.5,0.998,0.67775,0.20855,650.6,356.0,1.0,0.73808,0.23225,708.6,396.4,1.0,0.59006,0.21827,566.5,372.6,0.706,0.64904,0.25091,623.1,428.3,0.028,0.55035,0.20663,528.3,352.7,0.361,0.58418,0.23484,560.8,400.9,0.123,0.53989,0.20248,518.3,345.6,0.412,0.57008,0.23058,547.3,393.6,0.173,0.5466,0.20282,524.7,346.2,0.408,0.57163,0.22803,548.8,389.3,0.174,0.55215,0.20465,530.1,349.3,0.332,0.57414,0.22937,551.2,391.5,0.173,0.63075,0.28612,605.5,488.4,1.0,0.66931,0.31316,642.5,534.6,1.0,0.51733,0.24691,496.6,421.5,0.812,0.62357,0.37922,598.6,647.3,0.948,0.5221,0.3072,501.2,524.4,0.851,0.60362,0.45928,579.5,784.0,0.972,0.53587,0.32278,514.4,551.0,0.881,0.60866,0.46986,584.3,802.1,0.967,0.48779,0.32249,468.3,550.5,0.809,0.56246,0.48979,540.0,836.1,0.952
1255,34.66,960,1707,0.67638,0.19702,649.3,336.3,0.999,0.68239,0.19157,655.1,327.0,0.999,0.68266,0.1911,655.4,326.2,0.999,0.68253,0.19068,655.2,325.5,0.999,0.68559,0.19266,658.2,328.9,0.999,0.68811,0.19286,660.6,329.2,0.999,0.69045,0.19305,662.8,329.5,1.0,0.69413,0.19245,666.4,328.5,0.999,0.70518,0.19444,677.0,331.9,0.999,0.6792,0.20084,652.0,342.8,0.999,0.68246,0.20226,655.2,345.3,0.998,0.67787,0.20877,650.8,356.4,1.0,0.73807,0.23221,708.5,396.4,1.0,0.59058,0.21823,567.0,372.5,0.704,0.64956,0.25036,623.6,427.4,0.027,0.5504,0.20658,528.4,352.6,0.355,0.5841,0.23458,560.7,400.4,0.122,0.53987,0.20246,518.3,345.6,0.407,0.56916,0.23058,546.4,393.6,0.172,0.5466,0.20274,524.7,346.1,0.403,0.57129,0.22824,548.4,389.6,0.173,0.55215,0.2046,530.1,349.2,0.328,0.57413,0.22942,551.2,391.6,0.173,0.63076,0.2862,605.5,488.5,1.0,0.66946,0.31319,642.7,534.6,1.0,0.51569,0.24673,495.1,421.2,0.811,0.62375,0.3791,598.8,647.1,0.948,0.52209,0.30723,501.2,524.4,0.851,0.60361,0.45871,579.5,783.0,0.973,0.536,0.323,514.6,551.4,0.881,0.60904,0.46926,584.7,801.0,0.967,0.48783,0.32253,468.3,550.6,0.81,0.56243,0.48991,539.9,836.3,0.952
1256,34.688,960,1707,0.67639,0.19646,649.3,335.4,0.999,0.68239,0.19101,655.1,326.0,0.999,0.68266,0.1906,655.4,325.4,0.999,0.68252,0.19024,655.2,324.7,0.999,0.68562,0.19207,658.2,327.9,0.999,0.68814,0.19232,660.6,328.3,0.999,0.69048,0.19259,662.9,328.7,1.0,0.69409,0.19213,666.3,328.0,1.0,0.70519,0.19429,677.0,331.6,0.999,0.67922,0.20048,652.1,342.2,0.999,0.68246,0.20194,655.2,344.7,0.998,0.67804,0.20891,650.9,356.6,1.0,0.73788,0.23223,708.4,396.4,1.0,0.59082,0.21803,567.2,372.2,0.702,0.65042,0.25019,624.4,427.1,0.027,0.55039,0.20624,528.4,352.0,0.347,0.58247,0.23541,559.2,401.9,0.121,0.53902,0.2023,517.5,345.3,0.4,0.56658,0.23154,543.9,395.2,0.172,0.5462,0.20231,524.4,345.3,0.395,0.5703,0.22867,547.5,390.3,0.173,0.55186,0.20399,529.8,348.2,0.322,0.57299,0.23,550.1,392.6,0.174,0.63074,0.28637,605.5,488.8,1.0,0.66946,0.31334,642.7,534.9,1.0,0.51459,0.24643,494.0,420.7,0.804,0.62383,0.37907,598.9,647.1,0.946,0.5219,0.30728,501.0,524.5,0.846,0.60351,0.45844,579.4,782.6,0.973,0.53604,0.32302,514.6,551.4,0.878,0.60919,0.46885,584.8,800.3,0.967,0.48795,0.32254,468.4,550.6,0.805,0.56244,0.48995,539.9,836.3,0.951
1257,34.715,960,1707,0.67642,0.1961,649.4,334.8,0.999,0.68237,0.1907,655.1,325.5,0.999,0.68264,0.19034,655.3,324.9,0.999,0.6825,0.19002,655.2,324.4,0.999,0.6856,0.19175,658.2,327.3,0.999,0.68811,0.19204,660.6,327.8,0.999,0.69045,0.19234,662.8,328.3,1.0,0.69408,0.19203,666.3,327.8,1.0,0.70517,0.19425,677.0,331.6,0.999,0.67923,0.20024,652.1,341.8,0.999,0.68247,0.20177,655.2,344.4,0.998,0.67781,0.20909,650.7,356.9,1.0,0.73783,0.23229,708.3,396.5,1.0,0.59105,0.21794,567.4,372.0,0.699,0.65596,0.25154,629.7,429.4,0.026,0.55042,0.20611,528.4,351.8,0.338,0.58357,0.23739,560.2,405.2,0.119,0.53874,0.20229,517.2,345.3,0.392,0.56854,0.23181,545.8,395.7,0.17,0.54609,0.20218,524.2,345.1,0.387,0.57082,0.22902,548.0,390.9,0.171,0.55182,0.20379,529.7,347.9,0.316,0.57344,0.23019,550.5,392.9,0.172,0.63057,0.28643,605.3,488.9,1.0,0.66943,0.31335,642.6,534.9,1.0,0.51416,0.2463,493.6,420.4,0.8,0.62384,0.37874,598.9,646.5,0.944,0.52178,0.30735,500.9,524.6,0.842,0.60346,0.45805,579.3,781.9,0.973,0.53613,0.32303,514.7,551.4,0.877,0.60931,0.46862,584.9,799.9,0.967,0.4884,0.32276,468.9,550.9,0.803,0.56261,0.4899,540.1,836.3,0.951
1258,34.743,960,1707,0.67642,0.19587,649.4,334.3,0.999,0.68233,0.19056,655.0,325.3,0.999,0.68259,0.19023,655.3,324.7,0.999,0.68246,0.18995,655.2,324.2,1.0,0.68554,0.19158,658.1,327.0,1.0,0.68805,0.1919,660.5,327.6,0.999,0.69039,0.19221,662.8,328.1,1.0,0.69402,0.19202,666.3,327.8,1.0,0.70515,0.19427,676.9,331.6,0.999,0.67916,0.2001,652.0,341.6,0.999,0.68241,0.20164,655.1,344.2,0.998,0.67647,0.20924,649.4,357.2,1.0,0.73781,0.23234,708.3,396.6,1.0,0.59129,0.21784,567.6,371.8,0.696,0.66608,0.25498,639.4,435.3,0.025,0.55046,0.20602,528.4,351.7,0.33,0.59286,0.23954,569.1,408.9,0.112,0.53871,0.20231,517.2,345.3,0.384,0.58103,0.23422,557.8,399.8,0.162,0.54599,0.20213,524.2,345.0,0.379,0.57483,0.2292,551.8,391.2,0.163,0.5518,0.20365,529.7,347.6,0.31,0.57607,0.23248,553.0,396.8,0.165,0.63042,0.28648,605.2,489.0,1.0,0.66942,0.31335,642.6,534.9,1.0,0.51399,0.24619,493.4,420.2,0.794,0.62385,0.37823,598.9,645.6,0.941,0.52185,0.30749,501.0,524.9,0.836,0.60327,0.45788,579.1,781.6,0.972,0.53673,0.32308,515.3,551.5,0.874,0.60934,0.46856,585.0,799.8,0.966,0.4898,0.32309,470.2,551.5,0.797,0.5626,0.48992,540.1,836.3,0.949
1259,34.77,960,1707,0.67619,0.19566,649.1,334.0,0.999,0.68211,0.19039,654.8,325.0,0.999,0.68239,0.19009,655.1,324.5,0.999,0.68229,0.18983,655.0,324.0,1.0,0.68523,0.19141,657.8,326.7,1.0,0.68767,0.19174,660.2,327.3,1.0,0.68995,0.19208,662.4,327.9,1.0,0.69376,0.19199,666.0,327.7,1.0,0.70481,0.19425,676.6,331.6,0.999,0.6789,0.19993,651.7,341.3,0.999,0.68202,0.2015,654.7,344.0,0.998,0.67607,0.20929,649.0,357.3,1.0,0.73779,0.23238,708.3,396.7,1.0,0.59147,0.21776,567.8,371.7,0.691,0.66603,0.25529,639.4,435.8,0.024,0.55049,0.20601,528.5,351.7,0.321,0.5933,0.24035,569.6,410.3,0.108,0.53862,0.20233,517.1,345.4,0.375,0.5792,0.23427,556.0,399.9,0.158,0.54595,0.20207,524.1,344.9,0.371,0.57486,0.22939,551.9,391.6,0.158,0.5518,0.20358,529.7,347.5,0.303,0.57821,0.23242,555.1,396.7,0.161,0.63032,0.28667,605.1,489.3,1.0,0.66937,0.3134,642.6,535.0,1.0,0.51372,0.24594,493.2,419.8,0.788,0.62385,0.37816,598.9,645.5,0.938,0.52198,0.3076,501.1,525.1,0.832,0.60281,0.45788,578.7,781.6,0.972,0.53745,0.32313,516.0,551.6,0.871,0.60935,0.46858,585.0,799.9,0.965,0.49028,0.32313,470.7,551.6,0.793,0.56195,0.49098,539.5,838.1,0.948
1260,34.798,960,1707,0.67593,0.19564,648.9,333.9,0.999,0.68189,0.19034,654.6,324.9,0.999,0.68215,0.19002,654.9,324.4,0.999,0.68204,0.18976,654.8,323.9,1.0,0.68497,0.19138,657.6,326.7,1.0,0.68735,0.19172,659.9,327.3,1.0,0.68958,0.19206,662.0,327.9,1.0,0.69336,0.19196,665.6,327.7,1.0,0.70451,0.19427,676.3,331.6,0.999,0.67852,0.19989,651.4,341.2,0.999,0.68153,0.20149,654.3,343.9,0.998,0.6758,0.2093,648.8,357.3,1.0,0.73729,0.23263,707.8,397.1,1.0,0.59132,0.21775,567.7,371.7,0.683,0.66573,0.25523,639.1,435.7,0.023,0.5505,0.20597,528.5,351.6,0.311,0.5928,0.24039,569.1,410.3,0.106,0.53813,0.20233,516.6,345.4,0.366,0.57807,0.23363,554.9,398.8,0.155,0.54584,0.202,524.0,344.8,0.361,0.57465,0.22948,551.7,391.7,0.156,0.55175,0.2035,529.7,347.4,0.295,0.57795,0.23174,554.8,395.6,0.158,0.62982,0.28686,604.6,489.7,1.0,0.66876,0.31351,642.0,535.2,1.0,0.51329,0.24565,492.8,419.3,0.779,0.6239,0.37818,598.9,645.6,0.935,0.52206,0.30766,501.2,525.2,0.824,0.6025,0.45789,578.4,781.6,0.971,0.53809,0.32312,516.6,551.6,0.866,0.60935,0.4686,585.0,799.9,0.964,0.49029,0.32337,470.7,552.0,0.786,0.56194,0.49091,539.5,838.0,0.946
1261,34.826,960,1707,0.67561,0.19565,648.6,334.0,0.999,0.68163,0.19031,654.4,324.9,0.999,0.68189,0.18999,654.6,324.3,0.999,0.68179,0.18972,654.5,323.9,1.0,0.68466,0.19138,657.3,326.7,1.0,0.68701,0.19172,659.5,327.3,1.0,0.68921,0.19207,661.6,327.9,1.0,0.69297,0.19193,665.3,327.6,1.0,0.70419,0.19428,676.0,331.6,0.999,0.67814,0.19989,651.0,341.2,0.999,0.68107,0.20151,653.8,344.0,0.999,0.6756,0.2093,648.6,357.3,1.0,0.73648,0.23282,707.0,397.4,1.0,0.59085,0.21781,567.2,371.8,0.681,0.66508,0.25521,638.5,435.6,0.022,0.55042,0.20575,528.4,351.2,0.307,0.59262,0.24036,568.9,410.3,0.104,0.53724,0.20222,515.7,345.2,0.363,0.57737,0.23301,554.3,397.7,0.154,0.54552,0.20131,523.7,343.6,0.359,0.57458,0.22942,551.6,391.6,0.155,0.55153,0.20287,529.5,346.3,0.294,0.57786,0.23106,554.7,394.4,0.158,0.62908,0.2871,603.9,490.1,1.0,0.66808,0.31373,641.4,535.5,1.0,0.51289,0.24547,492.4,419.0,0.772,0.6239,0.3782,598.9,645.6,0.933,0.52212,0.30767,501.2,525.2,0.819,0.60222,0.45793,578.1,781.7,0.971,0.5386,0.32306,517.1,551.5,0.863,0.60929,0.46862,584.9,799.9,0.963,0.49058,0.32378,471.0,552.7,0.782,0.56171,0.49147,539.2,838.9,0.945
1262,34.853,960,1707,0.67506,0.19565,648.1,334.0,0.999,0.68119,0.19029,653.9,324.8,1.0,0.68147,0.18997,654.2,324.3,0.999,0.68141,0.1897,654.2,323.8,1.0,0.68419,0.19138,656.8,326.7,1.0,0.68654,0.19173,659.1,327.3,1.0,0.68875,0.19208,661.2,327.9,1.0,0.69255,0.19192,664.9,327.6,1.0,0.70376,0.19429,675.6,331.6,0.999,0.67746,0.19989,650.4,341.2,0.999,0.68039,0.20152,653.2,344.0,0.999,0.67534,0.2093,648.3,357.3,1.0,0.73561,0.23292,706.2,397.6,1.0,0.5904,0.21792,566.8,372.0,0.683,0.66478,0.25485,638.2,435.0,0.022,0.55027,0.20557,528.3,350.9,0.307,0.59261,0.23995,568.9,409.6,0.104,0.53628,0.20211,514.8,345.0,0.365,0.57699,0.23238,553.9,396.7,0.155,0.54525,0.20063,523.4,342.5,0.361,0.57454,0.22902,551.6,390.9,0.156,0.55139,0.20222,529.3,345.2,0.295,0.57784,0.23022,554.7,393.0,0.159,0.62834,0.28733,603.2,490.5,1.0,0.66764,0.314,640.9,536.0,1.0,0.51238,0.24548,491.9,419.0,0.77,0.62388,0.37824,598.9,645.7,0.931,0.52207,0.30769,501.2,525.2,0.817,0.60196,0.45793,577.9,781.7,0.971,0.53887,0.32302,517.3,551.4,0.862,0.60918,0.46863,584.8,799.9,0.963,0.49124,0.32474,471.6,554.3,0.78,0.56173,0.49145,539.3,838.9,0.944
1263,34.881,960,1707,0.67494,0.19566,647.9,334.0,0.999,0.68108,0.19031,653.8,324.9,1.0,0.68136,0.18998,654.1,324.3,0.999,0.68131,0.18971,654.1,323.8,1.0,0.68405,0.1914,656.7,326.7,1.0,0.68638,0.19174,658.9,327.3,1.0,0.68858,0.19209,661.0,327.9,1.0,0.6924,0.19192,664.7,327.6,1.0,0.70355,0.1943,675.4,331.7,0.999,0.67731,0.1999,650.2,341.2,0.999,0.68019,0.20154,653.0,344.0,0.999,0.67535,0.20934,648.3,357.3,1.0,0.73501,0.23325,705.6,398.2,1.0,0.59047,0.218,566.8,372.1,0.679,0.66297,0.25453,636.5,434.5,0.022,0.55028,0.20557,528.3,350.9,0.303,0.58969,0.24053,566.1,410.6,0.103,0.53585,0.20213,514.4,345.0,0.36,0.57018,0.2324,547.4,396.7,0.154,0.54508,0.20057,523.3,342.4,0.356,0.57198,0.22974,549.1,392.2,0.155,0.55138,0.20208,529.3,344.9,0.292,0.57561,0.23056,552.6,393.6,0.158,0.62807,0.28764,602.9,491.0,1.0,0.6672,0.31427,640.5,536.5,1.0,0.51208,0.24569,491.6,419.4,0.757,0.62376,0.37838,598.8,645.9,0.928,0.52207,0.30785,501.2,525.5,0.804,0.60178,0.45783,577.7,781.5,0.97,0.53931,0.32303,517.7,551.4,0.854,0.60915,0.4686,584.8,799.9,0.961,0.49123,0.32661,471.6,557.5,0.767,0.56179,0.49139,539.3,838.8,0.941
1264,34.908,960,1707,0.67494,0.19569,647.9,334.0,0.999,0.68106,0.19033,653.8,324.9,1.0,0.68134,0.19001,654.1,324.3,0.999,0.68129,0.18974,654.0,323.9,1.0,0.68404,0.19141,656.7,326.7,1.0,0.68637,0.19176,658.9,327.3,1.0,0.68858,0.19211,661.0,327.9,1.0,0.69239,0.19195,664.7,327.7,1.0,0.70353,0.19433,675.4,331.7,0.999,0.6773,0.19996,650.2,341.3,0.999,0.6802,0.20161,653.0,344.2,0.999,0.6754,0.20942,648.4,357.5,1.0,0.73484,0.23349,705.4,398.6,1.0,0.59054,0.21809,566.9,372.3,0.673,0.66169,0.25429,635.2,434.1,0.021,0.55061,0.20573,528.6,351.2,0.296,0.58835,0.24071,564.8,410.9,0.101,0.53588,0.20244,514.4,345.6,0.354,0.56751,0.23251,544.8,396.9,0.152,0.54526,0.20063,523.5,342.5,0.35,0.57068,0.22994,547.9,392.5,0.153,0.55181,0.20211,529.7,345.0,0.287,0.57463,0.2306,551.6,393.6,0.156,0.62797,0.28788,602.8,491.4,1.0,0.66699,0.31437,640.3,536.6,1.0,0.5121,0.24607,491.6,420.0,0.743,0.62368,0.37868,598.7,646.4,0.924,0.52209,0.3081,501.2,525.9,0.789,0.60177,0.45719,577.7,780.4,0.968,0.54011,0.32304,518.5,551.4,0.844,0.60909,0.46846,584.7,799.7,0.959,0.49121,0.32816,471.6,560.2,0.752,0.56216,0.49114,539.7,838.4,0.938
1265,34.936,960,1707,0.67495,0.1957,648.0,334.1,1.0,0.68107,0.19034,653.8,324.9,1.0,0.68134,0.19001,654.1,324.3,1.0,0.68129,0.18975,654.0,323.9,1.0,0.68406,0.19142,656.7,326.8,1.0,0.6864,0.19177,658.9,327.4,1.0,0.68862,0.19212,661.1,327.9,1.0,0.69238,0.19196,664.7,327.7,1.0,0.70353,0.19434,675.4,331.7,1.0,0.67731,0.19999,650.2,341.4,0.999,0.68021,0.20163,653.0,344.2,0.999,0.67543,0.20952,648.4,357.6,1.0,0.73487,0.23345,705.5,398.5,1.0,0.59037,0.21829,566.8,372.6,0.67,0.66282,0.25444,636.3,434.3,0.021,0.55171,0.20579,529.6,351.3,0.292,0.58874,0.2407,565.2,410.9,0.098,0.53644,0.20252,515.0,345.7,0.35,0.56788,0.23251,545.2,396.9,0.148,0.54649,0.20056,524.6,342.4,0.347,0.57079,0.22955,548.0,391.8,0.149,0.55321,0.20211,531.1,345.0,0.284,0.57473,0.23003,551.7,392.7,0.153,0.62796,0.28788,602.8,491.4,1.0,0.66698,0.31436,640.3,536.6,1.0,0.51213,0.24653,491.6,420.8,0.736,0.62354,0.37866,598.6,646.4,0.923,0.52214,0.30855,501.3,526.7,0.779,0.60176,0.45663,577.7,779.5,0.967,0.54062,0.32327,519.0,551.8,0.837,0.60904,0.46828,584.7,799.4,0.958,0.49119,0.32854,471.5,560.8,0.742,0.56231,0.49087,539.8,837.9,0.936
1266,34.964,960,1707,0.67506,0.19591,648.1,334.4,1.0,0.68111,0.19052,653.9,325.2,1.0,0.68136,0.19018,654.1,324.6,1.0,0.6813,0.18991,654.0,324.2,1.0,0.68417,0.19159,656.8,327.0,1.0,0.68654,0.19192,659.1,327.6,1.0,0.68881,0.19224,661.3,328.2,1.0,0.69237,0.19204,664.7,327.8,1.0,0.70358,0.1944,675.4,331.8,1.0,0.67734,0.20021,650.2,341.8,0.999,0.6803,0.20183,653.1,344.5,0.999,0.67534,0.20964,648.3,357.9,1.0,0.7351,0.23326,705.7,398.2,1.0,0.58987,0.21846,566.3,372.9,0.675,0.66982,0.25526,643.0,435.7,0.02,0.55289,0.20584,530.8,351.4,0.296,0.59927,0.24024,575.3,410.1,0.093,0.53721,0.20255,515.7,345.7,0.355,0.58689,0.23256,563.4,397.0,0.142,0.54779,0.20048,525.9,342.2,0.352,0.57555,0.22792,552.5,389.1,0.143,0.55467,0.2021,532.5,345.0,0.29,0.58129,0.23039,558.0,393.3,0.147,0.62796,0.28789,602.8,491.4,1.0,0.66698,0.31436,640.3,536.6,1.0,0.51228,0.24683,491.8,421.3,0.739,0.62344,0.37865,598.5,646.4,0.924,0.5222,0.30906,501.3,527.6,0.778,0.60173,0.45648,577.7,779.2,0.968,0.54113,0.32356,519.5,552.3,0.838,0.60897,0.46822,584.6,799.3,0.958,0.4912,0.32913,471.5,561.8,0.743,0.56244,0.49072,539.9,837.7,0.937
1267,34.991,960,1707,0.67534,0.19602,648.3,334.6,1.0,0.68123,0.19063,654.0,325.4,1.0,0.68143,0.19027,654.2,324.8,1.0,0.68133,0.19,654.1,324.3,1.0,0.68439,0.1917,657.0,327.2,1.0,0.6868,0.19201,659.3,327.8,1.0,0.68913,0.19233,661.6,328.3,1.0,0.69237,0.19208,664.7,327.9,1.0,0.70373,0.19446,675.6,331.9,1.0,0.67746,0.2003,650.4,341.9,0.999,0.68059,0.20191,653.4,344.7,0.999,0.67517,0.20972,648.2,358.0,1.0,0.73532,0.23325,705.9,398.2,1.0,0.5896,0.21857,566.0,373.1,0.68,0.67671,0.25721,649.6,439.1,0.019,0.55366,0.20589,531.5,351.5,0.299,0.61048,0.24046,586.1,410.5,0.087,0.53786,0.20259,516.3,345.8,0.358,0.60067,0.23389,576.6,399.3,0.134,0.54866,0.20044,526.7,342.2,0.356,0.58459,0.22801,561.2,389.2,0.135,0.55573,0.20206,533.5,344.9,0.294,0.59183,0.23184,568.2,395.8,0.139,0.62797,0.2879,602.8,491.4,1.0,0.66696,0.31435,640.3,536.6,1.0,0.51242,0.24703,491.9,421.7,0.742,0.62321,0.37861,598.3,646.3,0.925,0.52243,0.30936,501.5,528.1,0.777,0.60172,0.45608,577.7,778.5,0.968,0.54198,0.3237,520.3,552.6,0.839,0.60891,0.468,584.6,798.9,0.959,0.4928,0.32964,473.1,562.7,0.742,0.56264,0.49055,540.1,837.4,0.937
1268,35.019,960,1707,0.67615,0.19614,649.1,334.8,1.0,0.68163,0.19075,654.4,325.6,1.0,0.6817,0.19037,654.4,325.0,1.0,0.6815,0.19006,654.2,324.4,1.0,0.68502,0.19182,657.6,327.4,1.0,0.68749,0.19212,660.0,327.9,1.0,0.68992,0.19243,662.3,328.5,1.0,0.69235,0.19209,664.7,327.9,1.0,0.70417,0.19453,676.0,332.1,1.0,0.67791,0.20035,650.8,342.0,0.999,0.68137,0.20197,654.1,344.8,0.999,0.67491,0.20975,647.9,358.0,1.0,0.73612,0.23318,706.7,398.0,1.0,0.58952,0.21863,565.9,373.2,0.687,0.68687,0.25923,659.4,442.5,0.018,0.55487,0.20591,532.7,351.5,0.305,0.63141,0.24084,606.2,411.1,0.08,0.53883,0.2026,517.3,345.8,0.364,0.62461,0.23494,599.6,401.0,0.125,0.55005,0.20042,528.1,342.1,0.362,0.61309,0.22994,588.6,392.5,0.125,0.55702,0.20199,534.7,344.8,0.299,0.61453,0.23249,589.9,396.9,0.13,0.62798,0.2879,602.9,491.4,1.0,0.66697,0.31434,640.3,536.6,1.0,0.51246,0.24711,492.0,421.8,0.75,0.6231,0.37849,598.2,646.1,0.927,0.52253,0.30966,501.6,528.6,0.781,0.6017,0.45608,577.6,778.5,0.969,0.54246,0.32384,520.8,552.8,0.842,0.60888,0.46795,584.5,798.8,0.96,0.49273,0.32959,473.0,562.6,0.746,0.56271,0.49044,540.2,837.2,0.938
1269,35.047,960,1707,0.67654,0.19646,649.5,335.4,1.0,0.68186,0.19097,654.6,326.0,1.0,0.68185,0.19053,654.6,325.2,1.0,0.68157,0.19018,654.3,324.6,1.0,0.68548,0.19206,658.1,327.8,1.0,0.68803,0.19233,660.5,328.3,1.0,0.69054,0.19261,662.9,328.8,1.0,0.69226,0.19212,664.6,327.9,1.0,0.70445,0.19468,676.3,332.3,1.0,0.67813,0.20057,651.0,342.4,0.999,0.68179,0.20224,654.5,345.2,0.999,0.67487,0.20975,647.9,358.1,1.0,0.73634,0.23319,706.9,398.1,1.0,0.5894,0.21865,565.8,373.2,0.689,0.68257,0.25883,655.3,441.8,0.017,0.55543,0.20598,533.2,351.6,0.305,0.62182,0.24077,596.9,411.0,0.076,0.53954,0.20264,518.0,345.9,0.365,0.61226,0.23497,587.8,401.1,0.119,0.55059,0.20044,528.6,342.2,0.363,0.6024,0.22927,578.3,391.4,0.12,0.55734,0.202,535.0,344.8,0.3,0.6052,0.23262,581.0,397.1,0.124,0.62798,0.2878,602.9,491.3,1.0,0.66697,0.31428,640.3,536.5,1.0,0.51256,0.24713,492.1,421.9,0.751,0.62304,0.37813,598.1,645.5,0.927,0.52264,0.30972,501.7,528.7,0.78,0.60171,0.45545,577.6,777.5,0.97,0.54275,0.32384,521.0,552.8,0.844,0.60888,0.46712,584.5,797.4,0.96,0.49273,0.32926,473.0,562.0,0.747,0.56316,0.49041,540.6,837.1,0.939
1270,35.074,960,1707,0.67722,0.19664,650.1,335.7,1.0,0.68216,0.19115,654.9,326.3,1.0,0.68208,0.19069,654.8,325.5,1.0,0.68174,0.19031,654.5,324.9,1.0,0.68591,0.19224,658.5,328.2,1.0,0.68848,0.1925,660.9,328.6,1.0,0.69103,0.19278,663.4,329.1,1.0,0.6922,0.19218,664.5,328.1,1.0,0.70468,0.19488,676.5,332.7,1.0,0.67859,0.20073,651.4,342.6,0.999,0.68248,0.20243,655.2,345.5,0.999,0.67488,0.20978,647.9,358.1,1.0,0.73697,0.23323,707.5,398.1,1.0,0.58942,0.21865,565.8,373.2,0.691,0.68247,0.25905,655.2,442.2,0.016,0.55589,0.20619,533.7,352.0,0.306,0.62031,0.24077,595.5,411.0,0.072,0.54016,0.20295,518.6,346.4,0.365,0.61091,0.23499,586.5,401.1,0.114,0.55074,0.20077,528.7,342.7,0.364,0.6008,0.23006,576.8,392.7,0.115,0.55727,0.20243,535.0,345.6,0.301,0.60306,0.23272,578.9,397.3,0.119,0.62792,0.28772,602.8,491.1,1.0,0.66694,0.31427,640.3,536.5,1.0,0.51283,0.24713,492.3,421.9,0.751,0.62301,0.37792,598.1,645.1,0.928,0.52269,0.30977,501.8,528.8,0.779,0.60176,0.45512,577.7,776.9,0.97,0.54276,0.32384,521.1,552.8,0.845,0.60887,0.46701,584.5,797.2,0.96,0.49274,0.32873,473.0,561.1,0.746,0.56355,0.49035,541.0,837.0,0.939
1271,35.102,960,1707,0.67738,0.19664,650.3,335.7,1.0,0.68221,0.19115,654.9,326.3,1.0,0.6821,0.19069,654.8,325.5,1.0,0.68176,0.19032,654.5,324.9,1.0,0.68597,0.19224,658.5,328.2,1.0,0.68852,0.1925,661.0,328.6,1.0,0.69105,0.19278,663.4,329.1,1.0,0.69209,0.19219,664.4,328.1,1.0,0.70467,0.19488,676.5,332.7,1.0,0.67883,0.20073,651.7,342.7,0.999,0.68272,0.20243,655.4,345.5,0.999,0.67504,0.20995,648.0,358.4,1.0,0.7378,0.23321,708.3,398.1,1.0,0.58944,0.21864,565.9,373.2,0.697,0.68151,0.25885,654.2,441.9,0.016,0.55604,0.20631,533.8,352.2,0.313,0.61828,0.24069,593.5,410.9,0.069,0.54044,0.20318,518.8,346.8,0.372,0.60844,0.23499,584.1,401.1,0.11,0.55065,0.2009,528.6,342.9,0.371,0.5986,0.23051,574.7,393.5,0.111,0.55718,0.20268,534.9,346.0,0.308,0.60095,0.23277,576.9,397.3,0.116,0.62748,0.28775,602.4,491.2,1.0,0.66686,0.31427,640.2,536.5,1.0,0.51316,0.24713,492.6,421.9,0.759,0.62296,0.37784,598.0,645.0,0.931,0.52257,0.30977,501.7,528.8,0.782,0.60178,0.45473,577.7,776.2,0.971,0.5424,0.32383,520.7,552.8,0.848,0.60887,0.46684,584.5,796.9,0.962,0.49261,0.32772,472.9,559.4,0.75,0.56372,0.49026,541.2,836.9,0.941
1272,35.129,960,1707,0.67775,0.19658,650.6,335.6,1.0,0.68241,0.1911,655.1,326.2,1.0,0.68224,0.19065,655.0,325.4,1.0,0.68185,0.19029,654.6,324.8,1.0,0.6863,0.19219,658.8,328.1,1.0,0.68883,0.19246,661.3,328.5,1.0,0.69132,0.19275,663.7,329.0,1.0,0.692,0.19218,664.3,328.0,1.0,0.70468,0.19488,676.5,332.7,1.0,0.67916,0.20068,652.0,342.6,0.999,0.68313,0.20235,655.8,345.4,0.999,0.67518,0.21009,648.2,358.6,1.0,0.7381,0.23322,708.6,398.1,1.0,0.59009,0.21864,566.5,373.2,0.699,0.6749,0.25829,647.9,440.9,0.017,0.55621,0.20635,534.0,352.2,0.317,0.60299,0.23975,578.9,409.3,0.078,0.54083,0.20343,519.2,347.2,0.377,0.58381,0.23268,560.5,397.2,0.123,0.55059,0.20112,528.6,343.3,0.376,0.58074,0.22881,557.5,390.6,0.124,0.55711,0.20287,534.8,346.3,0.313,0.58446,0.22968,561.1,392.1,0.129,0.62691,0.28788,601.8,491.4,1.0,0.66659,0.31434,639.9,536.6,1.0,0.51318,0.24714,492.6,421.9,0.761,0.62284,0.3781,597.9,645.4,0.932,0.52247,0.3098,501.6,528.8,0.783,0.6018,0.45476,577.7,776.3,0.972,0.54198,0.32382,520.3,552.8,0.849,0.60886,0.46685,584.5,796.9,0.962,0.49236,0.32706,472.7,558.3,0.751,0.5638,0.49025,541.3,836.9,0.942
1273,35.157,960,1707,0.6782,0.19652,651.1,335.5,1.0,0.68281,0.19106,655.5,326.1,1.0,0.68261,0.19063,655.3,325.4,1.0,0.68219,0.19026,654.9,324.8,1.0,0.68672,0.19214,659.3,328.0,1.0,0.68921,0.19242,661.6,328.5,1.0,0.69166,0.19272,664.0,329.0,1.0,0.69212,0.19218,664.4,328.0,1.0,0.70478,0.19487,676.6,332.7,1.0,0.67971,0.20062,652.5,342.5,0.999,0.68367,0.20222,656.3,345.2,0.999,0.67667,0.21013,649.6,358.7,1.0,0.73816,0.23333,708.6,398.3,1.0,0.59113,0.21864,567.5,373.2,0.691,0.66125,0.25546,634.8,436.1,0.017,0.55638,0.20683,534.1,353.1,0.31,0.59658,0.2394,572.7,408.7,0.083,0.54122,0.20439,519.6,348.9,0.37,0.57968,0.23168,556.5,395.5,0.13,0.55054,0.20271,528.5,346.0,0.369,0.57747,0.22822,554.4,389.6,0.132,0.557,0.20386,534.7,348.0,0.307,0.58109,0.22891,557.8,390.7,0.136,0.62682,0.28788,601.7,491.4,1.0,0.66639,0.31433,639.7,536.6,1.0,0.51357,0.24715,493.0,421.9,0.758,0.62261,0.37812,597.7,645.5,0.932,0.52241,0.30984,501.5,528.9,0.781,0.6018,0.45501,577.7,776.7,0.972,0.54135,0.32381,519.7,552.7,0.847,0.60885,0.46695,584.5,797.1,0.962,0.49168,0.32639,472.0,557.1,0.748,0.56383,0.49023,541.3,836.8,0.942
1274,35.185,960,1707,0.6794,0.19625,652.2,335.0,1.0,0.68438,0.19095,657.0,326.0,1.0,0.68426,0.19056,656.9,325.3,1.0,0.68396,0.19022,656.6,324.7,1.0,0.68787,0.19193,660.4,327.6,1.0,0.6902,0.19221,662.6,328.1,1.0,0.69247,0.19253,664.8,328.6,1.0,0.69346,0.19218,665.7,328.1,1.0,0.70544,0.19484,677.2,332.6,1.0,0.68099,0.20039,653.7,342.1,0.999,0.68465,0.20187,657.3,344.6,0.999,0.67872,0.21022,651.6,358.8,1.0,0.73819,0.23333,708.7,398.3,1.0,0.59246,0.21883,568.8,373.5,0.68,0.65764,0.25551,631.3,436.2,0.017,0.56013,0.20808,537.7,355.2,0.299,0.59648,0.23948,572.6,408.8,0.087,0.5432,0.20541,521.5,350.6,0.359,0.58053,0.23181,557.3,395.7,0.137,0.5518,0.20434,529.7,348.8,0.358,0.57765,0.22825,554.5,389.6,0.138,0.5583,0.20549,536.0,350.8,0.298,0.58231,0.22894,559.0,390.8,0.142,0.6268,0.28788,601.7,491.4,1.0,0.66623,0.31433,639.6,536.6,1.0,0.51359,0.24718,493.0,421.9,0.753,0.62217,0.37809,597.3,645.4,0.932,0.52242,0.31019,501.5,529.5,0.778,0.60176,0.45582,577.7,778.1,0.972,0.54111,0.32406,519.5,553.2,0.846,0.60879,0.46723,584.4,797.6,0.962,0.49109,0.3265,471.4,557.3,0.745,0.56376,0.49022,541.2,836.8,0.942
1275,35.212,960,1707,0.6822,0.19612,654.9,334.8,1.0,0.68695,0.19087,659.5,325.8,1.0,0.68656,0.19049,659.1,325.2,1.0,0.686,0.19016,658.6,324.6,1.0,0.69086,0.19186,663.2,327.5,1.0,0.69321,0.19216,665.5,328.0,1.0,0.69541,0.1925,667.6,328.6,1.0,0.69429,0.19215,666.5,328.0,1.0,0.70745,0.19484,679.2,332.6,1.0,0.68285,0.20025,655.5,341.8,0.999,0.68697,0.20169,659.5,344.3,0.999,0.67927,0.21015,652.1,358.7,1.0,0.73831,0.23349,708.8,398.6,1.0,0.59355,0.21908,569.8,374.0,0.687,0.65349,0.25532,627.4,435.8,0.018,0.56007,0.20805,537.7,355.1,0.307,0.59699,0.23733,573.1,405.1,0.102,0.54314,0.20545,521.4,350.7,0.369,0.58041,0.23152,557.2,395.2,0.158,0.55096,0.20418,528.9,348.5,0.366,0.57782,0.22744,554.7,388.2,0.162,0.5575,0.20544,535.2,350.7,0.306,0.58126,0.22871,558.0,390.4,0.164,0.6268,0.28751,601.7,490.8,1.0,0.66618,0.3139,639.5,535.8,1.0,0.5136,0.24716,493.1,421.9,0.763,0.62201,0.378,597.1,645.3,0.935,0.52192,0.31006,501.0,529.3,0.785,0.60171,0.45677,577.6,779.7,0.973,0.53936,0.32392,517.8,552.9,0.853,0.60864,0.46768,584.3,798.3,0.964,0.49019,0.32584,470.6,556.2,0.754,0.56348,0.49077,540.9,837.7,0.945
1276,35.24,960,1707,0.68445,0.19571,657.1,334.1,1.0,0.68878,0.19051,661.2,325.2,1.0,0.68813,0.1901,660.6,324.5,1.0,0.68733,0.18975,659.8,323.9,1.0,0.69331,0.19161,665.6,327.1,1.0,0.69575,0.19197,667.9,327.7,1.0,0.698,0.19236,670.1,328.4,1.0,0.69475,0.19174,667.0,327.3,1.0,0.70941,0.19471,681.0,332.4,1.0,0.68422,0.19973,656.9,340.9,0.999,0.68881,0.20129,661.3,343.6,0.999,0.68052,0.20979,653.3,358.1,1.0,0.7382,0.23356,708.7,398.7,1.0,0.59703,0.2191,573.2,374.0,0.703,0.64895,0.25342,623.0,432.6,0.02,0.5596,0.20712,537.2,353.5,0.326,0.58833,0.23619,564.8,403.2,0.127,0.54272,0.20509,521.0,350.1,0.389,0.57133,0.23112,548.5,394.5,0.19,0.54994,0.20345,527.9,347.3,0.383,0.57255,0.22731,549.6,388.0,0.196,0.55661,0.20467,534.3,349.4,0.322,0.57633,0.22823,553.3,389.6,0.197,0.62667,0.28753,601.6,490.8,1.0,0.66594,0.31388,639.3,535.8,1.0,0.51333,0.24709,492.8,421.8,0.776,0.6218,0.37818,596.9,645.6,0.939,0.52109,0.30999,500.2,529.1,0.795,0.60164,0.45773,577.6,781.3,0.974,0.53885,0.32358,517.3,552.4,0.862,0.60857,0.46815,584.2,799.1,0.967,0.48937,0.32553,469.8,555.7,0.767,0.56302,0.49102,540.5,838.2,0.948
1277,35.267,960,1707,0.68463,0.19568,657.2,334.0,1.0,0.68878,0.1905,661.2,325.2,1.0,0.68812,0.19009,660.6,324.5,1.0,0.68731,0.18974,659.8,323.9,1.0,0.69346,0.19161,665.7,327.1,1.0,0.696,0.19197,668.2,327.7,1.0,0.69837,0.19237,670.4,328.4,1.0,0.6947,0.19169,666.9,327.2,1.0,0.70983,0.19471,681.4,332.4,1.0,0.68442,0.19965,657.0,340.8,0.999,0.68907,0.20126,661.5,343.6,0.999,0.68049,0.20981,653.3,358.1,1.0,0.73847,0.23344,708.9,398.5,1.0,0.59939,0.21847,575.4,372.9,0.712,0.65399,0.25283,627.8,431.6,0.02,0.55896,0.20556,536.6,350.9,0.334,0.58694,0.23682,563.5,404.2,0.13,0.54199,0.20432,520.3,348.8,0.397,0.56796,0.23072,545.2,393.8,0.194,0.5492,0.2022,527.2,345.2,0.39,0.56826,0.22694,545.5,387.4,0.201,0.55614,0.20311,533.9,346.7,0.328,0.57389,0.22801,550.9,389.2,0.201,0.62667,0.28767,601.6,491.0,1.0,0.66589,0.31387,639.3,535.8,1.0,0.51361,0.24682,493.1,421.3,0.782,0.62158,0.37816,596.7,645.5,0.94,0.52077,0.3098,499.9,528.8,0.8,0.60158,0.45891,577.5,783.4,0.974,0.53776,0.32359,516.3,552.4,0.867,0.60835,0.4688,584.0,800.2,0.968,0.48902,0.32534,469.5,555.4,0.773,0.56272,0.49113,540.2,838.4,0.95
1278,35.295,960,1707,0.68554,0.1957,658.1,334.1,1.0,0.6895,0.19054,661.9,325.3,1.0,0.68888,0.19013,661.3,324.5,1.0,0.68813,0.18977,660.6,323.9,1.0,0.69415,0.19169,666.4,327.2,1.0,0.69669,0.19206,668.8,327.8,1.0,0.69907,0.19247,671.1,328.6,1.0,0.69513,0.19171,667.3,327.2,1.0,0.71037,0.19478,682.0,332.5,1.0,0.68536,0.19966,657.9,340.8,0.999,0.68998,0.20129,662.4,343.6,0.999,0.68044,0.20993,653.2,358.4,1.0,0.7388,0.2334,709.3,398.4,1.0,0.60092,0.21857,576.9,373.1,0.712,0.65779,0.25252,631.5,431.0,0.021,0.55934,0.20532,537.0,350.5,0.333,0.58724,0.23288,563.8,397.5,0.145,0.54204,0.20428,520.4,348.7,0.398,0.57787,0.22686,554.8,387.3,0.215,0.54943,0.20192,527.5,344.7,0.389,0.56968,0.22069,546.9,376.7,0.223,0.5575,0.20281,535.2,346.2,0.327,0.57514,0.22352,552.1,381.6,0.221,0.62684,0.28782,601.8,491.3,1.0,0.66578,0.31387,639.1,535.8,1.0,0.51365,0.2466,493.1,420.9,0.783,0.6211,0.37786,596.3,645.0,0.941,0.52094,0.30979,500.1,528.8,0.802,0.60156,0.46008,577.5,785.4,0.974,0.53779,0.3237,516.3,552.6,0.871,0.60828,0.46991,584.0,802.1,0.969,0.48863,0.32536,469.1,555.4,0.777,0.56223,0.49119,539.7,838.5,0.951
1279,35.323,960,1707,0.68776,0.19572,660.3,334.1,1.0,0.69088,0.19062,663.2,325.4,1.0,0.69006,0.19019,662.5,324.6,1.0,0.68913,0.18981,661.6,324.0,1.0,0.69563,0.19179,667.8,327.4,1.0,0.69807,0.19217,670.1,328.0,1.0,0.70045,0.1926,672.4,328.8,1.0,0.69519,0.19177,667.4,327.3,1.0,0.71121,0.19494,682.8,332.8,1.0,0.68686,0.19966,659.4,340.8,0.999,0.69146,0.2013,663.8,343.6,0.999,0.67813,0.21005,651.0,358.6,1.0,0.73988,0.2332,710.3,398.1,1.0,0.59981,0.21809,575.8,372.3,0.718,0.67468,0.2516,647.7,429.5,0.02,0.55967,0.20492,537.3,349.8,0.339,0.62043,0.22943,595.6,391.6,0.142,0.54211,0.20369,520.4,347.7,0.404,0.61588,0.2233,591.2,381.2,0.212,0.55305,0.20109,530.9,343.3,0.395,0.59482,0.21649,571.0,369.6,0.22,0.56079,0.20202,538.4,344.8,0.331,0.59477,0.21777,571.0,371.7,0.218,0.62697,0.28799,601.9,491.6,1.0,0.66578,0.31387,639.1,535.8,1.0,0.51453,0.24631,493.9,420.5,0.787,0.62106,0.37772,596.2,644.8,0.943,0.52152,0.30976,500.7,528.8,0.807,0.60155,0.46024,577.5,785.6,0.974,0.53833,0.3235,516.8,552.2,0.876,0.60816,0.47014,583.8,802.5,0.97,0.48889,0.32546,469.3,555.6,0.783,0.56175,0.49117,539.3,838.4,0.953
1280,35.35,960,1707,0.68793,0.19581,660.4,334.2,1.0,0.69097,0.19075,663.3,325.6,1.0,0.69016,0.19032,662.6,324.9,1.0,0.68922,0.18993,661.7,324.2,1.0,0.69566,0.19192,667.8,327.6,1.0,0.69809,0.19228,670.2,328.2,1.0,0.70046,0.1927,672.4,328.9,1.0,0.69517,0.19189,667.4,327.6,1.0,0.71128,0.19504,682.8,332.9,1.0,0.68715,0.19972,659.7,340.9,0.999,0.69168,0.20136,664.0,343.7,0.999,0.6754,0.21024,648.4,358.9,1.0,0.74136,0.23292,711.7,397.6,1.0,0.59977,0.21732,575.8,371.0,0.725,0.69858,0.25099,670.6,428.4,0.019,0.56006,0.20431,537.7,348.8,0.343,0.66091,0.23062,634.5,393.7,0.129,0.54233,0.20323,520.6,346.9,0.406,0.65894,0.22458,632.6,383.4,0.195,0.55412,0.20044,532.0,342.1,0.398,0.64909,0.21777,623.1,371.7,0.202,0.56213,0.2013,539.6,343.6,0.332,0.64724,0.21957,621.3,374.8,0.2,0.62692,0.28808,601.8,491.8,1.0,0.66572,0.31385,639.1,535.7,1.0,0.51456,0.2451,494.0,418.4,0.79,0.62102,0.3775,596.2,644.4,0.943,0.52183,0.30976,501.0,528.8,0.81,0.60155,0.46022,577.5,785.6,0.975,0.53836,0.32355,516.8,552.3,0.878,0.60816,0.47027,583.8,802.7,0.97,0.48922,0.32547,469.7,555.6,0.784,0.56147,0.49114,539.0,838.4,0.952
1281,35.378,960,1707,0.6884,0.1959,660.9,334.4,1.0,0.69121,0.19084,663.6,325.8,1.0,0.69031,0.1904,662.7,325.0,1.0,0.6893,0.19,661.7,324.3,1.0,0.696,0.19201,668.2,327.8,1.0,0.69842,0.19237,670.5,328.4,1.0,0.7008,0.19279,672.8,329.1,1.0,0.69514,0.192,667.3,327.8,1.0,0.71142,0.19513,683.0,333.1,1.0,0.68738,0.19978,659.9,341.0,0.999,0.69195,0.20142,664.3,343.8,0.999,0.67493,0.21046,647.9,359.2,1.0,0.74183,0.23271,712.2,397.2,1.0,0.59735,0.21698,573.5,370.4,0.733,0.71016,0.25187,681.8,429.9,0.018,0.55977,0.20413,537.4,348.5,0.35,0.67692,0.23316,649.8,398.0,0.118,0.542,0.20271,520.3,346.0,0.411,0.6761,0.22872,649.1,390.4,0.178,0.55371,0.20013,531.6,341.6,0.404,0.6664,0.22347,639.7,381.5,0.184,0.56184,0.20101,539.4,343.1,0.334,0.66409,0.22448,637.5,383.2,0.183,0.62685,0.28831,601.8,492.1,1.0,0.66551,0.314,638.9,536.0,1.0,0.51441,0.2449,493.8,418.0,0.786,0.621,0.37872,596.2,646.5,0.939,0.52184,0.30967,501.0,528.6,0.808,0.60153,0.46079,577.5,786.6,0.973,0.53839,0.32351,516.9,552.2,0.88,0.60801,0.47093,583.7,803.9,0.969,0.48924,0.32648,469.7,557.3,0.781,0.56136,0.49113,538.9,838.4,0.948
1282,35.406,960,1707,0.6888,0.19611,661.3,334.8,1.0,0.69157,0.19103,663.9,326.1,1.0,0.69054,0.19057,662.9,325.3,1.0,0.68941,0.19015,661.8,324.6,1.0,0.69654,0.1922,668.7,328.1,1.0,0.69894,0.19256,671.0,328.7,1.0,0.70129,0.19297,673.2,329.4,1.0,0.69513,0.19208,667.3,327.9,1.0,0.71156,0.19525,683.1,333.3,1.0,0.68749,0.19993,660.0,341.3,0.999,0.69225,0.20155,664.6,344.1,0.999,0.67499,0.21065,648.0,359.6,1.0,0.74206,0.23222,712.4,396.4,1.0,0.59754,0.21668,573.6,369.9,0.749,0.7074,0.25155,679.1,429.4,0.018,0.55974,0.20383,537.3,347.9,0.376,0.6704,0.23333,643.6,398.3,0.107,0.54179,0.20225,520.1,345.2,0.433,0.66849,0.22876,641.7,390.5,0.163,0.55243,0.19972,530.3,340.9,0.426,0.65924,0.22361,632.9,381.7,0.168,0.56139,0.20055,538.9,342.3,0.352,0.65723,0.22459,630.9,383.4,0.167,0.62685,0.28858,601.8,492.6,1.0,0.66551,0.31405,638.9,536.1,1.0,0.51414,0.24493,493.6,418.1,0.788,0.62092,0.37896,596.1,646.9,0.939,0.52184,0.31001,501.0,529.2,0.81,0.60151,0.46117,577.4,787.2,0.973,0.53842,0.32376,516.9,552.7,0.881,0.60785,0.47205,583.5,805.8,0.969,0.49074,0.32795,471.1,559.8,0.781,0.56112,0.49105,538.7,838.2,0.947
1283,35.433,960,1707,0.68877,0.19622,661.2,335.0,1.0,0.69188,0.1912,664.2,326.4,1.0,0.69087,0.19073,663.2,325.6,1.0,0.68977,0.1903,662.2,324.9,1.0,0.69676,0.19237,668.9,328.4,1.0,0.69913,0.19273,671.2,329.0,1.0,0.70147,0.19314,673.4,329.7,1.0,0.69526,0.19219,667.5,328.1,1.0,0.71172,0.19537,683.3,333.5,1.0,0.68749,0.19996,660.0,341.3,0.999,0.69223,0.2016,664.5,344.1,0.999,0.67544,0.21065,648.4,359.6,1.0,0.74244,0.23199,712.7,396.0,1.0,0.59782,0.21662,573.9,369.8,0.759,0.70867,0.25146,680.3,429.3,0.017,0.55983,0.20386,537.4,348.0,0.383,0.6794,0.2335,652.2,398.6,0.098,0.54266,0.20202,521.0,344.9,0.438,0.67915,0.2292,652.0,391.3,0.149,0.55307,0.19929,530.9,340.2,0.432,0.67188,0.22481,645.0,383.7,0.154,0.56121,0.20032,538.8,341.9,0.356,0.66918,0.22535,642.4,384.7,0.154,0.62697,0.28878,601.9,492.9,1.0,0.66566,0.31414,639.0,536.2,1.0,0.51393,0.24537,493.4,418.8,0.791,0.62075,0.37899,595.9,646.9,0.94,0.52251,0.31062,501.6,530.2,0.811,0.60152,0.46112,577.5,787.1,0.974,0.53959,0.32434,518.0,553.6,0.883,0.60781,0.47255,583.5,806.6,0.97,0.4924,0.32902,472.7,561.6,0.781,0.56094,0.49078,538.5,837.8,0.946
1284,35.461,960,1707,0.69082,0.19623,663.2,335.0,1.0,0.69402,0.19127,666.3,326.5,1.0,0.69271,0.19078,665.0,325.7,1.0,0.69131,0.19034,663.7,324.9,1.0,0.6992,0.19251,671.2,328.6,1.0,0.70158,0.19291,673.5,329.3,1.0,0.70386,0.19337,675.7,330.1,1.0,0.69537,0.19221,667.6,328.1,1.0,0.71295,0.19565,684.4,334.0,1.0,0.6884,0.19995,660.9,341.3,1.0,0.69351,0.20161,665.8,344.1,0.999,0.67493,0.21062,647.9,359.5,1.0,0.7424,0.23174,712.7,395.6,1.0,0.59688,0.21665,573.0,369.8,0.768,0.70689,0.24919,678.6,425.4,0.017,0.55981,0.20388,537.4,348.0,0.39,0.68087,0.22797,653.6,389.1,0.09,0.54295,0.20187,521.2,344.6,0.44,0.68132,0.2235,654.1,381.5,0.138,0.55304,0.19884,530.9,339.4,0.435,0.67525,0.22004,648.2,375.6,0.143,0.56113,0.2,538.7,341.4,0.359,0.67209,0.22076,645.2,376.8,0.142,0.62704,0.28966,602.0,494.5,1.0,0.6657,0.31461,639.1,537.0,1.0,0.51353,0.24565,493.0,419.3,0.791,0.62033,0.37923,595.5,647.4,0.941,0.52286,0.31101,501.9,530.9,0.804,0.60151,0.46105,577.5,787.0,0.974,0.54094,0.32462,519.3,554.1,0.881,0.60777,0.47278,583.5,807.0,0.97,0.49324,0.32945,473.5,562.4,0.77,0.56079,0.49053,538.4,837.3,0.945
1285,35.488,960,1707,0.69082,0.19652,663.2,335.5,1.0,0.69445,0.19154,666.7,327.0,1.0,0.69302,0.191,665.3,326.0,1.0,0.69149,0.19053,663.8,325.2,1.0,0.69963,0.19285,671.6,329.2,1.0,0.70195,0.19327,673.9,329.9,1.0,0.70415,0.19376,676.0,330.8,1.0,0.69536,0.19231,667.5,328.3,1.0,0.71315,0.19606,684.6,334.7,1.0,0.68833,0.20005,660.8,341.5,1.0,0.69337,0.20175,665.6,344.4,0.999,0.67518,0.21065,648.2,359.6,1.0,0.74225,0.23141,712.6,395.0,1.0,0.59685,0.21661,573.0,369.8,0.771,0.70287,0.24526,674.8,418.7,0.018,0.56026,0.20389,537.9,348.0,0.389,0.67178,0.21288,644.9,363.4,0.088,0.54419,0.2014,522.4,343.8,0.436,0.6646,0.20688,638.0,353.1,0.136,0.55388,0.19828,531.7,338.5,0.432,0.65775,0.20387,631.4,348.0,0.14,0.56126,0.19955,538.8,340.6,0.357,0.6564,0.20623,630.1,352.0,0.14,0.62737,0.28966,602.3,494.4,1.0,0.66615,0.31458,639.5,537.0,1.0,0.51559,0.24649,495.0,420.8,0.785,0.62026,0.37866,595.4,646.4,0.941,0.52398,0.31071,503.0,530.4,0.795,0.60151,0.46042,577.5,785.9,0.974,0.54183,0.32462,520.2,554.1,0.878,0.60776,0.47156,583.5,804.9,0.97,0.49318,0.32809,473.4,560.1,0.759,0.56137,0.48986,538.9,836.2,0.944
1286,35.516,960,1707,0.69071,0.19686,663.1,336.0,1.0,0.69451,0.1919,666.7,327.6,1.0,0.6931,0.19133,665.4,326.6,1.0,0.69159,0.19082,663.9,325.7,1.0,0.6996,0.19324,671.6,329.9,1.0,0.7019,0.19367,673.8,330.6,1.0,0.70408,0.19418,675.9,331.5,1.0,0.69536,0.19266,667.5,328.9,1.0,0.71319,0.19672,684.7,335.8,1.0,0.68827,0.20036,660.7,342.0,1.0,0.69329,0.20212,665.6,345.0,0.999,0.67593,0.21079,648.9,359.8,1.0,0.74219,0.23124,712.5,394.7,1.0,0.59839,0.21654,574.5,369.6,0.776,0.70032,0.23736,672.3,405.2,0.022,0.56015,0.20416,537.7,348.5,0.397,0.65196,0.20301,625.9,346.5,0.105,0.54415,0.20152,522.4,344.0,0.443,0.6473,0.19437,621.4,331.8,0.157,0.55361,0.19834,531.5,338.6,0.439,0.64966,0.19503,623.7,332.9,0.162,0.56033,0.19973,537.9,340.9,0.363,0.64933,0.19873,623.4,339.2,0.161,0.62744,0.28941,602.3,494.0,1.0,0.66686,0.31439,640.2,536.7,1.0,0.51833,0.24749,497.6,422.5,0.788,0.62038,0.37741,595.6,644.2,0.943,0.52556,0.31028,504.5,529.6,0.797,0.60163,0.45879,577.6,783.1,0.974,0.54301,0.32442,521.3,553.8,0.882,0.60778,0.47026,583.5,802.7,0.971,0.49377,0.32757,474.0,559.2,0.762,0.56228,0.48918,539.8,835.0,0.945
1287,35.544,960,1707,0.69171,0.19693,664.0,336.2,1.0,0.69522,0.19207,667.4,327.9,1.0,0.69371,0.1915,666.0,326.9,1.0,0.69211,0.19102,664.4,326.1,1.0,0.70051,0.19338,672.5,330.1,1.0,0.70283,0.19383,674.7,330.9,1.0,0.70499,0.19436,676.8,331.8,1.0,0.69521,0.19305,667.4,329.5,1.0,0.71362,0.19715,685.1,336.5,1.0,0.68891,0.2005,661.4,342.3,1.0,0.69415,0.20227,666.4,345.3,0.999,0.67624,0.211,649.2,360.2,1.0,0.74199,0.22971,712.3,392.1,1.0,0.59956,0.21633,575.6,369.3,0.79,0.6972,0.21766,669.3,371.5,0.035,0.55936,0.2046,537.0,349.3,0.426,0.65117,0.19495,625.1,332.8,0.158,0.54402,0.20202,522.3,344.9,0.47,0.64219,0.18712,616.5,319.4,0.213,0.55284,0.19899,530.7,339.7,0.466,0.64848,0.18733,622.5,319.8,0.219,0.55894,0.20041,536.6,342.1,0.391,0.64589,0.19103,620.1,326.1,0.216,0.62745,0.2894,602.3,494.0,1.0,0.66767,0.31432,641.0,536.6,1.0,0.51951,0.24823,498.7,423.7,0.796,0.62038,0.37618,595.6,642.1,0.946,0.52688,0.30983,505.8,528.9,0.801,0.6017,0.4578,577.6,781.5,0.975,0.5457,0.32373,523.9,552.6,0.887,0.60782,0.46909,583.5,800.7,0.972,0.49447,0.32716,474.7,558.5,0.769,0.56241,0.48917,539.9,835.0,0.947
1288,35.571,960,1707,0.68991,0.19723,662.3,336.7,1.0,0.69462,0.19245,666.8,328.5,1.0,0.69335,0.19191,665.6,327.6,1.0,0.69196,0.19145,664.3,326.8,1.0,0.69991,0.19371,671.9,330.7,1.0,0.70245,0.19416,674.4,331.4,1.0,0.7048,0.19468,676.6,332.3,1.0,0.6952,0.19352,667.4,330.3,1.0,0.71359,0.19756,685.1,337.2,1.0,0.68799,0.20087,660.5,342.9,1.0,0.69292,0.20262,665.2,345.9,1.0,0.67655,0.21103,649.5,360.2,1.0,0.74198,0.2298,712.3,392.3,1.0,0.6013,0.21634,577.2,369.3,0.794,0.69672,0.22695,668.9,387.4,0.037,0.55867,0.20511,536.3,350.1,0.431,0.65331,0.19808,627.2,338.1,0.166,0.5437,0.20273,522.0,346.1,0.475,0.64427,0.18926,618.5,323.1,0.224,0.55112,0.19972,529.1,340.9,0.47,0.64807,0.18993,622.1,324.2,0.231,0.55733,0.2012,535.0,343.4,0.395,0.64806,0.19304,622.1,329.5,0.228,0.62726,0.28928,602.2,493.8,1.0,0.66777,0.31431,641.1,536.5,1.0,0.51938,0.24826,498.6,423.8,0.791,0.62045,0.37496,595.6,640.1,0.945,0.52824,0.30919,507.1,527.8,0.793,0.60181,0.45518,577.7,777.0,0.973,0.54736,0.32273,525.5,550.9,0.888,0.60792,0.46621,583.6,795.8,0.972,0.49506,0.32667,475.3,557.6,0.765,0.56305,0.48832,540.5,833.6,0.946
1289,35.599,960,1707,0.6865,0.19758,659.0,337.3,1.0,0.69206,0.19281,664.4,329.1,1.0,0.6913,0.19229,663.6,328.2,1.0,0.69038,0.19187,662.8,327.5,1.0,0.69726,0.19397,669.4,331.1,1.0,0.70014,0.19436,672.1,331.8,1.0,0.70277,0.19485,674.7,332.6,1.0,0.69478,0.19396,667.0,331.1,1.0,0.71246,0.1977,684.0,337.5,1.0,0.68643,0.20125,659.0,343.5,1.0,0.69087,0.20294,663.2,346.4,1.0,0.67637,0.21134,649.3,360.8,1.0,0.74206,0.22931,712.4,391.4,1.0,0.60109,0.21666,577.1,369.8,0.798,0.69623,0.21853,668.4,373.0,0.04,0.55819,0.20582,535.9,351.3,0.44,0.6545,0.19587,628.3,334.4,0.173,0.54358,0.20379,521.8,347.9,0.486,0.64455,0.18737,618.8,319.8,0.236,0.55074,0.20054,528.7,342.3,0.481,0.6459,0.18736,620.1,319.8,0.243,0.55658,0.20196,534.3,344.7,0.404,0.64635,0.19109,620.5,326.2,0.239,0.627,0.28915,601.9,493.6,1.0,0.66781,0.31427,641.1,536.5,1.0,0.51926,0.24821,498.5,423.7,0.794,0.62047,0.37391,595.7,638.3,0.946,0.52813,0.30844,507.0,526.5,0.796,0.60191,0.45481,577.8,776.4,0.973,0.54716,0.32195,525.3,549.6,0.892,0.60803,0.46555,583.7,794.7,0.972,0.49445,0.3252,474.7,555.1,0.771,0.56334,0.48817,540.8,833.3,0.947
1290,35.627,960,1707,0.68635,0.19751,658.9,337.2,1.0,0.69201,0.1927,664.3,328.9,1.0,0.69129,0.19218,663.6,328.1,1.0,0.69038,0.19178,662.8,327.4,1.0,0.69722,0.19385,669.3,330.9,1.0,0.70012,0.19424,672.1,331.6,1.0,0.70274,0.19472,674.6,332.4,1.0,0.69489,0.1939,667.1,331.0,1.0,0.71259,0.19756,684.1,337.2,1.0,0.68642,0.20116,659.0,343.4,1.0,0.69086,0.2029,663.2,346.4,1.0,0.67636,0.21134,649.3,360.8,1.0,0.74225,0.22938,712.6,391.6,1.0,0.60063,0.21679,576.6,370.1,0.8,0.70194,0.2328,673.9,397.4,0.038,0.55816,0.20577,535.8,351.2,0.443,0.66815,0.20367,641.4,347.7,0.159,0.54337,0.20376,521.6,347.8,0.489,0.66591,0.19533,639.3,333.4,0.217,0.55034,0.20052,528.3,342.3,0.485,0.65989,0.19006,633.5,324.4,0.223,0.55646,0.20193,534.2,344.7,0.407,0.65787,0.19201,631.6,327.8,0.22,0.62706,0.289,602.0,493.3,1.0,0.66788,0.31412,641.2,536.2,1.0,0.51965,0.24784,498.9,423.1,0.796,0.62062,0.37097,595.8,633.2,0.945,0.52825,0.30814,507.1,526.0,0.798,0.60196,0.4542,577.9,775.3,0.973,0.54715,0.32167,525.3,549.1,0.895,0.60823,0.46503,583.9,793.8,0.972,0.4944,0.32467,474.6,554.2,0.774,0.56341,0.48782,540.9,832.7,0.946
1291,35.654,960,1707,0.68699,0.19752,659.5,337.2,1.0,0.69254,0.19269,664.8,328.9,1.0,0.69192,0.19218,664.2,328.1,1.0,0.69117,0.1918,663.5,327.4,1.0,0.69752,0.19384,669.6,330.9,1.0,0.70036,0.19423,672.3,331.6,1.0,0.70296,0.19472,674.8,332.4,1.0,0.69556,0.19393,667.7,331.0,1.0,0.71291,0.19755,684.4,337.2,1.0,0.68717,0.20121,659.7,343.5,1.0,0.6915,0.20295,663.8,346.4,1.0,0.67637,0.21155,649.3,361.1,1.0,0.74319,0.22941,713.5,391.6,1.0,0.60057,0.21683,576.5,370.1,0.806,0.7155,0.23746,686.9,405.4,0.035,0.55811,0.2054,535.8,350.6,0.451,0.68841,0.21582,660.9,368.4,0.144,0.54281,0.20354,521.1,347.4,0.495,0.68894,0.21079,661.4,359.8,0.197,0.5495,0.20027,527.5,341.9,0.492,0.68017,0.20604,653.0,351.7,0.203,0.55608,0.2015,533.8,344.0,0.412,0.67684,0.20682,649.8,353.0,0.2,0.62719,0.28896,602.1,493.2,1.0,0.66791,0.31401,641.2,536.0,1.0,0.5202,0.24788,499.4,423.1,0.79,0.62077,0.37048,595.9,632.4,0.942,0.52809,0.30816,507.0,526.0,0.793,0.60196,0.45431,577.9,775.5,0.972,0.54694,0.32172,525.1,549.2,0.893,0.60838,0.46519,584.0,794.1,0.971,0.49433,0.32469,474.6,554.2,0.768,0.56341,0.4878,540.9,832.7,0.942
1292,35.682,960,1707,0.68692,0.19752,659.4,337.2,1.0,0.69235,0.19269,664.7,328.9,1.0,0.69174,0.19218,664.1,328.0,1.0,0.69104,0.19179,663.4,327.4,1.0,0.69728,0.19384,669.4,330.9,1.0,0.70015,0.19422,672.1,331.5,1.0,0.70282,0.19471,674.7,332.4,1.0,0.69539,0.1939,667.6,331.0,1.0,0.71291,0.19754,684.4,337.2,1.0,0.68712,0.20121,659.6,343.5,1.0,0.69148,0.20297,663.8,346.5,0.999,0.67635,0.21138,649.3,360.8,1.0,0.74519,0.22949,715.4,391.7,1.0,0.6026,0.21635,578.5,369.3,0.81,0.72738,0.24183,698.3,412.8,0.034,0.55818,0.20399,535.9,348.2,0.442,0.72308,0.24162,694.2,412.5,0.131,0.54233,0.20281,520.6,346.2,0.486,0.73014,0.24279,700.9,414.4,0.18,0.54908,0.19958,527.1,340.7,0.483,0.72438,0.23842,695.4,407.0,0.185,0.55593,0.20026,533.7,341.8,0.401,0.71815,0.23728,689.4,405.0,0.183,0.6273,0.28895,602.2,493.2,1.0,0.66805,0.31398,641.3,536.0,1.0,0.52099,0.24786,500.1,423.1,0.781,0.62118,0.37067,596.3,632.7,0.942,0.52645,0.30859,505.4,526.8,0.786,0.60192,0.45442,577.8,775.7,0.971,0.54361,0.32251,521.9,550.5,0.89,0.60838,0.46582,584.0,795.2,0.97,0.49395,0.32469,474.2,554.2,0.753,0.56295,0.48827,540.4,833.5,0.938
1293,35.709,960,1707,0.68614,0.19769,658.7,337.5,1.0,0.6911,0.19275,663.5,329.0,1.0,0.69056,0.19222,662.9,328.1,1.0,0.68994,0.19181,662.3,327.4,1.0,0.69586,0.19396,668.0,331.1,1.0,0.69879,0.19436,670.8,331.8,1.0,0.70168,0.19484,673.6,332.6,1.0,0.69446,0.1939,666.7,331.0,1.0,0.7128,0.1976,684.3,337.3,1.0,0.68668,0.20127,659.2,343.6,0.999,0.6911,0.20316,663.5,346.8,0.999,0.67639,0.21095,649.3,360.1,1.0,0.74676,0.23033,716.9,393.2,1.0,0.6036,0.21629,579.5,369.2,0.816,0.73633,0.24544,706.9,419.0,0.036,0.55818,0.20397,535.9,348.2,0.441,0.73947,0.24548,709.9,419.0,0.123,0.54127,0.20278,519.6,346.1,0.484,0.74544,0.24911,715.6,425.2,0.171,0.54843,0.19952,526.5,340.6,0.482,0.73804,0.24074,708.5,410.9,0.175,0.55552,0.20018,533.3,341.7,0.397,0.73514,0.24087,705.7,411.2,0.172,0.62731,0.2889,602.2,493.2,1.0,0.66843,0.31394,641.7,535.9,1.0,0.52077,0.24769,499.9,422.8,0.778,0.62118,0.37063,596.3,632.7,0.941,0.52399,0.30863,503.0,526.8,0.785,0.60186,0.45553,577.8,777.6,0.971,0.54109,0.32329,519.4,551.9,0.892,0.60841,0.46661,584.1,796.5,0.971,0.492,0.32418,472.3,553.4,0.747,0.56247,0.48887,540.0,834.5,0.934
1294,35.737,960,1707,0.68194,0.19848,654.7,338.8,1.0,0.68724,0.1935,659.7,330.3,1.0,0.6872,0.19295,659.7,329.4,1.0,0.68706,0.19247,659.6,328.5,1.0,0.69139,0.19474,663.7,332.4,1.0,0.69459,0.1951,666.8,333.0,1.0,0.69777,0.19546,669.9,333.6,1.0,0.6931,0.19423,665.4,331.6,1.0,0.71087,0.19792,682.4,337.8,1.0,0.68358,0.20202,656.2,344.8,0.999,0.68765,0.20392,660.1,348.1,0.999,0.67633,0.20993,649.3,358.4,1.0,0.74724,0.23051,717.3,393.5,1.0,0.60438,0.21624,580.2,369.1,0.811,0.73787,0.25176,708.4,429.8,0.036,0.55803,0.20434,535.7,348.8,0.424,0.73831,0.24521,708.8,418.6,0.113,0.54029,0.20305,518.7,346.6,0.466,0.7514,0.25324,721.3,432.3,0.157,0.54742,0.19981,525.5,341.1,0.465,0.74641,0.24888,716.6,424.8,0.161,0.55491,0.20046,532.7,342.2,0.38,0.74044,0.24803,710.8,423.4,0.157,0.62764,0.2886,602.5,492.6,1.0,0.66909,0.31368,642.3,535.5,1.0,0.52067,0.24716,499.8,421.9,0.776,0.62115,0.37072,596.3,632.8,0.942,0.52304,0.30859,502.1,526.8,0.784,0.60178,0.45632,577.7,778.9,0.972,0.53975,0.32329,518.2,551.9,0.892,0.60833,0.46714,584.0,797.4,0.971,0.48925,0.3239,469.7,552.9,0.74,0.56239,0.48941,539.9,835.4,0.933
1295,35.765,960,1707,0.68113,0.19891,653.9,339.5,1.0,0.68625,0.19396,658.8,331.1,1.0,0.68621,0.19341,658.8,330.2,1.0,0.68604,0.19291,658.6,329.3,1.0,0.69038,0.19517,662.8,333.2,1.0,0.69355,0.1955,665.8,333.7,1.0,0.69666,0.1958,668.8,334.2,1.0,0.69242,0.19449,664.7,332.0,1.0,0.70988,0.19807,681.5,338.1,1.0,0.68274,0.20246,655.4,345.6,0.999,0.68669,0.20431,659.2,348.8,0.999,0.67587,0.20945,648.8,357.5,1.0,0.74739,0.23061,717.5,393.7,1.0,0.60423,0.21639,580.1,369.4,0.806,0.73566,0.25371,706.2,433.1,0.035,0.55802,0.20439,535.7,348.9,0.407,0.73274,0.24351,703.4,415.7,0.103,0.53965,0.20308,518.1,346.7,0.448,0.74446,0.24963,714.7,426.1,0.145,0.54714,0.19981,525.3,341.1,0.447,0.73874,0.24554,709.2,419.1,0.148,0.55484,0.20045,532.6,342.2,0.364,0.73287,0.24499,703.6,418.2,0.144,0.62793,0.28842,602.8,492.3,1.0,0.66941,0.31365,642.6,535.4,1.0,0.52066,0.2469,499.8,421.5,0.77,0.62115,0.36988,596.3,631.4,0.942,0.52275,0.30834,501.8,526.3,0.78,0.60169,0.45613,577.6,778.6,0.972,0.53919,0.32315,517.6,551.6,0.891,0.60807,0.46714,583.7,797.4,0.971,0.4885,0.32371,469.0,552.6,0.73,0.56258,0.48951,540.1,835.6,0.931
1296,35.792,960,1707,0.68109,0.19925,653.8,340.1,1.0,0.68595,0.19426,658.5,331.6,1.0,0.6859,0.19373,658.5,330.7,1.0,0.68569,0.19322,658.3,329.8,1.0,0.69007,0.19546,662.5,333.6,1.0,0.69316,0.19577,665.4,334.2,1.0,0.6962,0.19606,668.4,334.7,1.0,0.69228,0.19478,664.6,332.5,1.0,0.70936,0.19825,681.0,338.4,1.0,0.68269,0.20295,655.4,346.4,0.999,0.68663,0.20475,659.2,349.5,0.999,0.67582,0.2093,648.8,357.3,1.0,0.74725,0.23133,717.4,394.9,1.0,0.60407,0.21646,579.9,369.5,0.803,0.73103,0.25334,701.8,432.5,0.033,0.55775,0.20459,535.4,349.2,0.393,0.72683,0.24204,697.8,413.2,0.094,0.53913,0.20327,517.6,347.0,0.433,0.73246,0.2449,703.2,418.0,0.132,0.54661,0.20003,524.7,341.5,0.433,0.72666,0.24083,697.6,411.1,0.135,0.55451,0.20067,532.3,342.5,0.351,0.72152,0.24055,692.7,410.6,0.132,0.62886,0.28825,603.7,492.0,1.0,0.6698,0.31363,643.0,535.4,1.0,0.52105,0.24677,500.2,421.2,0.77,0.62115,0.36985,596.3,631.3,0.944,0.5228,0.30826,501.9,526.2,0.782,0.60161,0.45605,577.5,778.5,0.973,0.53933,0.32228,517.8,550.1,0.891,0.6079,0.46712,583.6,797.4,0.972,0.48864,0.32374,469.1,552.6,0.73,0.56304,0.48966,540.5,835.9,0.933
1297,35.82,960,1707,0.68333,0.19935,656.0,340.3,1.0,0.68692,0.19429,659.4,331.7,1.0,0.6865,0.19376,659.0,330.7,1.0,0.68599,0.19324,658.6,329.9,1.0,0.69124,0.1955,663.6,333.7,1.0,0.69396,0.1958,666.2,334.2,1.0,0.69671,0.19608,668.8,334.7,1.0,0.6921,0.1948,664.4,332.5,1.0,0.70941,0.19828,681.0,338.5,1.0,0.6839,0.2031,656.5,346.7,0.999,0.68794,0.20487,660.4,349.7,0.999,0.67199,0.20932,645.1,357.3,1.0,0.74716,0.23137,717.3,394.9,1.0,0.6025,0.21647,578.4,369.5,0.802,0.73167,0.25332,702.4,432.4,0.031,0.55752,0.20459,535.2,349.2,0.381,0.72985,0.24026,700.7,410.1,0.086,0.53854,0.20327,517.0,347.0,0.418,0.73594,0.24422,706.5,416.9,0.122,0.54607,0.20003,524.2,341.4,0.419,0.72942,0.24031,700.2,410.2,0.124,0.55404,0.20066,531.9,342.5,0.338,0.72392,0.2399,695.0,409.5,0.121,0.62898,0.28791,603.8,491.5,1.0,0.67008,0.31341,643.3,535.0,1.0,0.52101,0.24642,500.2,420.6,0.762,0.62115,0.36992,596.3,631.4,0.944,0.52284,0.30816,501.9,526.0,0.772,0.60131,0.45619,577.3,778.7,0.973,0.53945,0.32174,517.9,549.2,0.887,0.60763,0.46714,583.3,797.4,0.972,0.48836,0.32379,468.8,552.7,0.716,0.56334,0.48982,540.8,836.1,0.93
1298,35.847,960,1707,0.68599,0.19963,658.5,340.8,1.0,0.6883,0.19445,660.8,331.9,1.0,0.68746,0.1939,660.0,331.0,1.0,0.68662,0.19336,659.2,330.1,1.0,0.69287,0.19564,665.2,334.0,1.0,0.69525,0.19593,667.4,334.4,1.0,0.69771,0.19617,669.8,334.9,1.0,0.69203,0.1949,664.4,332.7,1.0,0.7096,0.19842,681.2,338.7,1.0,0.68582,0.2034,658.4,347.2,0.999,0.69018,0.20516,662.6,350.2,0.999,0.67202,0.20933,645.1,357.3,1.0,0.747,0.23167,717.1,395.5,1.0,0.602,0.21648,577.9,369.5,0.809,0.73459,0.25207,705.2,430.3,0.03,0.55747,0.2046,535.2,349.3,0.387,0.72866,0.24206,699.5,413.2,0.079,0.53821,0.20327,516.7,347.0,0.422,0.73276,0.2458,703.5,419.6,0.113,0.54582,0.20002,524.0,341.4,0.423,0.7258,0.24196,696.8,413.0,0.115,0.55388,0.20067,531.7,342.5,0.341,0.72061,0.24131,691.8,411.9,0.112,0.6298,0.28792,604.6,491.5,1.0,0.67032,0.3134,643.5,535.0,1.0,0.52097,0.24609,500.1,420.1,0.765,0.62106,0.36993,596.2,631.5,0.944,0.52288,0.30817,502.0,526.1,0.773,0.60124,0.45618,577.2,778.7,0.973,0.53949,0.32164,517.9,549.0,0.888,0.60765,0.46703,583.3,797.2,0.972,0.4884,0.32431,468.9,553.6,0.717,0.56336,0.48988,540.8,836.2,0.93
1299,35.875,960,1707,0.68674,0.19966,659.3,340.8,1.0,0.68872,0.19447,661.2,332.0,1.0,0.68777,0.19392,660.3,331.0,1.0,0.68683,0.19338,659.4,330.1,1.0,0.69328,0.19567,665.6,334.0,1.0,0.6955,0.19595,667.7,334.5,1.0,0.69783,0.19619,669.9,334.9,1.0,0.69201,0.19491,664.3,332.7,1.0,0.70964,0.19843,681.3,338.7,1.0,0.68656,0.20344,659.1,347.3,0.999,0.6909,0.2052,663.3,350.3,0.999,0.67225,0.20935,645.4,357.4,1.0,0.74672,0.23202,716.8,396.1,1.0,0.60202,0.21643,577.9,369.5,0.81,0.7337,0.25321,704.4,432.2,0.028,0.55746,0.2046,535.2,349.2,0.383,0.72783,0.24232,698.7,413.6,0.072,0.538,0.20327,516.5,347.0,0.417,0.7293,0.2458,700.1,419.6,0.103,0.54559,0.20003,523.8,341.4,0.418,0.72197,0.24197,693.1,413.1,0.105,0.55371,0.20069,531.6,342.6,0.334,0.71715,0.24141,688.5,412.1,0.103,0.63093,0.28791,605.7,491.5,1.0,0.67072,0.31331,643.9,534.8,1.0,0.52058,0.24603,499.8,420.0,0.757,0.6208,0.37,596.0,631.6,0.94,0.5229,0.30846,502.0,526.5,0.767,0.60115,0.45621,577.1,778.7,0.971,0.53945,0.32211,517.9,549.8,0.886,0.60772,0.46704,583.4,797.2,0.97,0.48845,0.32572,468.9,556.0,0.709,0.56329,0.48997,540.8,836.4,0.925
1300,35.903,960,1707,0.68699,0.19969,659.5,340.9,1.0,0.6889,0.19452,661.3,332.0,1.0,0.68792,0.19398,660.4,331.1,1.0,0.68692,0.19344,659.4,330.2,1.0,0.69347,0.1957,665.7,334.1,1.0,0.69564,0.19598,667.8,334.5,1.0,0.69791,0.19622,670.0,334.9,1.0,0.69201,0.19499,664.3,332.8,1.0,0.70965,0.19846,681.3,338.8,1.0,0.68686,0.2035,659.4,347.4,0.999,0.69115,0.20523,663.5,350.3,0.998,0.67229,0.20936,645.4,357.4,1.0,0.74666,0.23222,716.8,396.4,1.0,0.6026,0.21639,578.5,369.4,0.807,0.73841,0.25248,708.9,431.0,0.027,0.55749,0.20461,535.2,349.3,0.374,0.73211,0.24114,702.8,411.6,0.066,0.53797,0.20329,516.4,347.0,0.408,0.73621,0.24483,706.8,417.9,0.096,0.54553,0.20008,523.7,341.5,0.409,0.72779,0.2409,698.7,411.2,0.097,0.55371,0.20081,531.6,342.8,0.326,0.72287,0.24058,694.0,410.7,0.095,0.63153,0.2879,606.3,491.4,1.0,0.67096,0.31326,644.1,534.7,1.0,0.51967,0.24599,498.9,419.9,0.748,0.62054,0.37002,595.7,631.6,0.938,0.52222,0.30938,501.3,528.1,0.759,0.60113,0.45654,577.1,779.3,0.971,0.5387,0.32274,517.2,550.9,0.882,0.60816,0.46733,583.8,797.7,0.97,0.48796,0.32815,468.4,560.2,0.698,0.56276,0.49014,540.3,836.7,0.922
1301,35.93,960,1707,0.68741,0.20014,659.9,341.6,1.0,0.68895,0.19497,661.4,332.8,1.0,0.68795,0.19438,660.4,331.8,1.0,0.68698,0.19377,659.5,330.8,1.0,0.69376,0.19616,666.0,334.8,1.0,0.69599,0.1964,668.2,335.3,1.0,0.69833,0.19659,670.4,335.6,1.0,0.69177,0.19525,664.1,333.3,1.0,0.71003,0.1987,681.6,339.2,1.0,0.68718,0.20383,659.7,347.9,0.999,0.69174,0.20556,664.1,350.9,0.998,0.67318,0.20931,646.3,357.3,1.0,0.74716,0.23279,717.3,397.4,1.0,0.60294,0.21638,578.8,369.4,0.803,0.73927,0.25218,709.7,430.5,0.025,0.55749,0.2047,535.2,349.4,0.364,0.73231,0.24042,703.0,410.4,0.061,0.53793,0.20334,516.4,347.1,0.397,0.73435,0.24382,705.0,416.2,0.088,0.54555,0.2002,523.7,341.7,0.399,0.72586,0.23987,696.8,409.5,0.09,0.55378,0.20101,531.6,343.1,0.317,0.72121,0.23967,692.4,409.1,0.087,0.6315,0.2879,606.2,491.4,1.0,0.67075,0.3133,643.9,534.8,1.0,0.51888,0.24598,498.1,419.9,0.738,0.62033,0.37143,595.5,634.0,0.937,0.52223,0.30969,501.3,528.6,0.747,0.60086,0.45682,576.8,779.8,0.969,0.53877,0.32339,517.2,552.0,0.875,0.60816,0.46757,583.8,798.1,0.968,0.488,0.32799,468.5,559.9,0.684,0.56218,0.49026,539.7,836.9,0.919
1302,35.958,960,1707,0.689,0.20035,661.4,342.0,0.999,0.68994,0.19512,662.3,333.1,1.0,0.68862,0.19452,661.1,332.0,1.0,0.68734,0.19388,659.8,331.0,1.0,0.69524,0.19633,667.4,335.1,1.0,0.69753,0.19658,669.6,335.6,1.0,0.69995,0.19677,671.9,335.9,1.0,0.69172,0.19534,664.1,333.4,1.0,0.71119,0.19893,682.7,339.6,0.999,0.68814,0.20402,660.6,348.3,0.999,0.69326,0.20576,665.5,351.2,0.998,0.67285,0.20911,645.9,357.0,1.0,0.74769,0.23334,717.8,398.3,1.0,0.60257,0.21638,578.5,369.4,0.793,0.74217,0.2526,712.5,431.2,0.024,0.55753,0.20471,535.2,349.4,0.348,0.73222,0.24101,702.9,411.4,0.056,0.53789,0.20329,516.4,347.0,0.381,0.73473,0.24379,705.3,416.1,0.081,0.54568,0.20016,523.9,341.7,0.384,0.72555,0.23972,696.5,409.2,0.083,0.55417,0.20101,532.0,343.1,0.303,0.72087,0.23959,692.0,409.0,0.08,0.63137,0.28781,606.1,491.3,1.0,0.67029,0.31343,643.5,535.0,1.0,0.51867,0.2459,497.9,419.7,0.72,0.62006,0.37234,595.3,635.6,0.932,0.52207,0.30969,501.2,528.6,0.732,0.60079,0.45679,576.8,779.7,0.966,0.53882,0.32299,517.3,551.3,0.87,0.60816,0.46748,583.8,798.0,0.966,0.4864,0.32786,466.9,559.7,0.668,0.56223,0.49026,539.7,836.9,0.911
1303,35.986,960,1707,0.68837,0.20132,660.8,343.6,0.999,0.68966,0.19603,662.1,334.6,1.0,0.68841,0.19533,660.9,333.4,1.0,0.68715,0.19457,659.7,332.1,1.0,0.69489,0.19726,667.1,336.7,1.0,0.69725,0.19742,669.4,337.0,1.0,0.69972,0.19752,671.7,337.2,1.0,0.69157,0.1959,663.9,334.4,1.0,0.711,0.19932,682.6,340.2,0.999,0.68787,0.20484,660.4,349.7,0.999,0.69281,0.20658,665.1,352.6,0.998,0.6729,0.20898,646.0,356.7,1.0,0.74898,0.23348,719.0,398.6,1.0,0.60248,0.21652,578.4,369.6,0.787,0.74211,0.25285,712.4,431.6,0.022,0.55744,0.2048,535.1,349.6,0.339,0.73106,0.24081,701.8,411.1,0.051,0.53759,0.20327,516.1,347.0,0.373,0.73386,0.24229,704.5,413.6,0.075,0.5457,0.20013,523.9,341.6,0.375,0.72442,0.23269,695.4,397.2,0.076,0.55418,0.20101,532.0,343.1,0.295,0.71991,0.23689,691.1,404.4,0.074,0.62991,0.28776,604.7,491.2,1.0,0.66891,0.31384,642.1,535.7,1.0,0.51755,0.24589,496.8,419.7,0.706,0.61973,0.37675,594.9,643.1,0.924,0.52208,0.30968,501.2,528.6,0.716,0.60043,0.45718,576.4,780.4,0.962,0.54075,0.32237,519.1,550.3,0.866,0.60713,0.4676,582.8,798.2,0.963,0.48665,0.3278,467.2,559.5,0.656,0.56232,0.49028,539.8,836.9,0.902
1304,36.013,960,1707,0.6863,0.20176,658.8,344.4,0.999,0.68837,0.19642,660.8,335.3,1.0,0.68739,0.19567,659.9,334.0,1.0,0.68632,0.19487,658.9,332.6,1.0,0.69348,0.19771,665.7,337.5,1.0,0.6961,0.19787,668.3,337.8,1.0,0.69877,0.19795,670.8,337.9,1.0,0.69133,0.1962,663.7,334.9,1.0,0.7105,0.1996,682.1,340.7,0.999,0.68674,0.20522,659.3,350.3,0.999,0.69157,0.20702,663.9,353.4,0.997,0.67381,0.2087,646.9,356.3,1.0,0.74895,0.2337,719.0,398.9,1.0,0.60247,0.21659,578.4,369.7,0.777,0.74078,0.25269,711.1,431.3,0.021,0.55748,0.205,535.2,349.9,0.326,0.73061,0.24029,701.4,410.2,0.047,0.5376,0.20328,516.1,347.0,0.361,0.7345,0.2409,705.1,411.2,0.069,0.54574,0.20024,523.9,341.8,0.363,0.7234,0.2303,694.5,393.1,0.07,0.55436,0.20137,532.2,343.7,0.283,0.71984,0.23603,691.1,402.9,0.068,0.62871,0.28776,603.6,491.2,1.0,0.66706,0.31432,640.4,536.6,1.0,0.51693,0.24552,496.2,419.1,0.689,0.61972,0.37943,594.9,647.7,0.913,0.52209,0.3094,501.2,528.1,0.701,0.60016,0.45865,576.2,782.9,0.956,0.54133,0.32135,519.7,548.5,0.862,0.60627,0.46894,582.0,800.5,0.959,0.48759,0.32875,468.1,561.2,0.646,0.56227,0.49062,539.8,837.5,0.894
1305,36.041,960,1707,0.68373,0.20204,656.4,344.9,0.999,0.68681,0.1966,659.3,335.6,1.0,0.6861,0.19582,658.7,334.3,1.0,0.68524,0.195,657.8,332.9,1.0,0.69179,0.19801,664.1,338.0,0.999,0.69464,0.1982,666.8,338.3,0.999,0.69747,0.19829,669.6,338.5,1.0,0.69101,0.19626,663.4,335.0,1.0,0.70975,0.19978,681.4,341.0,0.999,0.68482,0.20538,657.4,350.6,0.998,0.68945,0.20728,661.9,353.8,0.997,0.67695,0.20844,649.9,355.8,1.0,0.74826,0.23439,718.3,400.1,1.0,0.60253,0.21658,578.4,369.7,0.766,0.73573,0.25387,706.3,433.4,0.019,0.55772,0.2051,535.4,350.1,0.31,0.72364,0.24296,694.7,414.7,0.043,0.53798,0.20326,516.5,347.0,0.344,0.72825,0.24132,699.1,411.9,0.063,0.54585,0.20041,524.0,342.1,0.346,0.71827,0.23386,689.5,399.2,0.064,0.55449,0.20178,532.3,344.4,0.268,0.71398,0.23673,685.4,404.1,0.062,0.62866,0.28777,603.5,491.2,1.0,0.66664,0.31452,640.0,536.9,1.0,0.51693,0.24549,496.3,419.0,0.683,0.61984,0.37919,595.0,647.3,0.909,0.52209,0.30897,501.2,527.4,0.701,0.60014,0.4594,576.1,784.2,0.956,0.54076,0.3213,519.1,548.5,0.86,0.60607,0.46978,581.8,801.9,0.958,0.48537,0.32692,466.0,558.1,0.644,0.56225,0.49058,539.8,837.4,0.891
1306,36.068,960,1707,0.68373,0.20211,656.4,345.0,0.999,0.68676,0.19662,659.3,335.6,0.999,0.68598,0.19583,658.5,334.3,0.999,0.68506,0.195,657.7,332.9,1.0,0.69183,0.19809,664.2,338.1,0.999,0.69465,0.19829,666.9,338.5,0.999,0.69748,0.1984,669.6,338.7,1.0,0.69067,0.19625,663.0,335.0,1.0,0.70969,0.19985,681.3,341.1,0.999,0.68464,0.20544,657.3,350.7,0.998,0.68929,0.20739,661.7,354.0,0.997,0.67796,0.20828,650.8,355.5,1.0,0.74808,0.23445,718.2,400.2,1.0,0.60253,0.21658,578.4,369.7,0.76,0.73448,0.25451,705.1,434.4,0.018,0.55762,0.20526,535.3,350.4,0.3,0.72227,0.24355,693.4,415.7,0.039,0.53799,0.20325,516.5,347.0,0.333,0.72723,0.24143,698.1,412.1,0.058,0.54572,0.20072,523.9,342.6,0.335,0.71746,0.23535,688.8,401.7,0.059,0.55411,0.20215,531.9,345.1,0.258,0.71287,0.23698,684.4,404.5,0.057,0.62863,0.28777,603.5,491.2,1.0,0.66627,0.3147,639.6,537.2,1.0,0.51707,0.24546,496.4,419.0,0.674,0.62,0.37923,595.2,647.3,0.905,0.52204,0.30867,501.2,526.9,0.696,0.60014,0.45962,576.1,784.6,0.954,0.54051,0.32132,518.9,548.5,0.857,0.60583,0.46995,581.6,802.2,0.957,0.48456,0.32688,465.2,558.0,0.639,0.56227,0.49058,539.8,837.4,0.888
1307,36.096,960,1707,0.68275,0.20209,655.4,345.0,0.999,0.68619,0.19659,658.7,335.6,0.999,0.68558,0.1958,658.2,334.2,0.999,0.68478,0.19499,657.4,332.8,1.0,0.69093,0.19807,663.3,338.1,0.999,0.69383,0.19829,666.1,338.5,0.999,0.69675,0.19842,668.9,338.7,1.0,0.69062,0.19624,663.0,335.0,1.0,0.7094,0.19989,681.0,341.2,0.999,0.68406,0.20544,656.7,350.7,0.998,0.68839,0.20744,660.9,354.1,0.996,0.67935,0.20816,652.2,355.3,1.0,0.74769,0.23472,717.8,400.7,1.0,0.60265,0.21647,578.5,369.5,0.762,0.73478,0.25347,705.4,432.7,0.017,0.5573,0.20538,535.0,350.6,0.303,0.72245,0.24286,693.6,414.6,0.036,0.53797,0.20325,516.4,346.9,0.336,0.72752,0.23867,698.4,407.4,0.054,0.54521,0.20096,523.4,343.0,0.338,0.71803,0.23363,689.3,398.8,0.054,0.55321,0.20245,531.1,345.6,0.258,0.71339,0.2345,684.9,400.3,0.053,0.62864,0.28777,603.5,491.2,1.0,0.66598,0.31478,639.3,537.3,1.0,0.5179,0.24545,497.2,419.0,0.677,0.62015,0.37984,595.3,648.4,0.906,0.52217,0.30836,501.3,526.4,0.701,0.60009,0.45971,576.1,784.7,0.955,0.54046,0.32123,518.8,548.3,0.858,0.60573,0.47019,581.5,802.6,0.957,0.48502,0.32737,465.6,558.8,0.645,0.56125,0.49058,538.8,837.4,0.891
1308,36.124,960,1707,0.68278,0.20292,655.5,346.4,0.999,0.68619,0.19731,658.7,336.8,0.999,0.68558,0.19645,658.2,335.3,0.999,0.68477,0.19556,657.4,333.8,1.0,0.69098,0.19887,663.3,339.5,0.999,0.69387,0.19909,666.1,339.8,0.999,0.69677,0.19921,668.9,340.0,0.999,0.69061,0.19668,663.0,335.7,1.0,0.7094,0.20069,681.0,342.6,0.999,0.68403,0.20608,656.7,351.8,0.998,0.68833,0.20818,660.8,355.4,0.996,0.68116,0.20818,653.9,355.4,1.0,0.74738,0.23548,717.5,402.0,1.0,0.6043,0.21647,580.1,369.5,0.765,0.73302,0.25419,703.7,433.9,0.016,0.55655,0.20547,534.3,350.7,0.313,0.72012,0.24204,691.3,413.2,0.033,0.5373,0.2032,515.8,346.9,0.346,0.72536,0.23713,696.3,404.8,0.05,0.54386,0.20092,522.1,343.0,0.347,0.71665,0.23223,688.0,396.4,0.05,0.55215,0.20245,530.1,345.6,0.264,0.71182,0.2328,683.3,397.4,0.049,0.62855,0.28777,603.4,491.2,1.0,0.66515,0.31492,638.5,537.6,1.0,0.51975,0.24559,499.0,419.2,0.668,0.62017,0.38131,595.4,650.9,0.904,0.52262,0.30824,501.7,526.2,0.692,0.60009,0.46025,576.1,785.6,0.953,0.54053,0.32112,518.9,548.2,0.851,0.60571,0.47088,581.5,803.8,0.956,0.48664,0.32733,467.2,558.8,0.636,0.56022,0.49039,537.8,837.1,0.887
1309,36.151,960,1707,0.68221,0.20315,654.9,346.8,0.999,0.68594,0.19748,658.5,337.1,0.999,0.68537,0.19659,658.0,335.6,0.999,0.68458,0.19567,657.2,334.0,1.0,0.69068,0.19908,663.0,339.8,0.999,0.6936,0.1993,665.9,340.2,0.999,0.69653,0.19941,668.7,340.4,0.999,0.69055,0.19672,662.9,335.8,1.0,0.70924,0.20079,680.9,342.8,0.999,0.68351,0.20619,656.2,352.0,0.998,0.68783,0.20831,660.3,355.6,0.996,0.68257,0.20817,655.3,355.3,1.0,0.74736,0.23544,717.5,401.9,1.0,0.60464,0.21648,580.5,369.5,0.759,0.73284,0.25511,703.5,435.5,0.015,0.55722,0.20544,534.9,350.7,0.303,0.71903,0.24183,690.3,412.8,0.031,0.53734,0.20284,515.8,346.2,0.338,0.72412,0.23709,695.2,404.7,0.046,0.54518,0.20052,523.4,342.3,0.338,0.71538,0.23223,686.8,396.4,0.047,0.55381,0.20217,531.7,345.1,0.256,0.71059,0.23274,682.2,397.3,0.045,0.62844,0.28775,603.3,491.2,1.0,0.66446,0.31491,637.9,537.6,1.0,0.5193,0.24579,498.5,419.6,0.659,0.6202,0.38146,595.4,651.1,0.9,0.52177,0.3086,500.9,526.8,0.682,0.60012,0.46086,576.1,786.7,0.952,0.53955,0.3216,518.0,549.0,0.844,0.60566,0.47104,581.4,804.1,0.954,0.48632,0.32814,466.9,560.1,0.625,0.55998,0.49038,537.6,837.1,0.883
1310,36.179,960,1707,0.68076,0.2031,653.5,346.7,0.999,0.68529,0.19746,657.9,337.1,0.999,0.68487,0.19658,657.5,335.6,0.999,0.6842,0.19567,656.8,334.0,1.0,0.68976,0.19905,662.2,339.8,0.999,0.69271,0.19928,665.0,340.2,0.999,0.69569,0.1994,667.9,340.4,0.999,0.69049,0.19673,662.9,335.8,1.0,0.70883,0.20078,680.5,342.7,0.999,0.6824,0.20616,655.1,351.9,0.998,0.68653,0.20827,659.1,355.5,0.996,0.68271,0.20817,655.4,355.3,1.0,0.7473,0.2356,717.4,402.2,1.0,0.6048,0.21657,580.6,369.7,0.755,0.73277,0.25572,703.5,436.5,0.015,0.55805,0.2055,535.7,350.8,0.294,0.71917,0.2416,690.4,412.4,0.028,0.53791,0.20281,516.4,346.2,0.329,0.72416,0.23715,695.2,404.8,0.043,0.54689,0.20051,525.0,342.3,0.33,0.71542,0.23234,686.8,396.6,0.043,0.55603,0.2022,533.8,345.1,0.248,0.71064,0.23286,682.2,397.5,0.042,0.62908,0.28762,603.9,491.0,1.0,0.66451,0.31444,637.9,536.7,1.0,0.51916,0.24594,498.4,419.8,0.657,0.6201,0.38117,595.3,650.7,0.9,0.52116,0.30874,500.3,527.0,0.678,0.59997,0.46135,576.0,787.5,0.952,0.53887,0.32208,517.3,549.8,0.841,0.60558,0.47112,581.4,804.2,0.954,0.4841,0.3269,464.7,558.0,0.62,0.55999,0.49078,537.6,837.8,0.883
1311,36.206,960,1707,0.68004,0.20306,652.8,346.6,0.999,0.68475,0.19744,657.4,337.0,0.999,0.68445,0.19658,657.1,335.6,0.999,0.68387,0.19568,656.5,334.0,1.0,0.68912,0.19902,661.6,339.7,0.999,0.69212,0.19925,664.4,340.1,0.999,0.69516,0.19939,667.4,340.4,0.999,0.69044,0.19676,662.8,335.9,1.0,0.70832,0.20077,680.0,342.7,0.999,0.6819,0.20614,654.6,351.9,0.998,0.68607,0.20825,658.6,355.5,0.996,0.68266,0.20824,655.3,355.5,1.0,0.74737,0.23568,717.5,402.3,1.0,0.60542,0.21657,581.2,369.7,0.748,0.73104,0.25557,701.8,436.3,0.014,0.55837,0.20568,536.0,351.1,0.283,0.71888,0.24146,690.1,412.2,0.026,0.53812,0.20284,516.6,346.2,0.318,0.72398,0.23695,695.0,404.5,0.04,0.54737,0.20057,525.5,342.4,0.318,0.71528,0.2322,686.7,396.4,0.04,0.55649,0.20245,534.2,345.6,0.239,0.71049,0.23265,682.1,397.1,0.039,0.62993,0.28745,604.7,490.7,1.0,0.66453,0.31381,637.9,535.7,1.0,0.51935,0.24594,498.6,419.8,0.653,0.62001,0.38089,595.2,650.2,0.9,0.52071,0.30877,499.9,527.1,0.674,0.59983,0.46223,575.8,789.0,0.952,0.53786,0.3221,516.3,549.8,0.838,0.60511,0.47273,580.9,807.0,0.954,0.48369,0.32672,464.3,557.7,0.614,0.56,0.49102,537.6,838.2,0.882
1312,36.234,960,1707,0.67825,0.20316,651.1,346.8,0.999,0.68328,0.19755,655.9,337.2,0.999,0.68317,0.19667,655.8,335.7,0.999,0.68273,0.19577,655.4,334.2,1.0,0.68737,0.1992,659.9,340.0,0.999,0.69041,0.19945,662.8,340.5,0.999,0.69353,0.19961,665.8,340.7,0.999,0.68994,0.19684,662.3,336.0,1.0,0.70715,0.20089,678.9,342.9,0.999,0.68063,0.20616,653.4,351.9,0.998,0.68465,0.20833,657.3,355.6,0.996,0.68256,0.2082,655.3,355.4,1.0,0.74736,0.23597,717.5,402.8,1.0,0.60535,0.21656,581.1,369.7,0.743,0.7294,0.25546,700.2,436.1,0.013,0.55791,0.20592,535.6,351.5,0.276,0.71608,0.24149,687.4,412.2,0.024,0.53801,0.20284,516.5,346.2,0.311,0.7214,0.23707,692.5,404.7,0.037,0.54735,0.20064,525.5,342.5,0.311,0.71341,0.23239,684.9,396.7,0.037,0.55633,0.20257,534.1,345.8,0.232,0.70876,0.23272,680.4,397.3,0.036,0.63041,0.28706,605.2,490.0,1.0,0.66458,0.31311,638.0,534.5,1.0,0.51923,0.24592,498.5,419.8,0.655,0.61998,0.38071,595.2,649.9,0.901,0.52032,0.30895,499.5,527.4,0.677,0.59966,0.46265,575.7,789.7,0.953,0.53713,0.3221,515.6,549.8,0.839,0.60505,0.47286,580.9,807.2,0.955,0.48327,0.32675,463.9,557.8,0.618,0.56,0.49172,537.6,839.4,0.884
1313,36.262,960,1707,0.67806,0.20366,650.9,347.6,0.999,0.68283,0.1981,655.5,338.2,0.999,0.68262,0.19717,655.3,336.6,0.999,0.68211,0.19621,654.8,334.9,1.0,0.68712,0.19988,659.6,341.2,0.999,0.69019,0.20017,662.6,341.7,0.999,0.69331,0.20036,665.6,342.0,0.999,0.68911,0.19724,661.5,336.7,1.0,0.70702,0.2017,678.7,344.3,0.999,0.68032,0.20646,653.1,352.4,0.998,0.68442,0.20873,657.0,356.3,0.995,0.68272,0.20818,655.4,355.4,1.0,0.74734,0.23745,717.4,405.3,1.0,0.60518,0.21653,581.0,369.6,0.741,0.72703,0.25624,697.9,437.4,0.012,0.55671,0.20594,534.4,351.5,0.279,0.7137,0.24156,685.1,412.3,0.022,0.53733,0.20276,515.8,346.1,0.314,0.71944,0.23713,690.7,404.8,0.034,0.54647,0.20061,524.6,342.4,0.314,0.71108,0.23243,682.6,396.8,0.034,0.55501,0.20255,532.8,345.8,0.233,0.70653,0.2328,678.3,397.4,0.033,0.63103,0.28693,605.8,489.8,1.0,0.66461,0.31299,638.0,534.3,1.0,0.51771,0.2457,497.0,419.4,0.656,0.61996,0.3806,595.2,649.7,0.9,0.52034,0.30893,499.5,527.3,0.679,0.59966,0.46304,575.7,790.4,0.952,0.53718,0.32206,515.7,549.7,0.841,0.60505,0.47278,580.8,807.0,0.955,0.48396,0.32873,464.6,561.1,0.626,0.55931,0.49233,536.9,840.4,0.887
1314,36.289,960,1707,0.67714,0.20376,650.1,347.8,0.999,0.68202,0.19822,654.7,338.4,0.999,0.68186,0.1973,654.6,336.8,0.999,0.68135,0.19635,654.1,335.2,0.999,0.68614,0.19997,658.7,341.4,0.999,0.68914,0.20025,661.6,341.8,0.999,0.69221,0.20043,664.5,342.1,0.999,0.68855,0.19736,661.0,336.9,1.0,0.70643,0.20175,678.2,344.4,0.999,0.67952,0.20653,652.3,352.5,0.998,0.68343,0.20879,656.1,356.4,0.995,0.68285,0.20813,655.5,355.3,1.0,0.74732,0.23869,717.4,407.4,1.0,0.60483,0.21648,580.6,369.5,0.723,0.69973,0.26557,671.7,453.3,0.011,0.55617,0.20603,533.9,351.7,0.27,0.6255,0.26032,600.5,444.4,0.021,0.53699,0.20275,515.5,346.1,0.307,0.61586,0.25777,591.2,440.0,0.032,0.54613,0.20064,524.3,342.5,0.305,0.60089,0.2538,576.8,433.2,0.033,0.55451,0.20262,532.3,345.9,0.226,0.60307,0.25409,579.0,433.7,0.032,0.63169,0.28676,606.4,489.5,1.0,0.66464,0.31298,638.1,534.3,1.0,0.51756,0.2457,496.9,419.4,0.657,0.61996,0.38051,595.2,649.5,0.898,0.52093,0.30942,500.1,528.2,0.676,0.5996,0.46333,575.6,790.9,0.949,0.53745,0.32267,516.0,550.8,0.84,0.60502,0.47313,580.8,807.6,0.955,0.48415,0.33076,464.8,564.6,0.629,0.5588,0.49233,536.4,840.4,0.888
1315,36.317,960,1707,0.67608,0.20426,649.0,348.7,0.998,0.68107,0.19881,653.8,339.4,0.999,0.68119,0.19789,653.9,337.8,0.999,0.68088,0.19693,653.6,336.2,0.999,0.6848,0.20053,657.4,342.3,0.999,0.68786,0.20078,660.3,342.7,0.999,0.69091,0.20092,663.3,343.0,0.999,0.68856,0.19798,661.0,338.0,0.999,0.70616,0.20209,677.9,345.0,0.998,0.67905,0.20705,651.9,353.4,0.997,0.68279,0.20925,655.5,357.2,0.995,0.68286,0.20813,655.5,355.3,1.0,0.74755,0.23971,717.7,409.2,1.0,0.60408,0.21647,579.9,369.5,0.696,0.68868,0.26776,661.1,457.1,0.011,0.55561,0.20605,533.4,351.7,0.26,0.60443,0.26403,580.2,450.7,0.02,0.53676,0.20265,515.3,345.9,0.296,0.5916,0.26196,567.9,447.2,0.032,0.54554,0.20064,523.7,342.5,0.293,0.57683,0.25876,553.8,441.7,0.032,0.55361,0.2027,531.5,346.0,0.219,0.5772,0.25417,554.1,433.9,0.031,0.63228,0.28679,607.0,489.5,1.0,0.66468,0.31303,638.1,534.3,1.0,0.51842,0.24763,497.7,422.7,0.631,0.61956,0.38098,594.8,650.3,0.882,0.52344,0.31186,502.5,532.3,0.65,0.59958,0.46178,575.6,788.3,0.937,0.54036,0.32523,518.7,555.2,0.822,0.60497,0.47091,580.8,803.8,0.948,0.4883,0.33456,468.8,571.1,0.609,0.5592,0.49126,536.8,838.6,0.877
1316,36.345,960,1707,0.67576,0.20491,648.7,349.8,0.998,0.68059,0.19955,653.4,340.6,0.999,0.68084,0.19862,653.6,339.1,0.999,0.68064,0.19768,653.4,337.4,0.999,0.68423,0.20121,656.9,343.5,0.999,0.68733,0.2014,659.8,343.8,0.999,0.69042,0.20149,662.8,343.9,0.999,0.68859,0.19858,661.0,339.0,0.999,0.7061,0.20253,677.9,345.7,0.998,0.67895,0.20767,651.8,354.5,0.997,0.68273,0.20975,655.4,358.0,0.995,0.68301,0.20813,655.7,355.3,1.0,0.74782,0.24005,717.9,409.8,1.0,0.60333,0.21644,579.2,369.5,0.687,0.68558,0.26809,658.2,457.6,0.01,0.55532,0.20609,533.1,351.8,0.267,0.60137,0.26266,577.3,448.4,0.021,0.53665,0.20264,515.2,345.9,0.303,0.58903,0.25982,565.5,443.5,0.033,0.54514,0.20064,523.3,342.5,0.3,0.5744,0.25635,551.4,437.6,0.033,0.55276,0.20274,530.7,346.1,0.225,0.57736,0.25591,554.3,436.8,0.032,0.63288,0.28682,607.6,489.6,1.0,0.66488,0.31325,638.3,534.7,1.0,0.51941,0.24918,498.6,425.3,0.625,0.6194,0.38139,594.6,651.0,0.877,0.52417,0.31268,503.2,533.7,0.645,0.59945,0.46035,575.5,785.8,0.932,0.54038,0.32597,518.8,556.4,0.822,0.60461,0.47009,580.4,802.4,0.946,0.4907,0.33435,471.1,570.7,0.61,0.55935,0.49095,537.0,838.1,0.875
1317,36.372,960,1707,0.67553,0.20499,648.5,349.9,0.999,0.68035,0.19968,653.1,340.8,0.999,0.68065,0.19876,653.4,339.3,0.999,0.6805,0.19784,653.3,337.7,0.999,0.68402,0.20128,656.7,343.6,0.999,0.68714,0.20144,659.7,343.9,0.999,0.69022,0.20152,662.6,344.0,0.999,0.6886,0.19867,661.1,339.1,0.999,0.70585,0.20252,677.6,345.7,0.998,0.67878,0.20773,651.6,354.6,0.997,0.68263,0.20977,655.3,358.1,0.995,0.68311,0.20813,655.8,355.3,1.0,0.74842,0.23987,718.5,409.5,1.0,0.60333,0.21644,579.2,369.5,0.69,0.68438,0.26664,657.0,455.1,0.01,0.55533,0.2061,533.1,351.8,0.285,0.6022,0.26164,578.1,446.6,0.021,0.53665,0.20258,515.2,345.8,0.322,0.5905,0.2589,566.9,441.9,0.034,0.54505,0.2006,523.2,342.4,0.318,0.57681,0.25542,553.7,436.0,0.035,0.55265,0.20273,530.5,346.1,0.239,0.57955,0.25578,556.4,436.6,0.034,0.63338,0.28682,608.0,489.6,1.0,0.66494,0.31329,638.3,534.8,1.0,0.51942,0.24976,498.6,426.3,0.633,0.61921,0.38132,594.4,650.9,0.879,0.52486,0.31249,503.9,533.4,0.654,0.59942,0.45914,575.4,783.8,0.931,0.54059,0.32575,519.0,556.1,0.828,0.60465,0.46906,580.5,800.7,0.947,0.49054,0.33374,470.9,569.7,0.623,0.55951,0.49058,537.1,837.4,0.878
1318,36.4,960,1707,0.6749,0.20499,647.9,349.9,0.999,0.67995,0.19974,652.7,341.0,0.999,0.6803,0.19885,653.1,339.4,0.999,0.6802,0.19796,653.0,337.9,0.999,0.68372,0.20127,656.4,343.6,0.999,0.68687,0.20142,659.4,343.8,0.999,0.68992,0.20148,662.3,343.9,0.999,0.68855,0.19873,661.0,339.2,0.999,0.70528,0.2025,677.1,345.7,0.998,0.67833,0.20773,651.2,354.6,0.997,0.68228,0.20975,655.0,358.0,0.995,0.68271,0.20813,655.4,355.3,1.0,0.74922,0.23975,719.2,409.2,1.0,0.60272,0.21652,578.6,369.6,0.7,0.6881,0.26599,660.6,454.0,0.01,0.55533,0.20608,533.1,351.8,0.308,0.61403,0.26343,589.5,449.7,0.022,0.53667,0.20248,515.2,345.6,0.345,0.6045,0.26133,580.3,446.1,0.035,0.54506,0.20044,523.3,342.2,0.34,0.59151,0.25784,567.8,440.1,0.036,0.55265,0.20263,530.5,345.9,0.258,0.5932,0.2582,569.5,440.8,0.036,0.63345,0.28683,608.1,489.6,1.0,0.66513,0.3133,638.5,534.8,1.0,0.5183,0.25029,497.6,427.2,0.647,0.6192,0.3811,594.4,650.5,0.885,0.52538,0.31235,504.4,533.2,0.666,0.59944,0.45863,575.5,782.9,0.933,0.54087,0.3256,519.2,555.8,0.835,0.60465,0.46857,580.5,799.9,0.95,0.49051,0.33336,470.9,569.0,0.638,0.55958,0.4905,537.2,837.3,0.883
1319,36.427,960,1707,0.675,0.20525,648.0,350.4,0.999,0.67995,0.20003,652.8,341.4,0.999,0.68028,0.19914,653.1,339.9,0.999,0.68018,0.19824,653.0,338.4,0.999,0.6838,0.2015,656.5,344.0,0.999,0.68696,0.2016,659.5,344.1,0.999,0.69001,0.20162,662.4,344.2,0.999,0.68855,0.19894,661.0,339.6,0.999,0.70529,0.20258,677.1,345.8,0.998,0.67834,0.20793,651.2,354.9,0.997,0.68233,0.20986,655.0,358.2,0.996,0.68284,0.20813,655.5,355.3,1.0,0.75005,0.23964,720.1,409.1,1.0,0.60272,0.21653,578.6,369.6,0.695,0.68064,0.26553,653.4,453.3,0.01,0.55526,0.20608,533.0,351.8,0.313,0.59308,0.26136,569.4,446.1,0.022,0.53665,0.20245,515.2,345.6,0.351,0.58003,0.2607,556.8,445.0,0.036,0.54503,0.2004,523.2,342.1,0.346,0.56576,0.25617,543.1,437.3,0.036,0.55261,0.20259,530.5,345.8,0.263,0.56911,0.25551,546.3,436.1,0.036,0.63379,0.28683,608.4,489.6,1.0,0.66562,0.31332,639.0,534.8,1.0,0.51751,0.25106,496.8,428.6,0.645,0.61918,0.38096,594.4,650.3,0.882,0.52567,0.31228,504.6,533.1,0.664,0.59952,0.45805,575.5,781.9,0.931,0.54106,0.32557,519.4,555.7,0.835,0.6046,0.46787,580.4,798.6,0.949,0.4902,0.33326,470.6,568.9,0.642,0.56036,0.48984,537.9,836.2,0.885
1320,36.455,960,1707,0.67495,0.20539,648.0,350.6,0.999,0.67972,0.20027,652.5,341.9,0.999,0.68004,0.19939,652.8,340.4,0.999,0.67997,0.1985,652.8,338.8,0.999,0.68368,0.20168,656.3,344.3,0.999,0.68684,0.20178,659.4,344.4,0.999,0.68987,0.20176,662.3,344.4,0.999,0.68855,0.19914,661.0,339.9,0.999,0.70529,0.20269,677.1,346.0,0.998,0.67828,0.20805,651.1,355.1,0.997,0.68228,0.20994,655.0,358.4,0.996,0.68424,0.20814,656.9,355.3,1.0,0.75017,0.23989,720.2,409.5,1.0,0.60321,0.21652,579.1,369.6,0.69,0.67983,0.26507,652.6,452.5,0.009,0.55535,0.20608,533.1,351.8,0.314,0.59233,0.25981,568.6,443.5,0.022,0.53672,0.20244,515.3,345.6,0.354,0.57932,0.25896,556.1,442.0,0.036,0.54518,0.20039,523.4,342.1,0.348,0.56504,0.25433,542.4,434.1,0.037,0.55289,0.20259,530.8,345.8,0.264,0.56834,0.25216,545.6,430.4,0.037,0.63464,0.28687,609.3,489.7,1.0,0.66603,0.31346,639.4,535.1,1.0,0.51746,0.25113,496.8,428.7,0.643,0.61917,0.38091,594.4,650.2,0.88,0.52562,0.3121,504.6,532.8,0.664,0.59955,0.45784,575.6,781.5,0.929,0.54099,0.32538,519.4,555.4,0.835,0.60455,0.46762,580.4,798.2,0.949,0.48944,0.33292,469.9,568.3,0.647,0.56093,0.48912,538.5,834.9,0.886
1321,36.483,960,1707,0.675,0.20543,648.0,350.7,0.999,0.67973,0.20034,652.5,342.0,0.999,0.68004,0.19947,652.8,340.5,0.999,0.67997,0.19858,652.8,339.0,0.999,0.68372,0.20175,656.4,344.4,0.999,0.68687,0.20185,659.4,344.6,0.999,0.68988,0.20182,662.3,344.5,0.999,0.68857,0.19919,661.0,340.0,0.999,0.70522,0.20274,677.0,346.1,0.998,0.67823,0.20808,651.1,355.2,0.997,0.68224,0.20995,654.9,358.4,0.996,0.68499,0.20814,657.6,355.3,1.0,0.75015,0.23986,720.1,409.4,1.0,0.60327,0.2165,579.1,369.6,0.691,0.69424,0.26666,666.5,455.2,0.009,0.55577,0.20597,533.5,351.6,0.317,0.62265,0.26107,597.7,445.6,0.021,0.53723,0.20231,515.7,345.3,0.357,0.6141,0.25901,589.5,442.1,0.034,0.54593,0.20022,524.1,341.8,0.351,0.59867,0.25477,574.7,434.9,0.035,0.55343,0.20243,531.3,345.5,0.266,0.60082,0.25427,576.8,434.0,0.035,0.63551,0.28691,610.1,489.8,1.0,0.66654,0.31349,639.9,535.1,1.0,0.51749,0.25097,496.8,428.4,0.648,0.61918,0.38073,594.4,649.9,0.883,0.52554,0.31182,504.5,532.3,0.67,0.59955,0.45793,575.6,781.7,0.931,0.54082,0.32531,519.2,555.3,0.837,0.60437,0.46783,580.2,798.6,0.95,0.48938,0.33214,469.8,567.0,0.651,0.56086,0.48917,538.4,835.0,0.887
1322,36.51,960,1707,0.67522,0.20564,648.2,351.0,0.999,0.67981,0.20063,652.6,342.5,0.999,0.6801,0.19976,652.9,341.0,0.999,0.68002,0.19888,652.8,339.5,0.999,0.68384,0.20202,656.5,344.8,0.999,0.68695,0.2021,659.5,345.0,0.999,0.68993,0.20207,662.3,344.9,0.999,0.68866,0.1994,661.1,340.4,0.999,0.70522,0.20292,677.0,346.4,0.998,0.67828,0.20824,651.2,355.5,0.997,0.68231,0.21007,655.0,358.6,0.996,0.68564,0.20816,658.2,355.3,1.0,0.75012,0.23981,720.1,409.4,1.0,0.60326,0.21647,579.1,369.5,0.684,0.69019,0.26672,662.6,455.3,0.009,0.55614,0.20597,533.9,351.6,0.317,0.6083,0.26119,584.0,445.9,0.021,0.53783,0.20221,516.3,345.2,0.357,0.5969,0.25857,573.0,441.4,0.034,0.54668,0.20022,524.8,341.8,0.351,0.58178,0.25443,558.5,434.3,0.035,0.55409,0.20244,531.9,345.6,0.266,0.58463,0.25466,561.2,434.7,0.035,0.63632,0.28687,610.9,489.7,1.0,0.66694,0.31349,640.3,535.1,1.0,0.51712,0.2511,496.4,428.6,0.642,0.6192,0.38072,594.4,649.9,0.882,0.52535,0.31166,504.3,532.0,0.666,0.59948,0.45894,575.5,783.4,0.929,0.54071,0.32529,519.1,555.3,0.837,0.60399,0.46812,579.8,799.1,0.95,0.48928,0.33163,469.7,566.1,0.65,0.56072,0.4895,538.3,835.6,0.887
1323,36.538,960,1707,0.67554,0.20581,648.5,351.3,0.999,0.68006,0.20082,652.9,342.8,0.999,0.68035,0.19994,653.1,341.3,0.999,0.68027,0.19905,653.1,339.8,0.999,0.684,0.20217,656.6,345.1,0.999,0.68705,0.20222,659.6,345.2,0.999,0.68997,0.20216,662.4,345.1,0.999,0.68899,0.19949,661.4,340.5,0.999,0.70516,0.20291,677.0,346.4,0.998,0.67848,0.20834,651.3,355.6,0.997,0.68244,0.21012,655.1,358.7,0.995,0.68596,0.20821,658.5,355.4,1.0,0.75029,0.23948,720.3,408.8,1.0,0.60396,0.21644,579.8,369.5,0.677,0.68767,0.26662,660.2,455.1,0.008,0.55626,0.20588,534.0,351.4,0.315,0.60718,0.26137,582.9,446.2,0.021,0.53809,0.20183,516.6,344.5,0.356,0.596,0.25873,572.2,441.7,0.034,0.54691,0.19997,525.0,341.3,0.349,0.58194,0.25476,558.7,434.9,0.035,0.55427,0.20224,532.1,345.2,0.265,0.58462,0.25527,561.2,435.7,0.035,0.63625,0.28685,610.8,489.7,1.0,0.66692,0.31369,640.2,535.5,1.0,0.51714,0.251,496.5,428.5,0.638,0.61936,0.38069,594.6,649.8,0.881,0.52466,0.31111,503.7,531.1,0.666,0.59955,0.45924,575.6,783.9,0.927,0.54003,0.32451,518.4,553.9,0.838,0.60402,0.46841,579.9,799.6,0.949,0.48857,0.33041,469.0,564.0,0.652,0.56072,0.48967,538.3,835.9,0.887
1324,36.565,960,1707,0.67555,0.20594,648.5,351.5,0.998,0.68005,0.20097,652.8,343.1,0.999,0.68036,0.20009,653.1,341.6,0.999,0.68028,0.1992,653.1,340.0,0.999,0.68391,0.20228,656.5,345.3,0.999,0.6869,0.20231,659.4,345.3,0.999,0.68976,0.20221,662.2,345.2,0.999,0.68913,0.19954,661.6,340.6,0.999,0.70476,0.20289,676.6,346.3,0.998,0.67848,0.20839,651.3,355.7,0.997,0.68238,0.21013,655.1,358.7,0.995,0.68593,0.20825,658.5,355.5,1.0,0.75049,0.23899,720.5,407.9,1.0,0.6039,0.21644,579.7,369.5,0.671,0.68211,0.26658,654.8,455.1,0.008,0.55626,0.2058,534.0,351.3,0.312,0.5963,0.26062,572.5,444.9,0.022,0.53811,0.20161,516.6,344.1,0.354,0.58355,0.25749,560.2,439.5,0.036,0.547,0.19967,525.1,340.8,0.347,0.56952,0.25373,546.7,433.1,0.037,0.55432,0.20192,532.2,344.7,0.263,0.57071,0.24967,547.9,426.2,0.037,0.63613,0.28685,610.7,489.6,1.0,0.66683,0.31374,640.2,535.6,1.0,0.51727,0.25092,496.6,428.3,0.634,0.61956,0.38053,594.8,649.6,0.878,0.5246,0.31073,503.6,530.4,0.665,0.59959,0.45925,575.6,783.9,0.925,0.53997,0.32427,518.4,553.5,0.836,0.60408,0.46843,579.9,799.6,0.949,0.48825,0.32986,468.7,563.1,0.656,0.56089,0.48968,538.5,835.9,0.888
1325,36.593,960,1707,0.67564,0.20622,648.6,352.0,0.999,0.68011,0.20118,652.9,343.4,0.999,0.68047,0.2003,653.3,341.9,0.999,0.68046,0.19942,653.2,340.4,0.999,0.68392,0.20246,656.6,345.6,0.999,0.68691,0.20246,659.4,345.6,0.999,0.68978,0.20234,662.2,345.4,0.999,0.6895,0.1998,661.9,341.1,0.999,0.70476,0.2029,676.6,346.3,0.998,0.6787,0.20866,651.5,356.2,0.997,0.68253,0.21034,655.2,359.0,0.996,0.68588,0.20833,658.4,355.6,1.0,0.75195,0.2389,721.9,407.8,1.0,0.60341,0.21644,579.3,369.5,0.672,0.72215,0.26461,693.3,451.7,0.008,0.55625,0.20579,534.0,351.3,0.308,0.70551,0.2471,677.3,421.8,0.02,0.5382,0.20151,516.7,344.0,0.35,0.70994,0.24212,681.5,413.3,0.033,0.5472,0.19957,525.3,340.7,0.344,0.70134,0.23694,673.3,404.4,0.034,0.55444,0.20184,532.3,344.5,0.26,0.69739,0.23721,669.5,404.9,0.034,0.63592,0.28685,610.5,489.7,1.0,0.66676,0.31384,640.1,535.7,1.0,0.51739,0.25083,496.7,428.2,0.64,0.61965,0.38019,594.9,649.0,0.883,0.52446,0.31034,503.5,529.8,0.677,0.59969,0.45926,575.7,784.0,0.929,0.53981,0.32376,518.2,552.7,0.841,0.60408,0.46861,579.9,799.9,0.951,0.48759,0.32781,468.1,559.6,0.664,0.56102,0.4897,538.6,835.9,0.891
1326,36.621,960,1707,0.67566,0.20629,648.6,352.1,0.999,0.68013,0.2013,652.9,343.6,0.999,0.68048,0.20045,653.3,342.2,0.999,0.68047,0.1996,653.3,340.7,0.999,0.68391,0.20251,656.6,345.7,0.999,0.68687,0.20247,659.4,345.6,0.999,0.6897,0.20233,662.1,345.4,0.999,0.68954,0.20002,662.0,341.4,0.999,0.70468,0.20287,676.5,346.3,0.998,0.67874,0.20875,651.6,356.3,0.997,0.68254,0.21035,655.2,359.1,0.996,0.68575,0.20842,658.3,355.8,1.0,0.75254,0.23889,722.4,407.8,1.0,0.60321,0.21657,579.1,369.7,0.675,0.73239,0.26239,703.1,447.9,0.008,0.55622,0.20583,534.0,351.3,0.305,0.72552,0.24376,696.5,416.1,0.019,0.53838,0.20156,516.8,344.1,0.347,0.73208,0.23925,702.8,408.4,0.031,0.54728,0.19965,525.4,340.8,0.342,0.72428,0.23405,695.3,399.5,0.032,0.55444,0.20196,532.3,344.8,0.257,0.71957,0.23467,690.8,400.6,0.032,0.63506,0.28679,609.7,489.5,1.0,0.66676,0.31389,640.1,535.8,1.0,0.51787,0.24975,497.2,426.3,0.637,0.61969,0.38004,594.9,648.7,0.886,0.52445,0.30981,503.5,528.8,0.674,0.5997,0.45946,575.7,784.3,0.932,0.53976,0.32306,518.2,551.5,0.839,0.60364,0.46864,579.5,800.0,0.951,0.48704,0.32721,467.6,558.6,0.659,0.56132,0.48981,538.9,836.1,0.892
1327,36.648,960,1707,0.67632,0.20635,649.3,352.2,0.999,0.68046,0.20136,653.2,343.7,0.999,0.68074,0.20052,653.5,342.3,0.999,0.68068,0.19968,653.5,340.9,0.999,0.68426,0.20252,656.9,345.7,0.999,0.68715,0.20248,659.7,345.6,0.999,0.68991,0.20233,662.3,345.4,0.999,0.68962,0.20018,662.0,341.7,0.999,0.70476,0.20287,676.6,346.3,0.998,0.6794,0.20883,652.2,356.5,0.997,0.68316,0.21037,655.8,359.1,0.996,0.68571,0.20846,658.3,355.8,1.0,0.75316,0.23888,723.0,407.8,1.0,0.60308,0.21673,579.0,370.0,0.678,0.73054,0.26157,701.3,446.5,0.008,0.55602,0.20588,533.8,351.4,0.302,0.71932,0.24341,690.5,415.5,0.017,0.53846,0.20163,516.9,344.2,0.343,0.72467,0.23916,695.7,408.2,0.029,0.54728,0.19982,525.4,341.1,0.339,0.71707,0.23418,688.4,399.7,0.03,0.55428,0.20222,532.1,345.2,0.254,0.71273,0.23476,684.2,400.7,0.03,0.63479,0.2868,609.4,489.6,1.0,0.66683,0.31401,640.2,536.0,1.0,0.51904,0.24953,498.3,426.0,0.639,0.6197,0.38003,594.9,648.7,0.89,0.52443,0.3096,503.5,528.5,0.675,0.59971,0.45972,575.7,784.7,0.936,0.53967,0.32268,518.1,550.8,0.837,0.60351,0.46872,579.4,800.1,0.952,0.48708,0.32582,467.6,556.2,0.656,0.5612,0.48981,538.8,836.1,0.894
1328,36.676,960,1707,0.67634,0.20634,649.3,352.2,0.999,0.68046,0.20135,653.2,343.7,0.999,0.68075,0.20051,653.5,342.3,0.999,0.68068,0.19967,653.5,340.8,0.999,0.68427,0.20252,656.9,345.7,0.999,0.68716,0.20247,659.7,345.6,0.999,0.68992,0.20233,662.3,345.4,0.999,0.68963,0.20019,662.0,341.7,0.999,0.70477,0.20287,676.6,346.3,0.998,0.67943,0.20883,652.3,356.5,0.998,0.68318,0.21036,655.9,359.1,0.996,0.68564,0.20846,658.2,355.8,1.0,0.75355,0.23837,723.4,406.9,1.0,0.60292,0.21684,578.8,370.1,0.683,0.73238,0.25878,703.1,441.7,0.008,0.556,0.20591,533.8,351.5,0.298,0.72751,0.2429,698.4,414.6,0.016,0.53865,0.20167,517.1,344.3,0.338,0.73464,0.23924,705.3,408.4,0.028,0.54727,0.19994,525.4,341.3,0.335,0.728,0.2342,698.9,399.8,0.029,0.55425,0.2024,532.1,345.5,0.251,0.72292,0.23461,694.0,400.5,0.028,0.63477,0.28683,609.4,489.6,1.0,0.66733,0.31403,640.6,536.1,1.0,0.51937,0.24947,498.6,425.8,0.641,0.61972,0.37996,594.9,648.6,0.894,0.52441,0.30882,503.4,527.1,0.674,0.59975,0.45971,575.8,784.7,0.938,0.53913,0.3222,517.6,550.0,0.837,0.60352,0.46875,579.4,800.2,0.954,0.4873,0.325,467.8,554.8,0.653,0.56118,0.48982,538.7,836.1,0.895
1329,36.704,960,1707,0.67616,0.20625,649.1,352.1,0.999,0.68025,0.20131,653.0,343.6,0.999,0.68062,0.20048,653.4,342.2,0.999,0.68059,0.19965,653.4,340.8,0.999,0.68376,0.20246,656.4,345.6,0.999,0.68658,0.20241,659.1,345.5,0.999,0.68925,0.20226,661.7,345.3,0.999,0.68955,0.20019,662.0,341.7,0.999,0.70396,0.20279,675.8,346.2,0.999,0.6794,0.20876,652.2,356.4,0.998,0.68305,0.21021,655.7,358.8,0.996,0.68555,0.20847,658.1,355.9,1.0,0.7535,0.23732,723.4,405.1,1.0,0.60278,0.21716,578.7,370.7,0.681,0.73412,0.25702,704.8,438.7,0.008,0.556,0.20591,533.8,351.5,0.29,0.72427,0.24236,695.3,413.7,0.015,0.53881,0.20171,517.3,344.3,0.33,0.73043,0.23846,701.2,407.1,0.027,0.54738,0.20004,525.5,341.5,0.327,0.72278,0.2335,693.9,398.6,0.027,0.55425,0.20245,532.1,345.6,0.244,0.71823,0.23404,689.5,399.5,0.027,0.63506,0.28686,609.7,489.7,1.0,0.66856,0.31404,641.8,536.1,1.0,0.51953,0.24947,498.7,425.8,0.637,0.61975,0.37964,595.0,648.0,0.895,0.52445,0.30822,503.5,526.1,0.667,0.59983,0.4596,575.8,784.5,0.94,0.53955,0.32118,518.0,548.2,0.834,0.60358,0.46867,579.4,800.0,0.954,0.48723,0.3243,467.7,553.6,0.644,0.56116,0.48982,538.7,836.1,0.894
1330,36.731,960,1707,0.67585,0.20603,648.8,351.7,0.999,0.68006,0.20117,652.9,343.4,0.999,0.68052,0.2004,653.3,342.1,0.999,0.68055,0.19961,653.3,340.7,0.999,0.68311,0.20223,655.8,345.2,0.999,0.6857,0.20215,658.3,345.1,0.999,0.68805,0.20196,660.5,344.7,0.999,0.68962,0.20014,662.0,341.6,0.999,0.70295,0.20242,674.8,345.5,0.999,0.67931,0.20861,652.1,356.1,0.998,0.68249,0.20986,655.2,358.2,0.996,0.68552,0.20848,658.1,355.9,1.0,0.75302,0.23702,722.9,404.6,1.0,0.60227,0.21738,578.2,371.1,0.674,0.73012,0.25761,700.9,439.7,0.008,0.55604,0.20586,533.8,351.4,0.279,0.71808,0.24108,689.4,411.5,0.015,0.53906,0.2017,517.5,344.3,0.318,0.72366,0.23663,694.7,403.9,0.025,0.54766,0.20004,525.8,341.5,0.316,0.71575,0.23158,687.1,395.3,0.026,0.55436,0.20244,532.2,345.6,0.235,0.71143,0.23232,683.0,396.6,0.025,0.63518,0.28681,609.8,489.6,1.0,0.66915,0.31401,642.4,536.0,1.0,0.51934,0.24946,498.6,425.8,0.627,0.61982,0.37915,595.0,647.2,0.894,0.52448,0.30824,503.5,526.2,0.656,0.59984,0.45952,575.8,784.4,0.941,0.53954,0.3212,518.0,548.3,0.828,0.60321,0.46869,579.1,800.0,0.953,0.48725,0.32467,467.8,554.2,0.632,0.56117,0.48979,538.7,836.1,0.892
1331,36.759,960,1707,0.67563,0.20582,648.6,351.3,0.999,0.67977,0.20104,652.6,343.2,0.999,0.68032,0.20031,653.1,341.9,0.999,0.68043,0.19956,653.2,340.7,0.999,0.6824,0.20203,655.1,344.9,0.999,0.68481,0.20196,657.4,344.7,0.999,0.68703,0.20175,659.5,344.4,0.999,0.68959,0.20004,662.0,341.5,0.999,0.70199,0.20207,673.9,344.9,0.999,0.67921,0.20847,652.0,355.9,0.998,0.68207,0.2096,654.8,357.8,0.996,0.68532,0.20848,657.9,355.9,1.0,0.75289,0.23615,722.8,403.1,1.0,0.60184,0.21754,577.8,371.3,0.671,0.73091,0.25794,701.7,440.3,0.008,0.55615,0.20582,533.9,351.3,0.271,0.71968,0.24158,690.9,412.4,0.014,0.53916,0.20165,517.6,344.2,0.311,0.72494,0.23731,695.9,405.1,0.025,0.54775,0.20003,525.8,341.4,0.309,0.71676,0.2323,688.1,396.5,0.025,0.55445,0.20243,532.3,345.5,0.23,0.71256,0.23302,684.1,397.8,0.025,0.63559,0.28687,610.2,489.7,1.0,0.66969,0.31412,642.9,536.2,1.0,0.51883,0.24926,498.1,425.5,0.625,0.61983,0.37895,595.0,646.9,0.896,0.52464,0.30833,503.7,526.3,0.652,0.6,0.45917,576.0,783.8,0.942,0.53966,0.32141,518.1,548.6,0.826,0.60388,0.4684,579.7,799.6,0.954,0.4872,0.32479,467.7,554.4,0.626,0.56119,0.48968,538.7,835.9,0.892
1332,36.786,960,1707,0.67577,0.20573,648.7,351.2,0.999,0.6799,0.20102,652.7,343.1,0.999,0.68052,0.2003,653.3,341.9,0.999,0.68069,0.19956,653.5,340.6,0.999,0.68241,0.20194,655.1,344.7,0.999,0.68486,0.20183,657.5,344.5,0.999,0.68711,0.20158,659.6,344.1,0.999,0.68994,0.20003,662.3,341.4,0.999,0.70203,0.20189,673.9,344.6,0.999,0.67956,0.20845,652.4,355.8,0.998,0.68217,0.20947,654.9,357.6,0.997,0.6853,0.20848,657.9,355.9,1.0,0.75256,0.23517,722.5,401.4,1.0,0.60157,0.21776,577.5,371.7,0.666,0.73144,0.25792,702.2,440.3,0.008,0.55618,0.20587,533.9,351.4,0.262,0.71842,0.2415,689.7,412.2,0.014,0.53922,0.20167,517.7,344.2,0.301,0.72311,0.23723,694.2,405.0,0.024,0.54794,0.20003,526.0,341.5,0.301,0.71448,0.23237,685.9,396.7,0.024,0.5546,0.20244,532.4,345.6,0.223,0.71039,0.23313,682.0,398.0,0.024,0.63663,0.2869,611.2,489.7,1.0,0.67057,0.31412,643.7,536.2,1.0,0.51895,0.24925,498.2,425.5,0.621,0.62002,0.37876,595.2,646.6,0.896,0.52514,0.30872,504.1,527.0,0.65,0.60005,0.45917,576.0,783.8,0.943,0.53999,0.32214,518.4,549.9,0.827,0.60399,0.46853,579.8,799.8,0.954,0.48707,0.32497,467.6,554.7,0.623,0.56101,0.48972,538.6,836.0,0.891
1333,36.814,960,1707,0.67602,0.2056,649.0,351.0,0.999,0.68016,0.20091,653.0,343.0,0.999,0.68082,0.20024,653.6,341.8,0.999,0.68102,0.19953,653.8,340.6,0.999,0.68254,0.20178,655.2,344.4,0.999,0.68491,0.20167,657.5,344.2,0.999,0.68716,0.20141,659.7,343.8,0.999,0.69055,0.20002,662.9,341.4,0.999,0.70205,0.20183,674.0,344.5,0.999,0.67998,0.20841,652.8,355.8,0.998,0.68239,0.20935,655.1,357.4,0.997,0.68525,0.20848,657.8,355.9,1.0,0.75249,0.23524,722.4,401.6,1.0,0.6014,0.21781,577.3,371.8,0.659,0.73035,0.25853,701.1,441.3,0.008,0.55683,0.20591,534.6,351.5,0.253,0.71394,0.24165,685.4,412.5,0.013,0.53979,0.20167,518.2,344.2,0.292,0.71774,0.23734,689.0,405.1,0.023,0.54925,0.20004,527.3,341.5,0.292,0.7088,0.23247,680.4,396.8,0.024,0.55633,0.20245,534.1,345.6,0.217,0.7051,0.23359,676.9,398.7,0.023,0.63778,0.28714,612.3,490.2,1.0,0.67231,0.31413,645.4,536.2,1.0,0.51973,0.24919,498.9,425.4,0.631,0.62011,0.37843,595.3,646.0,0.901,0.52513,0.30951,504.1,528.3,0.66,0.60022,0.45954,576.2,784.4,0.947,0.53996,0.32321,518.4,551.7,0.832,0.60514,0.46946,580.9,801.4,0.956,0.48571,0.32505,466.3,554.9,0.63,0.5601,0.48982,537.7,836.1,0.895
1334,36.842,960,1707,0.67602,0.2056,649.0,351.0,0.999,0.68017,0.20095,653.0,343.0,0.999,0.68087,0.20033,653.6,342.0,0.999,0.68116,0.19969,653.9,340.9,0.999,0.6825,0.20178,655.2,344.4,0.999,0.68479,0.20166,657.4,344.2,0.999,0.68689,0.20138,659.4,343.8,0.999,0.69127,0.20036,663.6,342.0,1.0,0.70208,0.20185,674.0,344.6,0.999,0.68035,0.2085,653.1,355.9,0.998,0.68243,0.20937,655.1,357.4,0.997,0.68527,0.20849,657.9,355.9,1.0,0.75223,0.23538,722.1,401.8,1.0,0.60131,0.21783,577.3,371.8,0.644,0.73283,0.25861,703.5,441.4,0.008,0.55752,0.20592,535.2,351.5,0.239,0.71498,0.24098,686.4,411.4,0.012,0.54029,0.20173,518.7,344.4,0.276,0.71843,0.23589,689.7,402.7,0.022,0.54964,0.20008,527.7,341.5,0.276,0.70889,0.23167,680.5,395.5,0.022,0.55701,0.2025,534.7,345.7,0.205,0.70542,0.23293,677.2,397.6,0.022,0.63893,0.28717,613.4,490.2,1.0,0.67419,0.31413,647.2,536.2,1.0,0.52,0.24875,499.2,424.6,0.628,0.62017,0.37798,595.4,645.2,0.901,0.52588,0.3109,504.8,530.7,0.655,0.6004,0.45912,576.4,783.7,0.948,0.53985,0.32693,518.3,558.1,0.83,0.60539,0.46955,581.2,801.5,0.957,0.48589,0.32852,466.5,560.8,0.621,0.56026,0.48973,537.9,836.0,0.895
1335,36.869,960,1707,0.67525,0.20534,648.2,350.5,0.999,0.67975,0.20074,652.6,342.7,0.999,0.68065,0.20019,653.4,341.7,0.999,0.68107,0.19961,653.8,340.7,1.0,0.6815,0.20133,654.2,343.7,0.999,0.68393,0.20119,656.6,343.4,0.999,0.68587,0.20086,658.4,342.9,1.0,0.69134,0.20018,663.7,341.7,1.0,0.70189,0.20159,673.8,344.1,0.999,0.68009,0.2083,652.9,355.6,0.998,0.68214,0.20912,654.9,357.0,0.997,0.686,0.20851,658.6,355.9,1.0,0.75196,0.23552,721.9,402.0,1.0,0.60158,0.21784,577.5,371.9,0.653,0.71077,0.26072,682.3,445.1,0.008,0.55795,0.20592,535.6,351.5,0.248,0.6366,0.25214,611.1,430.4,0.013,0.54045,0.20177,518.8,344.4,0.285,0.62573,0.24806,600.7,423.4,0.023,0.54963,0.20008,527.6,341.5,0.285,0.61041,0.24572,586.0,419.5,0.024,0.55698,0.20248,534.7,345.6,0.213,0.61276,0.24692,588.3,421.5,0.023,0.63997,0.28733,614.4,490.5,1.0,0.67445,0.31419,647.5,536.3,1.0,0.52062,0.24864,499.8,424.4,0.65,0.62064,0.37785,595.8,645.0,0.908,0.52589,0.31086,504.9,530.6,0.674,0.60045,0.45949,576.4,784.4,0.952,0.53984,0.32656,518.2,557.4,0.838,0.6057,0.47033,581.5,802.9,0.96,0.48528,0.32677,465.9,557.8,0.637,0.56023,0.48974,537.8,836.0,0.902
1336,36.897,960,1707,0.6767,0.20544,649.6,350.7,0.999,0.6804,0.2008,653.2,342.8,0.999,0.68158,0.20028,654.3,341.9,0.999,0.68221,0.19973,654.9,340.9,0.999,0.68202,0.20138,654.7,343.8,0.999,0.68425,0.20122,656.9,343.5,0.999,0.68663,0.20092,659.2,343.0,0.999,0.69425,0.20046,666.5,342.2,1.0,0.70724,0.20232,678.9,345.4,0.999,0.68329,0.20851,656.0,355.9,0.998,0.6858,0.20949,658.4,357.6,0.997,0.68722,0.20865,659.7,356.2,1.0,0.75289,0.23636,722.8,403.5,1.0,0.60303,0.21801,578.9,372.1,0.653,0.71266,0.26929,684.2,459.7,0.008,0.55756,0.20601,535.3,351.7,0.244,0.65592,0.2683,629.7,458.0,0.013,0.53918,0.20201,517.6,344.8,0.28,0.64937,0.26717,623.4,456.1,0.022,0.54753,0.20003,525.6,341.5,0.28,0.63454,0.26411,609.2,450.8,0.022,0.55609,0.20242,533.8,345.5,0.209,0.63512,0.26387,609.7,450.4,0.022,0.63985,0.28766,614.3,491.0,1.0,0.67522,0.31424,648.2,536.4,1.0,0.52331,0.24823,502.4,423.7,0.66,0.62127,0.37786,596.4,645.0,0.91,0.52489,0.31036,503.9,529.8,0.68,0.59987,0.46011,575.9,785.4,0.954,0.53819,0.32631,516.7,557.0,0.838,0.60576,0.47175,581.5,805.3,0.961,0.48377,0.3261,464.4,556.7,0.636,0.55896,0.48992,536.6,836.3,0.904
1337,36.925,960,1707,0.68219,0.20618,654.9,352.0,0.999,0.68572,0.20171,658.3,344.3,0.999,0.68676,0.20124,659.3,343.5,0.999,0.6871,0.20076,659.6,342.7,0.999,0.68906,0.20249,661.5,345.7,0.999,0.69688,0.20189,669.0,344.6,0.999,0.70008,0.20241,672.1,345.5,0.999,0.69976,0.20225,671.8,345.2,0.999,0.71759,0.2044,688.9,348.9,0.999,0.69191,0.20985,664.2,358.2,0.998,0.69395,0.21079,666.2,359.8,0.996,0.68849,0.20912,660.9,357.0,1.0,0.75531,0.23755,725.1,405.5,1.0,0.6043,0.21802,580.1,372.2,0.661,0.71963,0.27144,690.8,463.4,0.008,0.55716,0.20601,534.9,351.7,0.248,0.66698,0.27256,640.3,465.3,0.012,0.5385,0.20201,517.0,344.8,0.283,0.66339,0.27229,636.9,464.8,0.021,0.54642,0.19993,524.6,341.3,0.283,0.64969,0.26855,623.7,458.4,0.021,0.55542,0.20229,533.2,345.3,0.211,0.64903,0.26785,623.1,457.2,0.021,0.63979,0.28789,614.2,491.4,1.0,0.6751,0.31428,648.1,536.5,1.0,0.52451,0.2479,503.5,423.2,0.672,0.62169,0.3778,596.8,644.9,0.914,0.52391,0.30966,503.0,528.6,0.688,0.59982,0.46013,575.8,785.4,0.956,0.53728,0.32534,515.8,555.4,0.84,0.60629,0.47182,582.0,805.4,0.963,0.48262,0.32608,463.3,556.6,0.638,0.55899,0.49009,536.6,836.6,0.907
1338,36.952,960,1707,0.68897,0.20713,661.4,353.6,0.999,0.69238,0.20264,664.7,345.9,0.999,0.6913,0.20177,663.6,344.4,0.999,0.6922,0.19959,664.5,340.7,0.999,0.699,0.20261,671.0,345.9,0.999,0.70336,0.20276,675.2,346.1,0.999,0.70653,0.20371,678.3,347.7,0.999,0.7046,0.20303,676.4,346.6,1.0,0.7219,0.20568,693.0,351.1,0.999,0.69702,0.21054,669.1,359.4,0.998,0.70124,0.21209,673.2,362.0,0.996,0.68963,0.20948,662.0,357.6,1.0,0.75649,0.2383,726.2,406.8,1.0,0.60623,0.21803,582.0,372.2,0.655,0.72598,0.27105,696.9,462.7,0.007,0.55705,0.20601,534.8,351.7,0.239,0.69151,0.26525,663.9,452.8,0.011,0.53828,0.20206,516.7,344.9,0.272,0.69154,0.26305,663.9,449.0,0.019,0.54582,0.19988,524.0,341.2,0.272,0.68072,0.26125,653.5,446.0,0.019,0.55491,0.2022,532.7,345.2,0.202,0.67807,0.26103,651.0,445.6,0.019,0.63975,0.28826,614.2,492.1,1.0,0.67501,0.31428,648.0,536.5,1.0,0.52534,0.24785,504.3,423.1,0.666,0.62216,0.37781,597.3,644.9,0.913,0.52385,0.30967,502.9,528.6,0.682,0.59982,0.46013,575.8,785.4,0.957,0.53731,0.32526,515.8,555.2,0.834,0.60636,0.47177,582.1,805.3,0.963,0.4829,0.32643,463.6,557.2,0.625,0.55906,0.49022,536.7,836.8,0.906
1339,36.98,960,1707,0.68745,0.20733,660.0,353.9,0.999,0.6913,0.2028,663.7,346.2,0.999,0.69114,0.20201,663.5,344.8,0.999,0.69183,0.20053,664.2,342.3,0.999,0.69643,0.20305,668.6,346.6,0.999,0.70072,0.20303,672.7,346.6,0.999,0.7043,0.20362,676.1,347.6,0.999,0.70324,0.20293,675.1,346.4,1.0,0.71957,0.20549,690.8,350.8,0.999,0.69475,0.21057,667.0,359.4,0.998,0.69842,0.21207,670.5,362.0,0.996,0.68949,0.2101,661.9,358.6,1.0,0.75663,0.23803,726.4,406.3,1.0,0.6062,0.21804,582.0,372.2,0.668,0.72828,0.26191,699.1,447.1,0.007,0.55657,0.20605,534.3,351.7,0.251,0.70458,0.24924,676.4,425.4,0.01,0.53742,0.20227,515.9,345.3,0.282,0.70676,0.246,678.5,419.9,0.018,0.54459,0.19988,522.8,341.2,0.282,0.69774,0.2429,669.8,414.6,0.018,0.55363,0.20219,531.5,345.1,0.211,0.69432,0.2432,666.5,415.1,0.018,0.63974,0.28837,614.2,492.3,1.0,0.6752,0.31423,648.2,536.4,1.0,0.52589,0.24765,504.9,422.7,0.676,0.62221,0.37762,597.3,644.6,0.917,0.52382,0.30976,502.9,528.8,0.689,0.59983,0.46013,575.8,785.4,0.959,0.53731,0.32519,515.8,555.1,0.835,0.6066,0.47172,582.3,805.2,0.965,0.48325,0.32643,463.9,557.2,0.63,0.55898,0.49021,536.6,836.8,0.909
1340,37.007,960,1707,0.68664,0.20738,659.2,354.0,0.999,0.69059,0.20276,663.0,346.1,0.999,0.69073,0.20199,663.1,344.8,0.999,0.69128,0.20069,663.6,342.6,0.999,0.6951,0.20313,667.3,346.7,0.999,0.69951,0.20308,671.5,346.7,0.999,0.70358,0.20354,675.4,347.4,0.999,0.70234,0.20283,674.3,346.2,0.999,0.71804,0.20538,689.3,350.6,0.999,0.69344,0.21052,665.7,359.4,0.998,0.69703,0.21199,669.1,361.9,0.996,0.68946,0.21046,661.9,359.3,1.0,0.75648,0.23843,726.2,407.0,1.0,0.60654,0.21805,582.3,372.2,0.681,0.71781,0.2675,689.1,456.6,0.007,0.55598,0.20611,533.7,351.8,0.267,0.66494,0.26778,638.3,457.1,0.01,0.53687,0.20245,515.4,345.6,0.297,0.65863,0.26794,632.3,457.4,0.018,0.54332,0.19988,521.6,341.2,0.298,0.64609,0.26423,620.3,451.0,0.018,0.55196,0.20219,529.9,345.1,0.222,0.64679,0.26367,620.9,450.1,0.018,0.64019,0.28864,614.6,492.7,1.0,0.67535,0.31424,648.3,536.4,1.0,0.52699,0.24767,505.9,422.8,0.676,0.62246,0.37788,597.6,645.0,0.916,0.52394,0.31004,503.0,529.2,0.688,0.59983,0.46021,575.8,785.6,0.96,0.53732,0.32532,515.8,555.3,0.829,0.60662,0.47208,582.4,805.8,0.964,0.48412,0.32681,464.8,557.9,0.625,0.55865,0.49024,536.3,836.8,0.908
1341,37.035,960,1707,0.68607,0.20739,658.6,354.0,0.999,0.69004,0.20277,662.4,346.1,0.999,0.69028,0.20204,662.7,344.9,0.999,0.69079,0.20097,663.2,343.1,0.999,0.69429,0.20319,666.5,346.8,0.999,0.69878,0.20312,670.8,346.7,0.999,0.70293,0.20348,674.8,347.3,0.999,0.70205,0.20281,674.0,346.2,0.999,0.71491,0.20534,686.3,350.5,0.999,0.69287,0.21051,665.2,359.3,0.998,0.69668,0.21193,668.8,361.8,0.996,0.6893,0.21108,661.7,360.3,1.0,0.75683,0.23709,726.6,404.7,1.0,0.60827,0.21792,583.9,372.0,0.693,0.72073,0.26656,691.9,455.0,0.007,0.55561,0.20611,533.4,351.8,0.278,0.66779,0.26412,641.1,450.9,0.01,0.5368,0.20261,515.3,345.9,0.307,0.66456,0.26272,638.0,448.5,0.018,0.54266,0.19996,520.9,341.3,0.307,0.65359,0.25901,627.4,442.1,0.018,0.55078,0.20224,528.7,345.2,0.229,0.653,0.25883,626.9,441.8,0.018,0.64108,0.28873,615.4,492.9,1.0,0.67628,0.31417,649.2,536.3,1.0,0.52789,0.24805,506.8,423.4,0.673,0.62248,0.37787,597.6,645.0,0.916,0.5244,0.31047,503.4,530.0,0.685,0.59989,0.46023,575.9,785.6,0.961,0.53806,0.32585,516.5,556.2,0.825,0.60663,0.47217,582.4,806.0,0.964,0.487,0.32708,467.5,558.3,0.617,0.55858,0.49023,536.2,836.8,0.908
1342,37.063,960,1707,0.68647,0.20737,659.0,354.0,0.999,0.69004,0.20274,662.4,346.1,0.999,0.69033,0.20202,662.7,344.9,0.999,0.69068,0.20103,663.1,343.2,0.999,0.6937,0.20318,666.0,346.8,0.999,0.6977,0.20311,669.8,346.7,0.999,0.70147,0.20345,673.4,347.3,0.999,0.70173,0.20276,673.7,346.1,1.0,0.71335,0.2051,684.8,350.1,0.999,0.69229,0.2105,664.6,359.3,0.998,0.69582,0.21188,668.0,361.7,0.996,0.68877,0.2115,661.2,361.0,1.0,0.75962,0.2332,729.2,398.1,1.0,0.60913,0.21792,584.8,372.0,0.712,0.74643,0.24847,716.6,424.1,0.008,0.5541,0.20611,531.9,351.8,0.305,0.72445,0.23566,695.5,402.3,0.01,0.53611,0.20262,514.7,345.9,0.333,0.7269,0.23256,697.8,397.0,0.018,0.5415,0.19997,519.8,341.3,0.334,0.71611,0.229,687.5,390.9,0.018,0.54898,0.20221,527.0,345.2,0.252,0.71237,0.2297,683.9,392.1,0.018,0.64147,0.28879,615.8,493.0,1.0,0.67664,0.31418,649.6,536.3,1.0,0.52865,0.24861,507.5,424.4,0.683,0.6226,0.37819,597.7,645.6,0.92,0.52515,0.31087,504.1,530.7,0.69,0.5999,0.46024,575.9,785.6,0.962,0.53971,0.32589,518.1,556.3,0.827,0.60672,0.47203,582.4,805.8,0.965,0.48771,0.32707,468.2,558.3,0.623,0.55852,0.4902,536.2,836.8,0.91
1343,37.09,960,1707,0.68644,0.20736,659.0,354.0,0.999,0.6898,0.20273,662.2,346.1,0.999,0.69011,0.20202,662.5,344.8,0.999,0.69045,0.20102,662.8,343.1,0.999,0.69326,0.20317,665.5,346.8,0.999,0.69721,0.2031,669.3,346.7,0.999,0.70105,0.20342,673.0,347.2,0.999,0.70089,0.20273,672.9,346.1,1.0,0.7117,0.20475,683.2,349.5,0.999,0.69192,0.21048,664.2,359.3,0.998,0.69547,0.21187,667.7,361.7,0.996,0.68874,0.21162,661.2,361.2,1.0,0.76059,0.23277,730.2,397.3,1.0,0.60988,0.2179,585.5,372.0,0.737,0.74305,0.25859,713.3,441.4,0.017,0.55391,0.2061,531.8,351.8,0.329,0.71222,0.2539,683.7,433.4,0.01,0.53614,0.20259,514.7,345.8,0.354,0.69878,0.25345,670.8,432.6,0.017,0.54163,0.19998,520.0,341.4,0.356,0.69175,0.24856,664.1,424.3,0.017,0.54899,0.20221,527.0,345.2,0.271,0.69688,0.248,669.0,423.3,0.017,0.64153,0.28886,615.9,493.1,1.0,0.67668,0.31433,649.6,536.6,1.0,0.52987,0.2492,508.7,425.4,0.705,0.62274,0.37833,597.8,645.8,0.925,0.52514,0.31086,504.1,530.6,0.712,0.59993,0.46024,575.9,785.6,0.965,0.53972,0.32586,518.1,556.2,0.839,0.60684,0.47168,582.6,805.2,0.967,0.48763,0.32599,468.1,556.5,0.646,0.55853,0.49018,536.2,836.7,0.916
1344,37.118,960,1707,0.68965,0.20751,662.1,354.2,0.998,0.69194,0.20275,664.3,346.1,0.999,0.69207,0.20204,664.4,344.9,0.999,0.69205,0.20112,664.4,343.3,0.999,0.69521,0.20327,667.4,347.0,0.999,0.69815,0.20318,670.2,346.8,0.999,0.70106,0.2034,673.0,347.2,0.999,0.70057,0.2027,672.5,346.0,0.999,0.71739,0.20468,688.7,349.4,0.998,0.69381,0.21068,666.1,359.6,0.997,0.69669,0.21202,668.8,361.9,0.995,0.68878,0.2118,661.2,361.6,1.0,0.76087,0.23302,730.4,397.8,1.0,0.61057,0.21792,586.1,372.0,0.744,0.72606,0.26474,697.0,451.9,0.016,0.55389,0.20611,531.7,351.8,0.333,0.67044,0.26569,643.6,453.5,0.01,0.5362,0.20259,514.8,345.8,0.358,0.6614,0.26637,634.9,454.7,0.018,0.54171,0.20002,520.0,341.4,0.36,0.64941,0.26223,623.4,447.6,0.018,0.54915,0.20224,527.2,345.2,0.274,0.65118,0.26135,625.1,446.1,0.018,0.64154,0.28938,615.9,494.0,1.0,0.67622,0.31529,649.2,538.2,1.0,0.52962,0.24988,508.4,426.5,0.704,0.62284,0.37932,597.9,647.5,0.924,0.52574,0.3098,504.7,528.8,0.71,0.59996,0.46031,576.0,785.7,0.965,0.5398,0.32367,518.2,552.5,0.833,0.60695,0.4716,582.7,805.0,0.967,0.48762,0.32446,468.1,553.9,0.64,0.55854,0.49019,536.2,836.8,0.915
1345,37.145,960,1707,0.69192,0.20751,664.2,354.2,0.998,0.69379,0.20274,666.0,346.1,0.999,0.69371,0.20203,666.0,344.9,0.999,0.69339,0.20113,665.7,343.3,0.999,0.6973,0.20328,669.4,347.0,0.999,0.6998,0.20319,671.8,346.8,0.999,0.70227,0.20337,674.2,347.2,0.999,0.70036,0.20267,672.3,346.0,0.999,0.72095,0.20423,692.1,348.6,0.998,0.69503,0.21069,667.2,359.7,0.997,0.69786,0.21203,669.9,361.9,0.995,0.68817,0.21186,660.6,361.6,1.0,0.76161,0.23297,731.1,397.7,1.0,0.61039,0.21791,586.0,372.0,0.759,0.72499,0.2655,696.0,453.2,0.015,0.5539,0.20612,531.7,351.8,0.349,0.67055,0.26703,643.7,455.8,0.01,0.53628,0.20259,514.8,345.8,0.372,0.66324,0.26802,636.7,457.5,0.018,0.54175,0.20003,520.1,341.5,0.374,0.65125,0.26409,625.2,450.8,0.018,0.54922,0.20225,527.2,345.2,0.287,0.65206,0.26313,626.0,449.2,0.018,0.64164,0.28964,616.0,494.4,1.0,0.67619,0.31543,649.1,538.4,1.0,0.53084,0.2503,509.6,427.3,0.72,0.62302,0.3793,598.1,647.5,0.928,0.52515,0.30967,504.1,528.6,0.725,0.59999,0.46012,576.0,785.4,0.968,0.53884,0.32355,517.3,552.3,0.838,0.60712,0.47123,582.8,804.4,0.968,0.48629,0.32306,466.8,551.5,0.652,0.55855,0.49055,536.2,837.4,0.919
1346,37.173,960,1707,0.69311,0.2075,665.4,354.2,0.998,0.69464,0.20271,666.9,346.0,0.999,0.69438,0.20202,666.6,344.8,0.999,0.69386,0.20112,666.1,343.3,0.999,0.69832,0.20328,670.4,347.0,0.999,0.70061,0.20319,672.6,346.8,0.999,0.70286,0.20337,674.7,347.1,0.999,0.70019,0.20265,672.2,345.9,0.999,0.72187,0.20365,693.0,347.6,0.998,0.69541,0.21069,667.6,359.6,0.997,0.69849,0.21201,670.5,361.9,0.995,0.68772,0.21215,660.2,362.1,1.0,0.76328,0.23239,732.7,396.7,1.0,0.61051,0.21791,586.1,372.0,0.777,0.72693,0.26537,697.8,453.0,0.017,0.55398,0.2062,531.8,352.0,0.371,0.67199,0.26611,645.1,454.2,0.01,0.53648,0.20262,515.0,345.9,0.393,0.66375,0.26691,637.2,455.6,0.018,0.54186,0.20007,520.2,341.5,0.394,0.65201,0.26318,625.9,449.3,0.017,0.54925,0.20231,527.3,345.3,0.306,0.65332,0.26235,627.2,447.8,0.018,0.64164,0.29012,616.0,495.2,1.0,0.67592,0.31597,648.9,539.4,1.0,0.53115,0.25049,509.9,427.6,0.735,0.62309,0.3795,598.2,647.8,0.932,0.52477,0.30961,503.8,528.5,0.74,0.6,0.46007,576.0,785.3,0.97,0.53792,0.32356,516.4,552.3,0.845,0.60716,0.47111,582.9,804.2,0.97,0.48532,0.32271,465.9,550.9,0.668,0.55851,0.49095,536.2,838.0,0.923
1347,37.201,960,1707,0.69453,0.2076,666.8,354.4,0.998,0.69569,0.20276,667.9,346.1,0.999,0.69529,0.2021,667.5,345.0,0.999,0.69464,0.20131,666.9,343.6,0.999,0.6995,0.20336,671.5,347.1,0.999,0.70172,0.20328,673.7,347.0,0.999,0.70391,0.2034,675.8,347.2,0.999,0.70007,0.20276,672.1,346.1,0.999,0.72296,0.20363,694.0,347.6,0.998,0.69633,0.21087,668.5,360.0,0.997,0.6996,0.21225,671.6,362.3,0.995,0.68763,0.21232,660.1,362.4,1.0,0.7632,0.23261,732.7,397.1,1.0,0.61194,0.21789,587.5,371.9,0.791,0.7286,0.26529,699.5,452.8,0.017,0.55418,0.20671,532.0,352.8,0.391,0.67372,0.26569,646.8,453.5,0.01,0.53662,0.20286,515.2,346.3,0.411,0.66604,0.26609,639.4,454.2,0.017,0.54196,0.20041,520.3,342.1,0.413,0.65405,0.26229,627.9,447.7,0.017,0.54951,0.20299,527.5,346.5,0.322,0.65514,0.26169,628.9,446.7,0.018,0.64185,0.29088,616.2,496.5,1.0,0.67573,0.31683,648.7,540.8,1.0,0.53122,0.25076,510.0,428.0,0.743,0.6231,0.37984,598.2,648.4,0.933,0.52459,0.30956,503.6,528.4,0.748,0.59998,0.46021,576.0,785.6,0.97,0.53757,0.32358,516.1,552.3,0.85,0.60716,0.47113,582.9,804.2,0.97,0.48524,0.32285,465.8,551.1,0.676,0.55851,0.49113,536.2,838.4,0.924
1348,37.228,960,1707,0.69399,0.20762,666.2,354.4,0.998,0.69533,0.20276,667.5,346.1,0.999,0.69501,0.20211,667.2,345.0,0.999,0.69443,0.20136,666.6,343.7,0.999,0.699,0.2034,671.0,347.2,0.999,0.70123,0.20336,673.2,347.1,0.999,0.70338,0.20345,675.2,347.3,0.999,0.70005,0.2028,672.0,346.2,0.999,0.72292,0.20356,694.0,347.5,0.998,0.69602,0.2109,668.2,360.0,0.997,0.69918,0.2124,671.2,362.6,0.995,0.68766,0.21233,660.2,362.5,1.0,0.76316,0.23275,732.6,397.3,1.0,0.61251,0.21785,588.0,371.9,0.804,0.7292,0.25831,700.0,440.9,0.016,0.5548,0.20677,532.6,353.0,0.425,0.67479,0.25763,647.8,439.8,0.011,0.53663,0.20316,515.2,346.8,0.445,0.66788,0.25743,641.2,439.4,0.019,0.54201,0.20045,520.3,342.2,0.447,0.65608,0.25562,629.8,436.3,0.019,0.55019,0.20299,528.2,346.5,0.354,0.65669,0.25389,630.4,433.4,0.019,0.64184,0.29094,616.2,496.6,1.0,0.67521,0.31717,648.2,541.4,1.0,0.53246,0.25073,511.2,428.0,0.747,0.62328,0.38053,598.3,649.6,0.932,0.52357,0.30985,502.6,528.9,0.756,0.59993,0.46083,575.9,786.6,0.971,0.53567,0.32362,514.2,552.4,0.853,0.60715,0.47147,582.9,804.8,0.97,0.4852,0.32296,465.8,551.3,0.685,0.55835,0.49129,536.0,838.6,0.924
1349,37.256,960,1707,0.69411,0.20784,666.3,354.8,0.998,0.69539,0.20298,667.6,346.5,0.999,0.69532,0.20238,667.5,345.5,0.999,0.69496,0.20173,667.2,344.3,0.999,0.69869,0.20368,670.7,347.7,0.999,0.70089,0.20364,672.9,347.6,0.999,0.70302,0.20366,674.9,347.7,0.999,0.70056,0.20308,672.5,346.7,0.999,0.72342,0.20359,694.5,347.5,0.998,0.69664,0.21108,668.8,360.3,0.997,0.69936,0.21266,671.4,363.0,0.995,0.68761,0.21259,660.1,362.9,1.0,0.76335,0.2328,732.8,397.4,1.0,0.614,0.21781,589.4,371.8,0.815,0.73108,0.25731,701.8,439.2,0.016,0.55519,0.20689,533.0,353.2,0.455,0.67685,0.25822,649.8,440.8,0.011,0.53668,0.20356,515.2,347.5,0.473,0.66961,0.25879,642.8,441.8,0.019,0.54226,0.20063,520.6,342.5,0.475,0.6563,0.25655,630.0,437.9,0.018,0.55072,0.20314,528.7,346.8,0.379,0.65679,0.25549,630.5,436.1,0.019,0.64251,0.29141,616.8,497.4,1.0,0.67514,0.31781,648.1,542.5,1.0,0.53307,0.25092,511.7,428.3,0.742,0.62348,0.38075,598.5,649.9,0.933,0.52312,0.31051,502.2,530.0,0.751,0.59995,0.46093,576.0,786.8,0.971,0.53475,0.32439,513.4,553.7,0.848,0.60714,0.47193,582.9,805.6,0.97,0.48499,0.32329,465.6,551.8,0.676,0.55827,0.49131,535.9,838.7,0.923
1350,37.284,960,1707,0.69426,0.20783,666.5,354.8,0.998,0.69529,0.20299,667.5,346.5,0.999,0.69523,0.20243,667.4,345.5,0.999,0.69486,0.20185,667.1,344.6,0.999,0.69861,0.20368,670.7,347.7,0.999,0.70085,0.20364,672.8,347.6,0.999,0.70315,0.20366,675.0,347.6,0.999,0.70047,0.20312,672.4,346.7,0.999,0.72469,0.20365,695.7,347.6,0.998,0.69678,0.21106,668.9,360.3,0.997,0.6998,0.21263,671.8,363.0,0.995,0.68641,0.21264,659.0,363.0,1.0,0.76416,0.23234,733.6,396.6,1.0,0.61385,0.2178,589.3,371.8,0.826,0.7365,0.25093,707.0,428.3,0.016,0.5552,0.2069,533.0,353.2,0.466,0.68482,0.2488,657.4,424.7,0.011,0.53674,0.20348,515.3,347.3,0.481,0.67778,0.24896,650.7,425.0,0.019,0.54233,0.20063,520.6,342.5,0.484,0.66422,0.24701,637.6,421.6,0.019,0.55073,0.20314,528.7,346.8,0.389,0.66402,0.24663,637.5,421.0,0.02,0.64284,0.29156,617.1,497.7,1.0,0.67559,0.31777,648.6,542.4,1.0,0.53499,0.25091,513.6,428.3,0.745,0.6236,0.38021,598.7,649.0,0.936,0.52356,0.31071,502.6,530.4,0.749,0.60027,0.46056,576.3,786.2,0.972,0.53499,0.32487,513.6,554.6,0.845,0.6074,0.4714,583.1,804.7,0.971,0.4867,0.32339,467.2,552.0,0.668,0.55862,0.49098,536.3,838.1,0.924
1351,37.311,960,1707,0.69409,0.2078,666.3,354.7,0.999,0.69526,0.20299,667.4,346.5,0.999,0.69496,0.20244,667.2,345.6,0.999,0.69423,0.20191,666.5,344.7,0.999,0.69856,0.20366,670.6,347.7,0.999,0.70095,0.20361,672.9,347.6,0.999,0.70369,0.20362,675.5,347.6,0.999,0.69823,0.20311,670.3,346.7,0.999,0.72537,0.20364,696.4,347.6,0.998,0.69668,0.21095,668.8,360.1,0.998,0.69984,0.21237,671.8,362.5,0.996,0.68305,0.21266,655.7,363.0,1.0,0.76577,0.23096,735.1,394.3,1.0,0.61287,0.2178,588.4,371.8,0.839,0.76126,0.22737,730.8,388.1,0.018,0.55513,0.20671,532.9,352.9,0.495,0.75353,0.21476,723.4,366.6,0.011,0.53667,0.20334,515.2,347.1,0.507,0.75521,0.21973,725.0,375.1,0.02,0.54256,0.20006,520.9,341.5,0.509,0.74525,0.21814,715.4,372.4,0.02,0.55096,0.20221,528.9,345.2,0.415,0.74029,0.21861,710.7,373.2,0.02,0.64285,0.2917,617.1,497.9,1.0,0.67558,0.31772,648.6,542.4,1.0,0.53487,0.25127,513.5,428.9,0.756,0.62401,0.38011,599.1,648.8,0.941,0.52356,0.31096,502.6,530.8,0.756,0.60064,0.46043,576.6,786.0,0.974,0.53505,0.32507,513.6,554.9,0.85,0.60762,0.47135,583.3,804.6,0.972,0.48671,0.32344,467.2,552.1,0.674,0.55915,0.49065,536.8,837.5,0.929
1352,37.339,960,1707,0.69375,0.2075,666.0,354.2,0.999,0.69489,0.20289,667.1,346.3,0.999,0.6946,0.20238,666.8,345.5,0.999,0.69384,0.20188,666.1,344.6,0.999,0.69822,0.2035,670.3,347.4,0.999,0.70061,0.20343,672.6,347.3,0.999,0.70325,0.20336,675.1,347.1,0.999,0.69782,0.20297,669.9,346.5,0.999,0.72494,0.20326,695.9,347.0,0.998,0.69614,0.21056,668.3,359.4,0.998,0.69961,0.21184,671.6,361.6,0.996,0.68223,0.21265,654.9,363.0,1.0,0.76556,0.23106,734.9,394.4,1.0,0.61048,0.2178,586.1,371.8,0.852,0.75154,0.24309,721.5,415.0,0.028,0.55513,0.20627,532.9,352.1,0.518,0.69874,0.23702,670.8,404.6,0.012,0.53667,0.20314,515.2,346.8,0.526,0.68801,0.23834,660.5,406.8,0.02,0.54324,0.19925,521.5,340.1,0.528,0.68275,0.23769,655.4,405.7,0.02,0.55178,0.20099,529.7,343.1,0.434,0.6817,0.24004,654.4,409.7,0.021,0.64284,0.29168,617.1,497.9,1.0,0.67557,0.31769,648.5,542.3,1.0,0.53567,0.25225,514.2,430.6,0.769,0.62451,0.38021,599.5,649.0,0.945,0.52356,0.31129,502.6,531.4,0.769,0.60094,0.46008,576.9,785.4,0.976,0.53507,0.32554,513.7,555.7,0.858,0.6077,0.47114,583.4,804.2,0.974,0.48668,0.32412,467.2,553.3,0.686,0.56015,0.49045,537.7,837.2,0.932
1353,37.366,960,1707,0.6934,0.20738,665.7,354.0,0.998,0.69459,0.20286,666.8,346.3,0.999,0.69431,0.20236,666.5,345.4,0.999,0.69355,0.20188,665.8,344.6,0.999,0.69796,0.20346,670.0,347.3,0.999,0.70031,0.20339,672.3,347.2,0.999,0.70287,0.20329,674.8,347.0,0.999,0.69763,0.2029,669.7,346.3,0.999,0.72466,0.20323,695.7,346.9,0.998,0.69565,0.21037,667.8,359.1,0.998,0.6995,0.21163,671.5,361.3,0.996,0.68153,0.21265,654.3,363.0,1.0,0.76547,0.23119,734.8,394.6,1.0,0.60939,0.21793,585.0,372.0,0.861,0.74001,0.25496,710.4,435.2,0.029,0.55519,0.206,533.0,351.6,0.521,0.67984,0.25441,652.6,434.3,0.012,0.53671,0.20303,515.2,346.6,0.527,0.66933,0.25536,642.6,435.9,0.02,0.54335,0.19891,521.6,339.5,0.529,0.66021,0.25274,633.8,431.4,0.02,0.55193,0.20053,529.8,342.3,0.435,0.66181,0.25289,635.3,431.7,0.02,0.64284,0.29155,617.1,497.7,1.0,0.67574,0.31752,648.7,542.0,1.0,0.5374,0.25313,515.9,432.1,0.771,0.62505,0.3802,600.0,649.0,0.948,0.5234,0.31202,502.5,532.6,0.772,0.60135,0.45955,577.3,784.4,0.977,0.53452,0.3264,513.1,557.2,0.859,0.60803,0.4708,583.7,803.7,0.975,0.48642,0.32344,467.0,552.1,0.68,0.56034,0.49043,537.9,837.2,0.933
1354,37.394,960,1707,0.69076,0.20739,663.1,354.0,0.999,0.69192,0.20298,664.2,346.5,0.999,0.69163,0.20249,664.0,345.7,0.999,0.69087,0.20201,663.2,344.8,0.999,0.69528,0.20356,667.5,347.5,0.999,0.69743,0.20346,669.5,347.3,0.999,0.69968,0.20332,671.7,347.1,0.999,0.69565,0.2029,667.8,346.4,1.0,0.72373,0.20343,694.8,347.3,0.999,0.69314,0.21035,665.4,359.1,0.998,0.69718,0.21155,669.3,361.1,0.996,0.68056,0.21269,653.3,363.1,1.0,0.76633,0.23072,735.7,393.8,1.0,0.60908,0.21799,584.7,372.1,0.866,0.74386,0.24973,714.1,426.3,0.028,0.55535,0.20588,533.1,351.4,0.529,0.69668,0.24839,668.8,424.0,0.011,0.5369,0.203,515.4,346.5,0.531,0.69114,0.24817,663.5,423.6,0.019,0.5438,0.19873,522.0,339.2,0.534,0.67907,0.24678,651.9,421.3,0.019,0.55238,0.20026,530.3,341.8,0.44,0.67801,0.24694,650.9,421.5,0.02,0.64279,0.29166,617.1,497.9,1.0,0.67591,0.3175,648.9,542.0,1.0,0.54031,0.25403,518.7,433.6,0.763,0.62549,0.38021,600.5,649.0,0.95,0.52323,0.31227,502.3,533.0,0.766,0.60152,0.4594,577.5,784.2,0.978,0.53365,0.32796,512.3,559.8,0.853,0.60809,0.4708,583.8,803.7,0.976,0.4864,0.32309,466.9,551.5,0.663,0.56083,0.49042,538.4,837.1,0.933
1355,37.422,960,1707,0.69075,0.20743,663.1,354.1,0.998,0.69175,0.20308,664.1,346.7,0.999,0.69144,0.20261,663.8,345.9,0.999,0.69064,0.20214,663.0,345.0,0.999,0.69526,0.20368,667.4,347.7,0.999,0.69744,0.20356,669.5,347.5,0.999,0.69969,0.20338,671.7,347.2,0.999,0.69538,0.20294,667.6,346.4,0.999,0.72359,0.20384,694.6,348.0,0.999,0.69356,0.21044,665.8,359.2,0.998,0.69769,0.21158,669.8,361.2,0.996,0.68045,0.21267,653.2,363.0,1.0,0.76618,0.23283,735.5,397.4,1.0,0.60589,0.21809,581.7,372.3,0.869,0.72954,0.26635,700.4,454.7,0.029,0.55541,0.20566,533.2,351.1,0.512,0.67821,0.26503,651.1,452.4,0.011,0.5372,0.20255,515.7,345.8,0.513,0.66787,0.26489,641.2,452.2,0.018,0.54492,0.19819,523.1,338.3,0.517,0.65701,0.26235,630.7,447.8,0.018,0.55314,0.19989,531.0,341.2,0.424,0.65908,0.26186,632.7,447.0,0.019,0.6429,0.29164,617.2,497.8,1.0,0.67703,0.31756,649.9,542.1,1.0,0.54007,0.25435,518.5,434.2,0.768,0.62593,0.3805,600.9,649.5,0.953,0.52263,0.31224,501.7,533.0,0.773,0.60172,0.4594,577.6,784.2,0.979,0.53239,0.32765,511.1,559.3,0.857,0.6082,0.47055,583.9,803.2,0.977,0.48395,0.32275,464.6,550.9,0.665,0.56261,0.4903,540.1,836.9,0.935
1356,37.449,960,1707,0.69166,0.20747,664.0,354.2,0.998,0.69196,0.20311,664.3,346.7,0.999,0.69148,0.20262,663.8,345.9,0.999,0.69065,0.20214,663.0,345.1,0.999,0.69597,0.20372,668.1,347.8,0.999,0.69819,0.20361,670.3,347.6,0.999,0.70053,0.20341,672.5,347.2,0.999,0.69449,0.20293,666.7,346.4,1.0,0.72351,0.20391,694.6,348.1,0.999,0.6937,0.21047,666.0,359.3,0.998,0.69807,0.21159,670.2,361.2,0.996,0.68006,0.21263,652.9,363.0,1.0,0.7658,0.233,735.2,397.7,1.0,0.60204,0.21815,578.0,372.4,0.868,0.72973,0.26563,700.5,453.4,0.027,0.55506,0.20536,532.9,350.6,0.506,0.67997,0.26359,652.8,449.9,0.011,0.53722,0.20219,515.7,345.1,0.508,0.67153,0.26348,644.7,449.8,0.018,0.54533,0.19795,523.5,337.9,0.512,0.66027,0.26082,633.9,445.2,0.018,0.5532,0.1996,531.1,340.7,0.42,0.66122,0.26042,634.8,444.5,0.018,0.64366,0.29161,617.9,497.8,1.0,0.67808,0.31754,651.0,542.0,1.0,0.53997,0.25468,518.4,434.7,0.772,0.62606,0.38049,601.0,649.5,0.955,0.52244,0.3127,501.5,533.8,0.775,0.60179,0.459,577.7,783.5,0.98,0.53227,0.32755,511.0,559.1,0.856,0.60837,0.46984,584.0,802.0,0.978,0.48389,0.32279,464.5,551.0,0.663,0.56254,0.49029,540.0,836.9,0.936
1357,37.477,960,1707,0.69071,0.20757,663.1,354.3,0.998,0.69129,0.20338,663.6,347.2,0.999,0.69078,0.20293,663.1,346.4,0.999,0.68994,0.20247,662.3,345.6,0.999,0.69521,0.20391,667.4,348.1,0.999,0.69734,0.20378,669.4,347.9,0.999,0.69954,0.20356,671.6,347.5,0.999,0.69353,0.20313,665.8,346.7,0.999,0.7214,0.20396,692.5,348.2,0.998,0.6925,0.21057,664.8,359.4,0.997,0.69692,0.21161,669.0,361.2,0.995,0.67929,0.21264,652.1,363.0,1.0,0.76389,0.23299,733.3,397.7,1.0,0.60139,0.21815,577.3,372.4,0.871,0.72747,0.26932,698.4,459.7,0.026,0.55517,0.20537,533.0,350.6,0.508,0.67467,0.28424,647.7,485.2,0.011,0.53753,0.2022,516.0,345.2,0.508,0.66626,0.28826,639.6,492.1,0.018,0.5457,0.19797,523.9,337.9,0.511,0.65283,0.28556,626.7,487.5,0.018,0.55347,0.19963,531.3,340.8,0.42,0.65411,0.28365,627.9,484.2,0.019,0.64366,0.2916,617.9,497.8,1.0,0.67802,0.31754,650.9,542.0,1.0,0.53752,0.25456,516.0,434.5,0.773,0.62607,0.38156,601.0,651.3,0.955,0.52243,0.31261,501.5,533.6,0.772,0.60188,0.45896,577.8,783.4,0.98,0.53206,0.32689,510.8,558.0,0.849,0.6086,0.46944,584.3,801.3,0.978,0.48386,0.32279,464.5,551.0,0.652,0.56342,0.49029,540.9,836.9,0.935
1358,37.504,960,1707,0.69042,0.20784,662.8,354.8,0.998,0.69117,0.20379,663.5,347.9,0.998,0.69066,0.20335,663.0,347.1,0.998,0.68983,0.20288,662.2,346.3,0.999,0.69492,0.2043,667.1,348.7,0.998,0.69689,0.20417,669.0,348.5,0.998,0.69887,0.20392,670.9,348.1,0.999,0.6933,0.20342,665.6,347.2,0.999,0.72012,0.20423,691.3,348.6,0.998,0.69234,0.21092,664.6,360.0,0.996,0.69647,0.21182,668.6,361.6,0.994,0.67932,0.21264,652.1,363.0,1.0,0.762,0.23307,731.5,397.9,1.0,0.60186,0.21815,577.8,372.4,0.869,0.727,0.2735,697.9,466.9,0.026,0.55563,0.20561,533.4,351.0,0.499,0.67588,0.29074,648.8,496.3,0.011,0.53831,0.20251,516.8,345.7,0.499,0.66805,0.2953,641.3,504.1,0.019,0.54661,0.19813,524.7,338.2,0.503,0.65419,0.29212,628.0,498.7,0.018,0.55419,0.20011,532.0,341.6,0.412,0.65531,0.28999,629.1,495.0,0.019,0.64386,0.29167,618.1,497.9,1.0,0.67801,0.31762,650.9,542.2,1.0,0.5368,0.25449,515.3,434.4,0.772,0.62611,0.3819,601.1,651.9,0.957,0.52248,0.31207,501.6,532.7,0.765,0.60189,0.45896,577.8,783.4,0.98,0.53213,0.32637,510.8,557.1,0.84,0.60864,0.46943,584.3,801.3,0.977,0.48371,0.32264,464.4,550.8,0.636,0.5636,0.49029,541.1,836.9,0.933
1359,37.532,960,1707,0.68928,0.20769,661.7,354.5,0.997,0.6906,0.20373,663.0,347.8,0.998,0.69025,0.20329,662.6,347.0,0.998,0.68954,0.20284,662.0,346.3,0.998,0.69368,0.20425,665.9,348.7,0.998,0.69561,0.20415,667.8,348.5,0.998,0.6974,0.20392,669.5,348.1,0.998,0.69332,0.20339,665.6,347.2,0.999,0.71892,0.20424,690.2,348.6,0.997,0.69134,0.21076,663.7,359.8,0.996,0.69492,0.21165,667.1,361.3,0.993,0.67941,0.21244,652.2,362.6,1.0,0.76095,0.23337,730.5,398.4,1.0,0.60218,0.21843,578.1,372.9,0.866,0.7263,0.27404,697.3,467.8,0.025,0.55552,0.2058,533.3,351.3,0.485,0.67415,0.28723,647.2,490.3,0.012,0.53831,0.20267,516.8,345.9,0.487,0.66668,0.2911,640.0,496.9,0.02,0.54662,0.19832,524.8,338.5,0.49,0.65296,0.28773,626.8,491.2,0.019,0.55418,0.2004,532.0,342.1,0.401,0.65399,0.28592,627.8,488.1,0.02,0.64381,0.29172,618.1,498.0,1.0,0.67798,0.31766,650.9,542.2,1.0,0.53674,0.25444,515.3,434.3,0.768,0.62672,0.38194,601.7,652.0,0.958,0.52292,0.31206,502.0,532.7,0.76,0.60189,0.45909,577.8,783.7,0.981,0.53227,0.32626,511.0,556.9,0.831,0.60814,0.47003,583.8,802.3,0.977,0.48397,0.3229,464.6,551.2,0.623,0.56364,0.48992,541.1,836.3,0.933
1360,37.56,960,1707,0.68918,0.20757,661.6,354.3,0.997,0.69042,0.20365,662.8,347.6,0.997,0.69008,0.20319,662.5,346.9,0.997,0.68939,0.20273,661.8,346.1,0.998,0.69326,0.20424,665.5,348.6,0.997,0.69506,0.20415,667.3,348.5,0.997,0.69666,0.20392,668.8,348.1,0.998,0.69325,0.20332,665.5,347.1,0.999,0.70979,0.20435,681.4,348.8,0.997,0.69108,0.2106,663.4,359.5,0.995,0.69439,0.21157,666.6,361.1,0.992,0.6797,0.21252,652.5,362.8,1.0,0.7591,0.23411,728.7,399.6,1.0,0.6023,0.21854,578.2,373.0,0.863,0.72047,0.27211,691.7,464.5,0.024,0.55533,0.20621,533.1,352.0,0.483,0.66178,0.28233,635.3,481.9,0.013,0.5384,0.20326,516.9,347.0,0.486,0.65343,0.28522,627.3,486.9,0.021,0.54682,0.19894,524.9,339.6,0.489,0.64066,0.28195,615.0,481.3,0.021,0.55418,0.20104,532.0,343.2,0.399,0.64205,0.28062,616.4,479.0,0.021,0.6434,0.29193,617.7,498.3,1.0,0.67795,0.31816,650.8,543.1,1.0,0.5367,0.2544,515.2,434.3,0.757,0.6269,0.38254,601.8,653.0,0.958,0.52294,0.31217,502.0,532.9,0.749,0.60196,0.45927,577.9,784.0,0.981,0.53228,0.32624,511.0,556.9,0.819,0.60812,0.47066,583.8,803.4,0.977,0.48398,0.32299,464.6,551.3,0.606,0.56348,0.48982,540.9,836.1,0.931
1361,37.587,960,1707,0.68629,0.20703,658.8,353.4,0.997,0.6884,0.20317,660.9,346.8,0.997,0.68837,0.20267,660.8,346.0,0.997,0.68792,0.20217,660.4,345.1,0.998,0.69056,0.20386,662.9,348.0,0.997,0.6921,0.20378,664.4,347.8,0.997,0.69355,0.20357,665.8,347.5,0.998,0.69265,0.20275,664.9,346.1,0.999,0.70459,0.20402,676.4,348.3,0.997,0.68885,0.20988,661.3,358.3,0.995,0.69132,0.21085,663.7,359.9,0.992,0.67932,0.21253,652.2,362.8,1.0,0.75833,0.23413,728.0,399.7,1.0,0.60125,0.21979,577.2,375.2,0.865,0.72091,0.27137,692.1,463.2,0.024,0.55533,0.20668,533.1,352.8,0.483,0.65973,0.2792,633.3,476.6,0.015,0.53846,0.20347,516.9,347.3,0.486,0.65043,0.28158,624.4,480.7,0.023,0.54709,0.19902,525.2,339.7,0.489,0.63654,0.27849,611.1,475.4,0.022,0.55451,0.20114,532.3,343.4,0.399,0.63816,0.27737,612.6,473.5,0.023,0.64324,0.29201,617.5,498.5,1.0,0.67833,0.31815,651.2,543.1,1.0,0.53668,0.2546,515.2,434.6,0.763,0.62701,0.3822,601.9,652.4,0.959,0.52291,0.31234,502.0,533.2,0.755,0.60241,0.45892,578.3,783.4,0.982,0.53232,0.32638,511.0,557.1,0.822,0.60855,0.47063,584.2,803.4,0.978,0.48369,0.32301,464.3,551.4,0.607,0.56357,0.48976,541.0,836.0,0.933
1362,37.615,960,1707,0.68613,0.20561,658.7,351.0,0.997,0.68804,0.20205,660.5,344.9,0.997,0.68801,0.20168,660.5,344.3,0.997,0.68769,0.20128,660.2,343.6,0.998,0.68966,0.20265,662.1,345.9,0.997,0.69094,0.20268,663.3,346.0,0.997,0.69229,0.20261,664.6,345.9,0.998,0.69269,0.20222,665.0,345.2,0.999,0.70507,0.20362,676.9,347.6,0.997,0.68899,0.2087,661.4,356.3,0.995,0.69147,0.20954,663.8,357.7,0.993,0.67935,0.21259,652.2,362.9,1.0,0.75667,0.23442,726.4,400.2,1.0,0.60063,0.22083,576.6,377.0,0.873,0.72136,0.27238,692.5,465.0,0.03,0.55534,0.20707,533.1,353.5,0.496,0.65374,0.27977,627.6,477.6,0.015,0.5389,0.20357,517.3,347.5,0.495,0.64094,0.28202,615.3,481.4,0.023,0.5479,0.19905,526.0,339.8,0.498,0.62889,0.27922,603.7,476.6,0.022,0.55506,0.20134,532.9,343.7,0.408,0.6323,0.27809,607.0,474.7,0.023,0.6431,0.29205,617.4,498.5,1.0,0.67865,0.3181,651.5,543.0,1.0,0.5367,0.25579,515.2,436.6,0.762,0.62725,0.38076,602.2,650.0,0.961,0.52303,0.31294,502.1,534.2,0.752,0.60278,0.45822,578.7,782.2,0.982,0.53353,0.3284,512.2,560.6,0.824,0.60896,0.46967,584.6,801.7,0.978,0.48399,0.3256,464.6,555.8,0.596,0.56408,0.48975,541.5,836.0,0.932
1363,37.643,960,1707,0.68895,0.20559,661.4,350.9,0.996,0.6912,0.20018,663.5,341.7,0.997,0.68985,0.19901,662.3,339.7,0.997,0.68854,0.19797,661.0,337.9,0.997,0.69746,0.20241,669.6,345.5,0.997,0.70072,0.2027,672.7,346.0,0.997,0.70408,0.20288,675.9,346.3,0.998,0.69399,0.19679,666.2,335.9,0.998,0.71557,0.20405,686.9,348.3,0.997,0.68976,0.2075,662.2,354.2,0.994,0.69634,0.2096,668.5,357.8,0.992,0.67937,0.21256,652.2,362.8,1.0,0.75839,0.23646,728.1,403.6,1.0,0.59978,0.2225,575.8,379.8,0.879,0.72031,0.27323,691.5,466.4,0.037,0.55617,0.20728,533.9,353.8,0.494,0.6526,0.28274,626.5,482.6,0.015,0.54075,0.2036,519.1,347.5,0.491,0.6389,0.28452,613.3,485.7,0.023,0.55138,0.19904,529.3,339.8,0.493,0.62615,0.28186,601.1,481.1,0.022,0.55781,0.20134,535.5,343.7,0.406,0.63011,0.28058,604.9,478.9,0.023,0.64303,0.29205,617.3,498.5,1.0,0.67923,0.31808,652.1,543.0,1.0,0.53674,0.25619,515.3,437.3,0.768,0.62745,0.38047,602.4,649.5,0.964,0.52348,0.31277,502.5,533.9,0.76,0.6029,0.45789,578.8,781.6,0.983,0.53407,0.32784,512.7,559.6,0.83,0.6092,0.46911,584.8,800.8,0.98,0.48368,0.32501,464.3,554.8,0.596,0.56436,0.48974,541.8,836.0,0.934
1364,37.67,960,1707,0.6954,0.2056,667.6,351.0,0.996,0.69612,0.20081,668.3,342.8,0.996,0.69648,0.20017,668.6,341.7,0.996,0.69643,0.19975,668.6,341.0,0.997,0.7073,0.20298,679.0,346.5,0.997,0.71105,0.20385,682.6,348.0,0.997,0.71484,0.20466,686.2,349.4,0.998,0.70225,0.20044,674.2,342.2,0.998,0.72606,0.20603,697.0,351.7,0.997,0.70047,0.20828,672.5,355.5,0.994,0.70382,0.21051,675.7,359.3,0.992,0.67961,0.21371,652.4,364.8,1.0,0.76034,0.23834,729.9,406.8,1.0,0.59979,0.22364,575.8,381.8,0.886,0.72069,0.27298,691.9,466.0,0.046,0.55726,0.20787,535.0,354.8,0.508,0.6516,0.28312,625.5,483.3,0.016,0.54209,0.20384,520.4,347.9,0.499,0.63683,0.28503,611.4,486.5,0.023,0.55231,0.19908,530.2,339.8,0.501,0.62313,0.28274,598.2,482.6,0.022,0.55869,0.20147,536.3,343.9,0.414,0.62756,0.28131,602.5,480.2,0.023,0.64287,0.29204,617.2,498.5,1.0,0.67922,0.31813,652.0,543.0,1.0,0.53657,0.25609,515.1,437.2,0.779,0.62751,0.38048,602.4,649.5,0.966,0.52392,0.31248,503.0,533.4,0.767,0.60297,0.45791,578.9,781.6,0.984,0.53457,0.32762,513.2,559.3,0.836,0.60921,0.46898,584.8,800.6,0.981,0.48352,0.32341,464.2,552.1,0.599,0.56458,0.48976,542.0,836.0,0.935
1365,37.698,960,1707,0.70339,0.2059,675.3,351.5,0.996,0.70118,0.20151,673.1,344.0,0.997,0.70182,0.20119,673.7,343.4,0.997,0.70187,0.20107,673.8,343.2,0.997,0.70745,0.20321,679.2,346.9,0.997,0.70957,0.20388,681.2,348.0,0.997,0.72167,0.20542,692.8,350.7,0.998,0.7063,0.20218,678.0,345.1,0.999,0.73333,0.20706,704.0,353.5,0.997,0.70479,0.20866,676.6,356.2,0.995,0.70885,0.21114,680.5,360.4,0.993,0.67965,0.2148,652.5,366.7,1.0,0.76286,0.23831,732.3,406.8,1.0,0.59948,0.22495,575.5,384.0,0.878,0.74773,0.23824,717.8,406.7,0.044,0.5593,0.20792,536.9,354.9,0.498,0.71539,0.21318,686.8,363.9,0.018,0.54468,0.20333,522.9,347.1,0.49,0.70524,0.20403,677.0,348.3,0.026,0.55539,0.19883,533.2,339.4,0.492,0.70372,0.20396,675.6,348.2,0.025,0.56186,0.20141,539.4,343.8,0.406,0.70136,0.20723,673.3,353.7,0.026,0.64252,0.29205,616.8,498.5,1.0,0.67896,0.31819,651.8,543.2,1.0,0.5365,0.25603,515.0,437.0,0.778,0.62751,0.3805,602.4,649.5,0.967,0.52383,0.31233,502.9,533.1,0.763,0.60307,0.45788,578.9,781.6,0.984,0.53428,0.32755,512.9,559.1,0.838,0.60929,0.46877,584.9,800.2,0.981,0.48219,0.32188,462.9,549.4,0.598,0.56473,0.48975,542.1,836.0,0.936
1366,37.725,960,1707,0.70155,0.20578,673.5,351.3,0.996,0.70026,0.20154,672.3,344.0,0.997,0.70065,0.20122,672.6,343.5,0.997,0.70051,0.2011,672.5,343.3,0.998,0.70603,0.20275,677.8,346.1,0.997,0.70727,0.20312,679.0,346.7,0.997,0.71386,0.204,685.3,348.2,0.998,0.70585,0.20235,677.6,345.4,0.999,0.73135,0.20689,702.1,353.2,0.997,0.70306,0.20869,674.9,356.2,0.995,0.70749,0.21077,679.2,359.8,0.993,0.67931,0.2157,652.1,368.2,1.0,0.7628,0.238,732.3,406.3,1.0,0.59952,0.22682,575.5,387.2,0.885,0.73846,0.2448,708.9,417.9,0.042,0.55966,0.20855,537.3,356.0,0.514,0.67873,0.25369,651.6,433.0,0.018,0.54489,0.20357,523.1,347.5,0.503,0.66729,0.25579,640.6,436.6,0.026,0.55529,0.19886,533.1,339.5,0.505,0.65468,0.25709,628.5,438.8,0.025,0.56177,0.20156,539.3,344.1,0.419,0.65563,0.2566,629.4,438.0,0.026,0.64237,0.29215,616.7,498.7,1.0,0.67895,0.31832,651.8,543.4,1.0,0.53607,0.25604,514.6,437.1,0.785,0.6275,0.38046,602.4,649.4,0.969,0.52375,0.31232,502.8,533.1,0.762,0.60326,0.45773,579.1,781.3,0.984,0.5352,0.32753,513.8,559.1,0.837,0.60986,0.46856,585.5,799.8,0.981,0.48212,0.32193,462.8,549.5,0.592,0.56479,0.48969,542.2,835.9,0.936
1367,37.753,960,1707,0.70128,0.20604,673.2,351.7,0.997,0.70011,0.20189,672.1,344.6,0.997,0.70049,0.20164,672.5,344.2,0.997,0.70031,0.20154,672.3,344.0,0.998,0.7047,0.20282,676.5,346.2,0.998,0.70581,0.20313,677.6,346.7,0.998,0.70968,0.20391,681.3,348.1,0.998,0.70415,0.2026,676.0,345.8,0.999,0.71947,0.20657,690.7,352.6,0.998,0.70289,0.20915,674.8,357.0,0.996,0.70673,0.21079,678.5,359.8,0.994,0.67947,0.21646,652.3,369.5,1.0,0.76277,0.23751,732.3,405.4,1.0,0.6032,0.22821,579.1,389.6,0.888,0.74058,0.24874,711.0,424.6,0.041,0.56237,0.21184,539.9,361.6,0.525,0.70001,0.24163,672.0,412.5,0.02,0.5465,0.20856,524.6,356.0,0.514,0.69623,0.23948,668.4,408.8,0.029,0.55545,0.20202,533.2,344.8,0.517,0.68496,0.2378,657.6,405.9,0.028,0.56189,0.20475,539.4,349.5,0.43,0.68287,0.23852,655.6,407.2,0.029,0.64235,0.29254,616.7,499.4,1.0,0.67909,0.31874,651.9,544.1,1.0,0.53565,0.2559,514.2,436.8,0.797,0.62751,0.38046,602.4,649.4,0.971,0.52376,0.31224,502.8,533.0,0.774,0.60341,0.45766,579.3,781.2,0.985,0.53523,0.32751,513.8,559.1,0.846,0.6101,0.46832,585.7,799.4,0.982,0.48275,0.32172,463.4,549.2,0.61,0.56477,0.4897,542.2,835.9,0.939
1368,37.781,960,1707,0.70004,0.20685,672.0,353.1,0.997,0.69952,0.20281,671.5,346.2,0.997,0.69967,0.2025,671.7,345.7,0.998,0.69953,0.20237,671.5,345.4,0.998,0.70417,0.20335,676.0,347.1,0.998,0.70548,0.20346,677.3,347.3,0.998,0.70776,0.204,679.5,348.2,0.998,0.70344,0.20324,675.3,346.9,0.999,0.72126,0.20703,692.4,353.4,0.998,0.70192,0.20998,673.8,358.4,0.996,0.70561,0.21128,677.4,360.7,0.994,0.68163,0.21691,654.4,370.3,1.0,0.7625,0.23781,732.0,405.9,1.0,0.61179,0.22973,587.3,392.2,0.889,0.73129,0.2517,702.0,429.6,0.039,0.56316,0.21468,540.6,366.5,0.535,0.6835,0.24561,656.2,419.3,0.02,0.54711,0.21296,525.2,363.5,0.525,0.68002,0.24371,652.8,416.0,0.029,0.55524,0.20655,533.0,352.6,0.527,0.66831,0.24183,641.6,412.8,0.028,0.56171,0.20835,539.2,355.6,0.439,0.66567,0.24245,639.0,413.9,0.029,0.64244,0.29283,616.7,499.9,1.0,0.67895,0.31933,651.8,545.1,1.0,0.53566,0.25587,514.2,436.8,0.788,0.62751,0.38112,602.4,650.6,0.97,0.52373,0.3123,502.8,533.1,0.767,0.60343,0.45795,579.3,781.7,0.984,0.53508,0.32753,513.7,559.1,0.844,0.61,0.46903,585.6,800.6,0.982,0.48277,0.32145,463.5,548.7,0.602,0.56443,0.4899,541.9,836.3,0.937
1369,37.808,960,1707,0.69853,0.20831,670.6,355.6,0.997,0.69864,0.20459,670.7,349.2,0.998,0.6992,0.20431,671.2,348.7,0.998,0.69944,0.20409,671.5,348.4,0.998,0.70139,0.20482,673.3,349.6,0.998,0.70214,0.20466,674.1,349.3,0.998,0.70353,0.20474,675.4,349.5,0.999,0.70291,0.20464,674.8,349.3,0.999,0.72194,0.20784,693.1,354.8,0.998,0.70117,0.21128,673.1,360.6,0.996,0.70348,0.21207,675.3,362.0,0.995,0.68288,0.21732,655.6,371.0,1.0,0.76258,0.23741,732.1,405.3,1.0,0.61755,0.2322,592.9,396.4,0.887,0.74473,0.23294,714.9,397.6,0.037,0.56383,0.21746,541.3,371.2,0.55,0.71509,0.21081,686.5,359.9,0.021,0.54775,0.21579,525.8,368.4,0.543,0.71518,0.20475,686.6,349.5,0.032,0.5551,0.2093,532.9,357.3,0.544,0.70457,0.20226,676.4,345.3,0.031,0.56159,0.21103,539.1,360.2,0.452,0.70635,0.20422,678.1,348.6,0.032,0.64246,0.2932,616.8,500.5,1.0,0.67888,0.31989,651.7,546.1,1.0,0.53671,0.25609,515.2,437.2,0.747,0.62751,0.38139,602.4,651.0,0.961,0.52365,0.31244,502.7,533.3,0.734,0.60348,0.45794,579.3,781.7,0.978,0.53525,0.32773,513.8,559.4,0.828,0.60996,0.46917,585.6,800.9,0.978,0.48304,0.32149,463.7,548.8,0.577,0.56442,0.48985,541.8,836.2,0.925
1370,37.836,960,1707,0.69332,0.20965,665.6,357.9,0.997,0.6946,0.20606,666.8,351.7,0.998,0.69499,0.20573,667.2,351.2,0.998,0.69507,0.2054,667.3,350.6,0.998,0.69684,0.20627,669.0,352.1,0.998,0.69788,0.20602,670.0,351.7,0.998,0.69871,0.20577,670.8,351.2,0.999,0.70035,0.20577,672.3,351.2,0.999,0.71091,0.20774,682.5,354.6,0.998,0.69621,0.21237,668.4,362.5,0.997,0.69918,0.21293,671.2,363.5,0.995,0.68359,0.21846,656.2,372.9,1.0,0.76348,0.23357,732.9,398.7,1.0,0.61742,0.23517,592.7,401.4,0.888,0.7571,0.22109,726.8,377.4,0.036,0.56362,0.21932,541.1,374.4,0.561,0.72819,0.20594,699.1,351.5,0.023,0.54755,0.21721,525.6,370.8,0.555,0.72709,0.20103,698.0,343.2,0.034,0.55473,0.21164,532.5,361.3,0.557,0.7162,0.19794,687.6,337.9,0.032,0.56109,0.21346,538.6,364.4,0.461,0.71996,0.19976,691.2,341.0,0.033,0.64261,0.2934,616.9,500.8,1.0,0.67873,0.31986,651.6,546.0,1.0,0.53695,0.25641,515.5,437.7,0.736,0.62761,0.3814,602.5,651.0,0.957,0.52362,0.31252,502.7,533.5,0.722,0.60348,0.45791,579.3,781.7,0.975,0.53525,0.32869,513.8,561.1,0.821,0.60995,0.4691,585.6,800.8,0.975,0.48166,0.32292,462.4,551.2,0.57,0.5644,0.48979,541.8,836.1,0.918
1371,37.864,960,1707,0.68872,0.21053,661.2,359.4,0.998,0.69091,0.20689,663.3,353.2,0.998,0.69149,0.20651,663.8,352.5,0.998,0.69183,0.20611,664.2,351.8,0.999,0.69193,0.20723,664.3,353.7,0.998,0.69289,0.20704,665.2,353.4,0.998,0.69343,0.20671,665.7,352.9,0.999,0.69852,0.20623,670.6,352.0,0.999,0.70259,0.20779,674.5,354.7,0.998,0.69237,0.21293,664.7,363.5,0.997,0.69424,0.21335,666.5,364.2,0.995,0.68477,0.21933,657.4,374.4,1.0,0.76253,0.22977,732.0,392.2,1.0,0.61835,0.23894,593.6,407.9,0.888,0.76631,0.22054,735.7,376.5,0.036,0.5635,0.22337,541.0,381.3,0.575,0.74555,0.20777,715.7,354.7,0.023,0.54759,0.22236,525.7,379.6,0.571,0.74689,0.20408,717.0,348.4,0.034,0.55456,0.21592,532.4,368.6,0.573,0.72991,0.20025,700.7,341.8,0.033,0.561,0.21749,538.6,371.3,0.474,0.73171,0.20453,702.4,349.1,0.033,0.64227,0.2934,616.6,500.8,1.0,0.67815,0.31983,651.0,545.9,1.0,0.5368,0.25658,515.3,438.0,0.726,0.62768,0.38205,602.6,652.2,0.956,0.52354,0.31361,502.6,535.3,0.705,0.60346,0.45803,579.3,781.9,0.973,0.53613,0.33033,514.7,563.9,0.81,0.60982,0.4691,585.4,800.8,0.974,0.48144,0.32384,462.2,552.8,0.559,0.56439,0.4897,541.8,835.9,0.914
1372,37.891,960,1707,0.68592,0.2106,658.5,359.5,0.998,0.68889,0.20691,661.3,353.2,0.998,0.69001,0.20653,662.4,352.5,0.998,0.69063,0.20611,663.0,351.8,0.999,0.68836,0.20737,660.8,354.0,0.998,0.68895,0.20727,661.4,353.8,0.998,0.68922,0.20702,661.7,353.4,0.999,0.69852,0.20618,670.6,352.0,0.999,0.6985,0.20788,670.6,354.9,0.998,0.69113,0.2129,663.5,363.4,0.997,0.69168,0.21344,664.0,364.3,0.995,0.68898,0.21917,661.4,374.1,1.0,0.75441,0.23048,724.2,393.4,1.0,0.62181,0.23968,596.9,409.1,0.874,0.7633,0.22609,732.8,385.9,0.034,0.56329,0.22638,540.8,386.4,0.568,0.72618,0.20629,697.1,352.1,0.028,0.54756,0.22697,525.7,387.4,0.568,0.72307,0.19997,694.1,341.3,0.041,0.55068,0.22107,528.7,377.4,0.569,0.71263,0.19923,684.1,340.1,0.04,0.55696,0.22217,534.7,379.2,0.467,0.71425,0.20174,685.7,344.4,0.039,0.64248,0.29339,616.8,500.8,1.0,0.67732,0.31964,650.2,545.6,1.0,0.53724,0.25688,515.7,438.5,0.673,0.62769,0.38203,602.6,652.1,0.928,0.52324,0.31357,502.3,535.3,0.652,0.60347,0.45796,579.3,781.7,0.955,0.53606,0.33074,514.6,564.6,0.77,0.60983,0.4689,585.4,800.4,0.962,0.47914,0.32836,460.0,560.5,0.52,0.56412,0.4894,541.6,835.4,0.887
1373,37.919,960,1707,0.68422,0.21149,656.9,361.0,0.998,0.68616,0.20807,658.7,355.2,0.998,0.68739,0.2076,659.9,354.4,0.998,0.68776,0.20721,660.3,353.7,0.999,0.68608,0.20852,658.6,356.0,0.998,0.68692,0.20843,659.4,355.8,0.998,0.68764,0.20816,660.1,355.3,0.999,0.69718,0.20756,669.3,354.3,0.999,0.69818,0.20838,670.3,355.7,0.998,0.68992,0.21361,662.3,364.6,0.997,0.69089,0.21422,663.3,365.7,0.995,0.69218,0.21906,664.5,373.9,1.0,0.75495,0.23339,724.8,398.4,1.0,0.62328,0.24174,598.3,412.7,0.868,0.74267,0.24658,713.0,420.9,0.031,0.56321,0.22887,540.7,390.7,0.57,0.70952,0.22409,681.1,382.5,0.026,0.54751,0.22988,525.6,392.4,0.574,0.71185,0.2156,683.4,368.0,0.038,0.54923,0.22452,527.3,383.3,0.575,0.70422,0.21061,676.1,359.5,0.037,0.55581,0.2247,533.6,383.6,0.468,0.69444,0.21081,666.7,359.9,0.037,0.64149,0.29321,615.8,500.5,1.0,0.67716,0.31964,650.1,545.6,1.0,0.53746,0.25716,516.0,439.0,0.625,0.6277,0.38203,602.6,652.1,0.905,0.52332,0.31322,502.4,534.7,0.612,0.60351,0.45812,579.4,782.0,0.943,0.53574,0.32849,514.3,560.7,0.748,0.61004,0.4689,585.6,800.4,0.956,0.47928,0.3278,460.1,559.6,0.489,0.56417,0.48941,541.6,835.4,0.866
1374,37.946,960,1707,0.68434,0.21317,657.0,363.9,0.998,0.68545,0.21001,658.0,358.5,0.998,0.68649,0.20973,659.0,358.0,0.998,0.68621,0.20939,658.8,357.4,0.999,0.68593,0.21021,658.5,358.8,0.998,0.68727,0.2101,659.8,358.6,0.998,0.68828,0.20975,660.7,358.0,0.999,0.69712,0.20988,669.2,358.3,0.999,0.70692,0.21161,678.6,361.2,0.998,0.68993,0.21541,662.3,367.7,0.997,0.69134,0.21611,663.7,368.9,0.995,0.6934,0.21969,665.7,375.0,1.0,0.75561,0.23801,725.4,406.3,1.0,0.62445,0.2444,599.5,417.2,0.863,0.74462,0.24313,714.8,415.0,0.029,0.56304,0.22918,540.5,391.2,0.583,0.71467,0.22247,686.1,379.8,0.026,0.5471,0.2305,525.2,393.5,0.589,0.71601,0.21623,687.4,369.1,0.038,0.54655,0.22589,524.7,385.6,0.59,0.70787,0.20827,679.6,355.5,0.037,0.55295,0.22582,530.8,385.5,0.48,0.70533,0.20877,677.1,356.4,0.037,0.64141,0.29323,615.8,500.5,1.0,0.67636,0.3201,649.3,546.4,1.0,0.53876,0.25721,517.2,439.1,0.591,0.62772,0.3819,602.6,651.9,0.888,0.5233,0.31272,502.4,533.8,0.584,0.60358,0.45805,579.4,781.9,0.934,0.53609,0.32746,514.6,559.0,0.737,0.61005,0.46864,585.6,800.0,0.952,0.47931,0.32736,460.1,558.8,0.472,0.56503,0.48759,542.4,832.3,0.856
1375,37.974,960,1707,0.68654,0.21336,659.1,364.2,0.995,0.68638,0.21014,658.9,358.7,0.996,0.68759,0.20996,660.1,358.4,0.996,0.68778,0.20975,660.3,358.0,0.997,0.68703,0.2104,659.5,359.2,0.996,0.6877,0.2103,660.2,359.0,0.995,0.69807,0.21133,670.1,360.7,0.997,0.69817,0.20789,670.2,354.9,0.998,0.71524,0.21305,686.6,363.7,0.994,0.69596,0.21605,668.1,368.8,0.994,0.69605,0.21687,668.2,370.2,0.989,0.69768,0.21966,669.8,375.0,1.0,0.75569,0.2427,725.5,414.3,1.0,0.62789,0.24556,602.8,419.2,0.847,0.72089,0.27189,692.1,464.1,0.027,0.56302,0.23106,540.5,394.4,0.561,0.66241,0.28377,635.9,484.4,0.024,0.54627,0.23197,524.4,396.0,0.568,0.65455,0.28684,628.4,489.6,0.036,0.54534,0.22675,523.5,387.1,0.569,0.64161,0.28364,615.9,484.2,0.034,0.55169,0.22662,529.6,386.8,0.458,0.64234,0.28204,616.6,481.4,0.034,0.6425,0.2932,616.8,500.5,1.0,0.6764,0.32031,649.3,546.8,1.0,0.54064,0.25726,519.0,439.1,0.545,0.62832,0.37988,603.2,648.5,0.859,0.52376,0.31227,502.8,533.0,0.538,0.60381,0.45722,579.7,780.5,0.911,0.53659,0.3259,515.1,556.3,0.699,0.61031,0.46803,585.9,798.9,0.939,0.4798,0.32725,460.6,558.6,0.433,0.56503,0.48765,542.4,832.4,0.813
1376,38.002,960,1707,0.68638,0.214,658.9,365.3,0.994,0.68599,0.21056,658.5,359.4,0.995,0.68646,0.21027,659.0,358.9,0.995,0.68657,0.21007,659.1,358.6,0.997,0.68706,0.21087,659.6,359.9,0.995,0.68801,0.2108,660.5,359.8,0.994,0.69471,0.21131,666.9,360.7,0.996,0.69749,0.20971,669.6,358.0,0.998,0.71509,0.21263,686.5,363.0,0.993,0.69429,0.21665,666.5,369.8,0.993,0.69564,0.2176,667.8,371.4,0.987,0.69889,0.2198,670.9,375.2,1.0,0.75586,0.24251,725.6,414.0,1.0,0.63125,0.24693,606.0,421.5,0.841,0.71684,0.27097,688.2,462.5,0.024,0.56292,0.23253,540.4,396.9,0.548,0.66567,0.27764,639.0,473.9,0.022,0.54489,0.23288,523.1,397.5,0.558,0.65937,0.2796,633.0,477.3,0.033,0.5443,0.2274,522.5,388.2,0.558,0.64805,0.27579,622.1,470.8,0.032,0.55078,0.22767,528.8,388.6,0.445,0.64792,0.27489,622.0,469.2,0.031,0.64392,0.29322,618.2,500.5,1.0,0.67641,0.32102,649.4,548.0,1.0,0.54348,0.25754,521.7,439.6,0.507,0.62784,0.38113,602.7,650.6,0.828,0.52396,0.31227,503.0,533.0,0.504,0.60376,0.45722,579.6,780.5,0.895,0.53658,0.32541,515.1,555.5,0.672,0.61026,0.46826,585.9,799.3,0.927,0.4804,0.32699,461.2,558.2,0.405,0.56474,0.48772,542.1,832.5,0.785
1377,38.029,960,1707,0.68604,0.21629,658.6,369.2,0.994,0.68534,0.2129,657.9,363.4,0.995,0.68574,0.21257,658.3,362.9,0.995,0.68548,0.21218,658.1,362.2,0.996,0.68685,0.21353,659.4,364.5,0.994,0.68801,0.21357,660.5,364.6,0.994,0.69257,0.21365,664.9,364.7,0.996,0.69638,0.2123,668.5,362.4,0.997,0.71499,0.21398,686.4,365.3,0.992,0.69259,0.21876,664.9,373.4,0.992,0.69491,0.22001,667.1,375.6,0.985,0.69901,0.22039,671.0,376.2,1.0,0.75615,0.24278,725.9,414.4,1.0,0.63158,0.2473,606.3,422.1,0.837,0.72054,0.27068,691.7,462.1,0.022,0.56287,0.23348,540.4,398.5,0.545,0.67139,0.27242,644.5,465.0,0.02,0.54284,0.23345,521.1,398.5,0.556,0.66551,0.27294,638.9,465.9,0.03,0.54362,0.22819,521.9,389.5,0.557,0.65396,0.26881,627.8,458.9,0.029,0.55039,0.2285,528.4,390.0,0.44,0.65369,0.26843,627.5,458.2,0.029,0.64629,0.29352,620.4,501.0,1.0,0.67712,0.32147,650.0,548.8,1.0,0.54561,0.25753,523.8,439.6,0.468,0.62793,0.38162,602.8,651.4,0.793,0.52461,0.31318,503.6,534.6,0.467,0.60343,0.45873,579.3,783.1,0.874,0.53684,0.32919,515.4,561.9,0.64,0.60913,0.47041,584.8,803.0,0.913,0.48402,0.3272,464.7,558.5,0.375,0.56436,0.48783,541.8,832.7,0.752
1378,38.057,960,1707,0.68407,0.21756,656.7,371.4,0.992,0.68314,0.21404,655.8,365.4,0.993,0.68357,0.21374,656.2,364.9,0.993,0.68355,0.2134,656.2,364.3,0.995,0.68532,0.21466,657.9,366.4,0.992,0.68666,0.21468,659.2,366.5,0.991,0.68923,0.21458,661.7,366.3,0.994,0.6952,0.2135,667.4,364.4,0.997,0.71314,0.21538,684.6,367.6,0.989,0.69108,0.21995,663.4,375.5,0.99,0.69417,0.22133,666.4,377.8,0.98,0.69913,0.22046,671.2,376.3,1.0,0.75623,0.24399,726.0,416.5,1.0,0.63371,0.24912,608.4,425.2,0.831,0.72097,0.27397,692.1,467.7,0.02,0.56282,0.23505,540.3,401.2,0.541,0.66862,0.27534,641.9,470.0,0.019,0.5422,0.23583,520.5,402.6,0.554,0.66207,0.27568,635.6,470.6,0.028,0.54314,0.22996,521.4,392.5,0.554,0.6495,0.27145,623.5,463.4,0.027,0.55021,0.22998,528.2,392.6,0.435,0.64984,0.271,623.8,462.6,0.027,0.64639,0.29343,620.5,500.9,1.0,0.67826,0.32157,651.1,548.9,1.0,0.54624,0.25754,524.4,439.6,0.432,0.6279,0.38214,602.8,652.3,0.764,0.5244,0.31316,503.4,534.6,0.433,0.60316,0.45932,579.0,784.1,0.859,0.53707,0.32718,515.6,558.5,0.61,0.60818,0.47203,583.9,805.8,0.903,0.48721,0.32758,467.7,559.2,0.347,0.56333,0.4877,540.8,832.5,0.726
1379,38.084,960,1707,0.68534,0.21887,657.9,373.6,0.992,0.68405,0.21515,656.7,367.3,0.993,0.6849,0.21477,657.5,366.6,0.994,0.68539,0.21437,658.0,365.9,0.996,0.68702,0.21592,659.5,368.6,0.993,0.68836,0.21589,660.8,368.5,0.992,0.68986,0.21569,662.3,368.2,0.994,0.69751,0.21279,669.6,363.2,0.997,0.71823,0.21778,689.5,371.7,0.99,0.6953,0.22115,667.5,377.5,0.991,0.69736,0.22263,669.5,380.0,0.981,0.70051,0.22172,672.5,378.5,1.0,0.75942,0.24616,729.0,420.2,1.0,0.63437,0.25047,609.0,427.6,0.831,0.72785,0.25583,698.7,436.7,0.018,0.56363,0.23612,541.1,403.1,0.553,0.69272,0.24556,665.0,419.2,0.017,0.5426,0.23688,520.9,404.4,0.565,0.6925,0.23961,664.8,409.0,0.026,0.54362,0.23099,521.9,394.3,0.564,0.68121,0.23543,654.0,401.9,0.025,0.5506,0.23106,528.6,394.4,0.442,0.67837,0.23706,651.2,404.7,0.025,0.64732,0.29422,621.4,502.2,1.0,0.67907,0.32252,651.9,550.5,1.0,0.54765,0.25848,525.7,441.2,0.41,0.62794,0.38291,602.8,653.6,0.754,0.52447,0.31682,503.5,540.8,0.415,0.60319,0.4595,579.1,784.4,0.855,0.53909,0.33177,517.5,566.3,0.601,0.6082,0.47229,583.9,806.2,0.9,0.48908,0.32941,469.5,562.3,0.334,0.56326,0.48766,540.7,832.4,0.72
1380,38.112,960,1707,0.68538,0.22113,658.0,377.5,0.991,0.68346,0.21748,656.1,371.2,0.993,0.6842,0.21705,656.8,370.5,0.993,0.68462,0.21657,657.2,369.7,0.996,0.6864,0.21833,658.9,372.7,0.992,0.68783,0.21837,660.3,372.7,0.991,0.68946,0.21821,661.9,372.5,0.994,0.69773,0.21576,669.8,368.3,0.997,0.71802,0.21902,689.3,373.9,0.988,0.69491,0.22304,667.1,380.7,0.99,0.69727,0.2247,669.4,383.6,0.979,0.7022,0.22193,674.1,378.8,1.0,0.76249,0.24846,732.0,424.1,1.0,0.63713,0.25215,611.6,430.4,0.823,0.72805,0.26427,698.9,451.1,0.017,0.56556,0.23769,542.9,405.7,0.547,0.69427,0.24708,666.5,421.8,0.016,0.54369,0.23791,521.9,406.1,0.56,0.69437,0.24204,666.6,413.2,0.024,0.54529,0.23138,523.5,395.0,0.56,0.68354,0.23698,656.2,404.5,0.024,0.55177,0.23164,529.7,395.4,0.435,0.6808,0.23855,653.6,407.2,0.023,0.64904,0.29459,623.1,502.9,1.0,0.68023,0.3228,653.0,551.0,1.0,0.54943,0.25876,527.5,441.7,0.382,0.62834,0.38296,603.2,653.7,0.737,0.52433,0.3167,503.4,540.6,0.397,0.60355,0.45946,579.4,784.3,0.851,0.53756,0.33072,516.1,564.5,0.589,0.60822,0.47224,583.9,806.1,0.898,0.48893,0.32926,469.4,562.0,0.319,0.56352,0.48758,541.0,832.3,0.713
1381,38.14,960,1707,0.68547,0.22275,658.0,380.2,0.988,0.68362,0.21929,656.3,374.3,0.99,0.68441,0.2188,657.0,373.5,0.99,0.68478,0.21823,657.4,372.5,0.993,0.68651,0.2204,659.1,376.2,0.988,0.68792,0.22059,660.4,376.6,0.987,0.68963,0.22059,662.0,376.5,0.991,0.69806,0.21769,670.1,371.6,0.996,0.71791,0.22015,689.2,375.8,0.984,0.69485,0.22447,667.1,383.2,0.986,0.6972,0.2263,669.3,386.3,0.972,0.70323,0.22247,675.1,379.8,1.0,0.76556,0.25024,734.9,427.2,1.0,0.63854,0.25289,613.0,431.7,0.825,0.72821,0.28537,699.1,487.1,0.016,0.56675,0.23913,544.1,408.2,0.535,0.684,0.2814,656.6,480.4,0.015,0.5449,0.23909,523.1,408.1,0.548,0.67907,0.28075,651.9,479.2,0.022,0.54734,0.23189,525.5,395.8,0.546,0.66849,0.27504,641.8,469.5,0.022,0.55315,0.23245,531.0,396.8,0.422,0.669,0.27439,642.2,468.4,0.021,0.65218,0.29497,626.1,503.5,1.0,0.68246,0.32312,655.2,551.6,1.0,0.55012,0.2605,528.1,444.7,0.36,0.62892,0.38302,603.8,653.8,0.728,0.52452,0.31803,503.5,542.9,0.376,0.60373,0.45943,579.6,784.3,0.848,0.54568,0.34441,523.9,587.9,0.573,0.6081,0.47216,583.8,806.0,0.895,0.48934,0.33261,469.8,567.8,0.299,0.56419,0.48725,541.6,831.7,0.698
1382,38.167,960,1707,0.68553,0.22369,658.1,381.8,0.981,0.68371,0.22014,656.4,375.8,0.984,0.6845,0.21965,657.1,374.9,0.985,0.68489,0.21908,657.5,374.0,0.99,0.68644,0.22132,659.0,377.8,0.981,0.68782,0.22153,660.3,378.1,0.979,0.68925,0.22153,661.7,378.1,0.986,0.69994,0.21821,671.9,372.5,0.993,0.7178,0.22123,689.1,377.6,0.976,0.69475,0.22534,667.0,384.7,0.98,0.69713,0.22725,669.2,387.9,0.961,0.70661,0.22302,678.3,380.7,1.0,0.76643,0.25076,735.8,428.1,1.0,0.64033,0.25416,614.7,433.8,0.828,0.72834,0.28288,699.2,482.9,0.015,0.56681,0.23967,544.1,409.1,0.538,0.67494,0.28878,647.9,492.9,0.013,0.54486,0.23934,523.1,408.6,0.548,0.66742,0.28847,640.7,492.4,0.02,0.5475,0.23203,525.6,396.1,0.546,0.65547,0.2832,629.2,483.4,0.02,0.55349,0.2326,531.3,397.0,0.419,0.65738,0.28247,631.1,482.2,0.02,0.65554,0.29531,629.3,504.1,1.0,0.68478,0.32349,657.4,552.2,1.0,0.55063,0.26208,528.6,447.4,0.341,0.62971,0.38301,604.5,653.8,0.717,0.52427,0.3189,503.3,544.4,0.361,0.604,0.45941,579.8,784.2,0.844,0.54523,0.34536,523.4,589.5,0.566,0.60797,0.47206,583.6,805.8,0.894,0.48927,0.33241,469.7,567.4,0.284,0.5643,0.48721,541.7,831.7,0.687
1383,38.195,960,1707,0.68553,0.22316,658.1,380.9,0.975,0.68385,0.21959,656.5,374.8,0.979,0.68461,0.21913,657.2,374.1,0.98,0.68498,0.21863,657.6,373.2,0.986,0.68649,0.22064,659.0,376.6,0.975,0.68786,0.2208,660.3,376.9,0.973,0.68923,0.22078,661.7,376.9,0.982,0.69992,0.21788,671.9,371.9,0.992,0.71733,0.22081,688.6,376.9,0.97,0.6948,0.22484,667.0,383.8,0.976,0.6974,0.22669,669.5,387.0,0.952,0.70596,0.22397,677.7,382.3,1.0,0.76811,0.25031,737.4,427.3,1.0,0.63961,0.25465,614.0,434.7,0.835,0.72983,0.28308,700.6,483.2,0.014,0.56668,0.24009,544.0,409.8,0.545,0.67291,0.29314,646.0,500.4,0.012,0.5448,0.24002,523.0,409.7,0.551,0.66429,0.29343,637.7,500.9,0.019,0.54755,0.23271,525.6,397.2,0.549,0.65164,0.28822,625.6,492.0,0.018,0.55366,0.23318,531.5,398.0,0.42,0.65387,0.28722,627.7,490.3,0.018,0.65637,0.29588,630.1,505.1,1.0,0.68753,0.32385,660.0,552.8,1.0,0.55167,0.2619,529.6,447.1,0.326,0.63045,0.383,605.2,653.8,0.715,0.52388,0.31952,502.9,545.4,0.35,0.60474,0.45858,580.6,782.8,0.844,0.54093,0.34161,519.3,583.1,0.566,0.60865,0.4713,584.3,804.5,0.896,0.48436,0.33357,465.0,569.4,0.27,0.56553,0.48675,542.9,830.9,0.677
1384,38.223,960,1707,0.68799,0.22413,660.5,382.6,0.974,0.6869,0.22066,659.4,376.7,0.977,0.68671,0.22014,659.2,375.8,0.979,0.68696,0.21961,659.5,374.9,0.986,0.68857,0.22198,661.0,378.9,0.974,0.68985,0.22222,662.3,379.3,0.972,0.69184,0.22202,664.2,379.0,0.981,0.7003,0.21902,672.3,373.9,0.991,0.71836,0.22124,689.6,377.7,0.969,0.69582,0.22569,668.0,385.3,0.975,0.69896,0.22773,671.0,388.7,0.951,0.70543,0.22459,677.2,383.4,1.0,0.77002,0.24986,739.2,426.5,1.0,0.63971,0.25476,614.1,434.9,0.842,0.73287,0.28723,703.6,490.3,0.013,0.56732,0.2402,544.6,410.0,0.549,0.67451,0.2872,647.5,490.3,0.011,0.54519,0.24022,523.4,410.1,0.553,0.66734,0.2869,640.6,489.7,0.017,0.54821,0.23272,526.3,397.3,0.55,0.6554,0.28158,629.2,480.7,0.017,0.55458,0.2333,532.4,398.2,0.421,0.65669,0.28092,630.4,479.5,0.017,0.65892,0.29683,632.6,506.7,1.0,0.69024,0.32513,662.6,555.0,1.0,0.5556,0.26213,533.4,447.5,0.317,0.63198,0.3834,606.7,654.5,0.721,0.52319,0.31915,502.3,544.8,0.348,0.6046,0.45861,580.4,782.8,0.848,0.53129,0.34068,510.0,581.5,0.568,0.60694,0.47159,582.7,805.0,0.898,0.48224,0.33204,463.0,566.8,0.262,0.56797,0.48611,545.2,829.8,0.676
1385,38.25,960,1707,0.6881,0.22531,660.6,384.6,0.968,0.68689,0.2217,659.4,378.4,0.972,0.68687,0.22098,659.4,377.2,0.974,0.68734,0.22034,659.8,376.1,0.983,0.68857,0.22297,661.0,380.6,0.969,0.68985,0.22317,662.3,380.9,0.967,0.69167,0.22308,664.0,380.8,0.977,0.70215,0.21919,674.1,374.2,0.99,0.71817,0.22225,689.4,379.4,0.964,0.69603,0.22653,668.2,386.7,0.97,0.69933,0.22855,671.4,390.1,0.943,0.70845,0.22521,680.1,384.4,1.0,0.77173,0.25071,740.9,428.0,1.0,0.64051,0.2544,614.9,434.3,0.848,0.73633,0.29135,706.9,497.3,0.012,0.56814,0.24066,545.4,410.8,0.557,0.67588,0.29184,648.8,498.2,0.01,0.54564,0.24083,523.8,411.1,0.558,0.66895,0.29184,642.2,498.2,0.016,0.54955,0.23313,527.6,398.0,0.554,0.65686,0.28657,630.6,489.2,0.015,0.5563,0.23362,534.0,398.8,0.423,0.65817,0.28572,631.8,487.7,0.015,0.66378,0.29704,637.2,507.0,1.0,0.69675,0.32556,668.9,555.7,1.0,0.56028,0.26285,537.9,448.7,0.303,0.63593,0.38291,610.5,653.6,0.718,0.52304,0.31882,502.1,544.2,0.346,0.60438,0.45927,580.2,784.0,0.848,0.53004,0.33712,508.8,575.5,0.571,0.60381,0.4735,579.7,808.3,0.898,0.48233,0.3267,463.0,557.7,0.255,0.56813,0.48639,545.4,830.3,0.671
1386,38.278,960,1707,0.7463,0.22577,716.4,385.4,0.969,0.74641,0.22178,716.6,378.6,0.973,0.74441,0.22094,714.6,377.1,0.975,0.74237,0.22017,712.7,375.8,0.983,0.75818,0.22461,727.9,383.4,0.97,0.766,0.2257,735.4,385.3,0.968,0.76849,0.2264,737.7,386.5,0.978,0.73788,0.21961,708.4,374.9,0.99,0.77402,0.2284,743.1,389.9,0.966,0.73242,0.22643,703.1,386.5,0.972,0.74787,0.22986,718.0,392.4,0.946,0.71147,0.22543,683.0,384.8,1.0,0.77718,0.25306,746.1,432.0,1.0,0.64088,0.25466,615.2,434.7,0.854,0.73581,0.29306,706.4,500.3,0.012,0.56959,0.2408,546.8,411.1,0.554,0.67671,0.29194,649.6,498.3,0.01,0.54669,0.24084,524.8,411.1,0.547,0.66991,0.29236,643.1,499.1,0.015,0.551,0.23347,529.0,398.5,0.542,0.65707,0.28721,630.8,490.3,0.014,0.55813,0.23412,535.8,399.6,0.412,0.65875,0.28565,632.4,487.6,0.014,0.66502,0.29764,638.4,508.1,1.0,0.7007,0.326,672.7,556.5,1.0,0.56246,0.26372,540.0,450.2,0.313,0.63935,0.38243,613.8,652.8,0.738,0.52306,0.3189,502.1,544.4,0.357,0.605,0.45924,580.8,783.9,0.856,0.52869,0.33666,507.5,574.7,0.584,0.60387,0.47358,579.7,808.4,0.903,0.48239,0.32581,463.1,556.2,0.254,0.57097,0.48631,548.1,830.1,0.681
1387,38.305,960,1707,0.74423,0.22585,714.5,385.5,0.972,0.74854,0.22187,718.6,378.7,0.975,0.74598,0.22098,716.1,377.2,0.977,0.74363,0.22016,713.9,375.8,0.985,0.75864,0.22466,728.3,383.5,0.972,0.76226,0.22558,731.8,385.1,0.971,0.76769,0.22634,737.0,386.4,0.98,0.73782,0.21987,708.3,375.3,0.991,0.77418,0.22881,743.2,390.6,0.969,0.73555,0.22699,706.1,387.5,0.974,0.74457,0.23021,714.8,393.0,0.951,0.71085,0.2272,682.4,387.8,1.0,0.78167,0.25248,750.4,431.0,1.0,0.64213,0.25426,616.4,434.0,0.865,0.73603,0.28624,706.6,488.6,0.011,0.57015,0.24053,547.3,410.6,0.567,0.68058,0.27404,653.4,467.8,0.009,0.5482,0.24039,526.3,410.3,0.553,0.67513,0.27282,648.1,465.7,0.014,0.55216,0.23324,530.1,398.1,0.547,0.66571,0.26879,639.1,458.8,0.013,0.55892,0.23386,536.6,399.2,0.417,0.66555,0.26771,638.9,457.0,0.013,0.66904,0.29816,642.3,509.0,1.0,0.70456,0.32688,676.4,558.0,1.0,0.56458,0.26391,542.0,450.5,0.344,0.64121,0.38244,615.6,652.8,0.759,0.52289,0.31901,502.0,544.6,0.39,0.60505,0.45955,580.8,784.5,0.866,0.52686,0.33644,505.8,574.3,0.612,0.60399,0.47361,579.8,808.5,0.911,0.48224,0.32474,463.0,554.3,0.276,0.57062,0.48701,547.8,831.3,0.701
1388,38.333,960,1707,0.74114,0.22848,711.5,390.0,0.973,0.74468,0.22425,714.9,382.8,0.976,0.74214,0.22319,712.5,381.0,0.978,0.74038,0.22219,710.8,379.3,0.985,0.75347,0.22704,723.3,387.6,0.974,0.75653,0.22789,726.3,389.0,0.972,0.76017,0.22861,729.8,390.2,0.98,0.73799,0.22222,708.5,379.3,0.991,0.775,0.23132,744.0,394.9,0.97,0.73569,0.22973,706.3,392.2,0.976,0.74105,0.23304,711.4,397.8,0.953,0.71233,0.22777,683.8,388.8,1.0,0.78449,0.25506,753.1,435.4,1.0,0.64211,0.25421,616.4,433.9,0.872,0.73637,0.28868,706.9,492.8,0.011,0.57035,0.24114,547.5,411.6,0.587,0.6806,0.28171,653.4,480.9,0.009,0.5489,0.24048,526.9,410.5,0.569,0.67623,0.28024,649.2,478.4,0.013,0.55211,0.23361,530.0,398.8,0.561,0.66572,0.27495,639.1,469.3,0.013,0.55879,0.23428,536.4,399.9,0.431,0.66538,0.27407,638.8,467.8,0.013,0.66998,0.29872,643.2,509.9,1.0,0.70579,0.32854,677.6,560.8,1.0,0.56864,0.26504,545.9,452.4,0.386,0.64237,0.38249,616.7,652.9,0.778,0.52409,0.3176,503.1,542.1,0.426,0.60476,0.46083,580.6,786.6,0.874,0.52764,0.33422,506.5,570.5,0.643,0.6018,0.47612,577.7,812.7,0.917,0.48224,0.32299,463.0,551.3,0.306,0.57038,0.4872,547.6,831.7,0.719
1389,38.361,960,1707,0.74292,0.22888,713.2,390.7,0.973,0.7447,0.22448,714.9,383.2,0.976,0.74218,0.22346,712.5,381.5,0.978,0.73993,0.2225,710.3,379.8,0.985,0.75414,0.22715,724.0,387.7,0.974,0.75888,0.228,728.5,389.2,0.972,0.76219,0.22867,731.7,390.3,0.981,0.73923,0.2224,709.7,379.6,0.991,0.7718,0.23119,740.9,394.6,0.971,0.73718,0.23029,707.7,393.1,0.976,0.74346,0.23335,713.7,398.3,0.954,0.71394,0.22868,685.4,390.4,1.0,0.78509,0.25548,753.7,436.1,1.0,0.64215,0.25462,616.5,434.6,0.879,0.74239,0.28819,712.7,491.9,0.01,0.5704,0.24116,547.6,411.7,0.587,0.68062,0.28434,653.4,485.4,0.008,0.54986,0.24055,527.9,410.6,0.563,0.67642,0.2827,649.4,482.6,0.013,0.55208,0.234,530.0,399.4,0.554,0.66572,0.27692,639.1,472.7,0.012,0.55868,0.23473,536.3,400.7,0.425,0.66536,0.27609,638.7,471.3,0.012,0.67036,0.29875,643.5,510.0,1.0,0.70606,0.32891,677.8,561.4,1.0,0.57095,0.26579,548.1,453.7,0.406,0.64273,0.38258,617.0,653.1,0.794,0.52439,0.31759,503.4,542.1,0.437,0.60459,0.46111,580.4,787.1,0.879,0.52727,0.33425,506.2,570.6,0.663,0.60077,0.47626,576.7,813.0,0.923,0.48296,0.32316,463.6,551.6,0.31,0.57039,0.48785,547.6,832.8,0.73
1390,38.388,960,1707,0.74572,0.22865,715.9,390.3,0.971,0.74691,0.22409,717.0,382.5,0.974,0.74451,0.22311,714.7,380.9,0.976,0.74234,0.22219,712.6,379.3,0.984,0.75791,0.22656,727.6,386.7,0.972,0.76448,0.22731,733.9,388.0,0.971,0.76765,0.22788,736.9,389.0,0.98,0.74156,0.22198,711.9,378.9,0.991,0.77537,0.23013,744.4,392.8,0.97,0.73818,0.22993,708.6,392.5,0.975,0.74588,0.23283,716.0,397.4,0.953,0.71535,0.22962,686.7,392.0,1.0,0.78605,0.25477,754.6,434.9,1.0,0.64238,0.25487,616.7,435.1,0.868,0.73632,0.28673,706.9,489.4,0.01,0.5704,0.24117,547.6,411.7,0.564,0.67841,0.27965,651.3,477.4,0.008,0.55022,0.24036,528.2,410.3,0.538,0.67489,0.27726,647.9,473.3,0.012,0.55206,0.23383,530.0,399.1,0.528,0.66334,0.27246,636.8,465.1,0.012,0.5586,0.23462,536.3,400.5,0.402,0.66216,0.2719,635.7,464.1,0.012,0.67216,0.29904,645.3,510.5,1.0,0.70732,0.32928,679.0,562.1,1.0,0.57007,0.26643,547.3,454.8,0.391,0.64265,0.38332,616.9,654.3,0.806,0.5252,0.31782,504.2,542.5,0.427,0.60414,0.46143,580.0,787.7,0.883,0.52771,0.33478,506.6,571.5,0.658,0.59687,0.47748,573.0,815.1,0.925,0.48591,0.32151,466.5,548.8,0.295,0.57033,0.48788,547.5,832.8,0.731
1391,38.416,960,1707,0.73913,0.22921,709.6,391.3,0.968,0.74063,0.22491,711.0,383.9,0.971,0.74208,0.22403,712.4,382.4,0.973,0.73856,0.22315,709.0,380.9,0.982,0.74854,0.22666,718.6,386.9,0.97,0.75318,0.22768,723.1,388.6,0.968,0.75642,0.22858,726.2,390.2,0.978,0.73683,0.22245,707.4,379.7,0.99,0.76808,0.23008,737.4,392.7,0.967,0.73282,0.23038,703.5,393.3,0.972,0.74007,0.23299,710.5,397.7,0.949,0.71534,0.23022,686.7,393.0,1.0,0.78699,0.25447,755.5,434.4,1.0,0.64262,0.25576,616.9,436.6,0.859,0.74012,0.29105,710.5,496.8,0.009,0.57046,0.24133,547.6,411.9,0.531,0.6818,0.28297,654.5,483.0,0.007,0.55022,0.24026,528.2,410.1,0.505,0.67747,0.28078,650.4,479.3,0.011,0.55198,0.23371,529.9,398.9,0.495,0.66482,0.27552,638.2,470.3,0.011,0.55851,0.23459,536.2,400.5,0.376,0.66416,0.27485,637.6,469.2,0.011,0.674,0.29953,647.0,511.3,1.0,0.70988,0.33015,681.5,563.6,1.0,0.57076,0.26694,547.9,455.7,0.37,0.64312,0.38508,617.4,657.3,0.806,0.52518,0.3178,504.2,542.5,0.404,0.60343,0.46236,579.3,789.2,0.878,0.52784,0.33485,506.7,571.6,0.641,0.59579,0.47863,572.0,817.0,0.923,0.48521,0.322,465.8,549.7,0.275,0.56933,0.48807,546.6,833.1,0.718
1392,38.443,960,1707,0.75188,0.22881,721.8,390.6,0.969,0.75326,0.22464,723.1,383.5,0.972,0.75104,0.22381,721.0,382.0,0.974,0.74804,0.22299,718.1,380.6,0.983,0.76132,0.22631,730.9,386.3,0.971,0.76636,0.22731,735.7,388.0,0.969,0.76936,0.22822,738.6,389.6,0.979,0.74422,0.22217,714.4,379.2,0.99,0.77602,0.22952,745.0,391.8,0.969,0.74357,0.23,713.8,392.6,0.974,0.75192,0.23259,721.8,397.0,0.952,0.7167,0.23097,688.0,394.3,1.0,0.78882,0.25425,757.3,434.0,1.0,0.64431,0.25586,618.5,436.8,0.867,0.73976,0.28942,710.2,494.0,0.008,0.57043,0.24192,547.6,413.0,0.538,0.68234,0.27665,655.0,472.2,0.007,0.55021,0.24078,528.2,411.0,0.505,0.67787,0.27359,650.8,467.0,0.01,0.55198,0.23364,529.9,398.8,0.494,0.66645,0.26837,639.8,458.1,0.01,0.55845,0.2345,536.1,400.3,0.374,0.66579,0.26818,639.2,457.8,0.01,0.67618,0.30006,649.1,512.2,1.0,0.7109,0.33033,682.5,563.9,1.0,0.57142,0.26742,548.6,456.5,0.373,0.64459,0.3859,618.8,658.7,0.819,0.52406,0.31821,503.1,543.2,0.408,0.6034,0.4623,579.3,789.1,0.885,0.52547,0.33543,504.5,572.6,0.649,0.59554,0.47832,571.7,816.5,0.927,0.48111,0.3214,461.9,548.6,0.27,0.56896,0.48793,546.2,832.9,0.727
1393,38.471,960,1707,0.75334,0.22872,723.2,390.4,0.971,0.75516,0.22448,725.0,383.2,0.973,0.75369,0.22356,723.5,381.6,0.976,0.75101,0.22274,721.0,380.2,0.984,0.76383,0.22624,733.3,386.2,0.972,0.7684,0.22707,737.7,387.6,0.971,0.77161,0.22784,740.7,388.9,0.98,0.74682,0.22242,716.9,379.7,0.991,0.77808,0.22952,747.0,391.8,0.97,0.74836,0.22999,718.4,392.6,0.975,0.7561,0.2327,725.9,397.2,0.955,0.71747,0.23177,688.8,395.6,1.0,0.79103,0.25484,759.4,435.0,1.0,0.64441,0.25615,618.6,437.2,0.874,0.74087,0.29578,711.2,504.9,0.008,0.57038,0.24205,547.6,413.2,0.542,0.68486,0.28554,657.5,487.4,0.006,0.55011,0.24092,528.1,411.3,0.503,0.68052,0.28357,653.3,484.1,0.01,0.5519,0.23359,529.8,398.7,0.491,0.66962,0.27775,642.8,474.1,0.009,0.55842,0.23438,536.1,400.1,0.37,0.66901,0.27688,642.2,472.6,0.009,0.67846,0.30113,651.3,514.0,1.0,0.714,0.33128,685.4,565.5,1.0,0.57561,0.26818,552.6,457.8,0.392,0.64469,0.38682,618.9,660.3,0.833,0.52401,0.31814,503.1,543.1,0.42,0.60319,0.4623,579.1,789.1,0.89,0.52481,0.33521,503.8,572.2,0.664,0.59542,0.4782,571.6,816.3,0.931,0.48104,0.31995,461.8,546.2,0.27,0.56834,0.48733,545.6,831.9,0.734
1394,38.499,960,1707,0.75595,0.22919,725.7,391.2,0.973,0.75785,0.22491,727.5,383.9,0.976,0.75691,0.22381,726.6,382.0,0.978,0.75449,0.22299,724.3,380.6,0.985,0.76588,0.22659,735.2,386.8,0.975,0.77003,0.22722,739.2,387.9,0.974,0.77317,0.22783,742.2,388.9,0.982,0.75062,0.22319,720.6,381.0,0.992,0.78041,0.23,749.2,392.6,0.973,0.75054,0.23074,720.5,393.9,0.977,0.75802,0.23317,727.7,398.0,0.958,0.71934,0.2327,690.6,397.2,1.0,0.79297,0.2552,761.3,435.6,1.0,0.64441,0.25609,618.6,437.1,0.88,0.74071,0.29514,711.1,503.8,0.007,0.56969,0.24218,546.9,413.4,0.553,0.68661,0.28525,659.1,486.9,0.006,0.54993,0.24124,527.9,411.8,0.509,0.68391,0.28334,656.6,483.7,0.009,0.55127,0.2336,529.2,398.8,0.496,0.67208,0.27755,645.2,473.8,0.009,0.55794,0.23433,535.6,400.0,0.376,0.6705,0.27679,643.7,472.5,0.009,0.67953,0.30233,652.4,516.1,1.0,0.71512,0.33305,686.5,568.5,1.0,0.57644,0.26812,553.4,457.7,0.424,0.64483,0.38822,619.0,662.7,0.844,0.52382,0.31888,502.9,544.3,0.437,0.6032,0.46301,579.1,790.4,0.894,0.52389,0.33558,502.9,572.8,0.681,0.5957,0.4786,571.9,817.0,0.934,0.4811,0.32037,461.9,546.9,0.28,0.56835,0.48734,545.6,831.9,0.743
1395,38.526,960,1707,0.7499,0.22965,719.9,392.0,0.975,0.75149,0.22573,721.4,385.3,0.977,0.75022,0.22492,720.2,383.9,0.979,0.74823,0.22425,718.3,382.8,0.986,0.75985,0.22724,729.5,387.9,0.976,0.76501,0.22794,734.4,389.1,0.975,0.7674,0.22838,736.7,389.8,0.983,0.74675,0.22497,716.9,384.0,0.992,0.77601,0.23024,745.0,393.0,0.975,0.74577,0.23142,715.9,395.0,0.979,0.75289,0.23404,722.8,399.5,0.961,0.72039,0.234,691.6,399.4,1.0,0.79344,0.25593,761.7,436.9,1.0,0.64526,0.25601,619.5,437.0,0.889,0.74708,0.30033,717.2,512.7,0.008,0.56936,0.24229,546.6,413.6,0.566,0.69335,0.29151,665.6,497.6,0.006,0.54977,0.24129,527.8,411.9,0.518,0.68912,0.29006,661.6,495.1,0.009,0.55122,0.23356,529.2,398.7,0.504,0.67853,0.28397,651.4,484.7,0.009,0.55791,0.23428,535.6,399.9,0.384,0.67803,0.2831,650.9,483.3,0.009,0.68084,0.30304,653.6,517.3,1.0,0.71683,0.33407,688.2,570.3,1.0,0.58006,0.26845,556.9,458.2,0.446,0.64486,0.38952,619.1,664.9,0.856,0.52316,0.31925,502.2,545.0,0.46,0.60322,0.46393,579.1,791.9,0.901,0.52147,0.33539,500.6,572.5,0.697,0.59578,0.47885,572.0,817.4,0.938,0.47935,0.31835,460.2,543.4,0.293,0.56741,0.48724,544.7,831.7,0.755
1396,38.554,960,1707,0.74699,0.23031,717.1,393.1,0.977,0.74852,0.22617,718.6,386.1,0.979,0.74712,0.22549,717.2,384.9,0.981,0.74532,0.22488,715.5,383.9,0.987,0.75686,0.22749,726.6,388.3,0.979,0.76249,0.22817,732.0,389.5,0.978,0.76543,0.2285,734.8,390.0,0.984,0.74475,0.22552,715.0,385.0,0.993,0.77417,0.23011,743.2,392.8,0.977,0.74354,0.23221,713.8,396.4,0.981,0.75052,0.23455,720.5,400.4,0.964,0.72107,0.23496,692.2,401.1,1.0,0.79635,0.25636,764.5,437.6,1.0,0.64518,0.25666,619.4,438.1,0.898,0.75536,0.30392,725.1,518.8,0.01,0.56845,0.2425,545.7,413.9,0.594,0.69912,0.29397,671.2,501.8,0.006,0.54907,0.24172,527.1,412.6,0.547,0.6933,0.29181,665.6,498.1,0.009,0.55076,0.23379,528.7,399.1,0.533,0.6828,0.28552,655.5,487.4,0.008,0.55738,0.23435,535.1,400.0,0.414,0.68325,0.28487,655.9,486.3,0.009,0.6845,0.30442,657.1,519.7,1.0,0.72064,0.33529,691.8,572.3,1.0,0.58183,0.26945,558.6,460.0,0.495,0.64522,0.391,619.4,667.4,0.868,0.5232,0.31922,502.3,544.9,0.509,0.60343,0.46411,579.3,792.2,0.909,0.52203,0.33381,501.1,569.8,0.725,0.59836,0.47859,574.4,817.0,0.944,0.47952,0.31717,460.3,541.4,0.352,0.56522,0.48724,542.6,831.7,0.775
1397,38.582,960,1707,0.74611,0.23161,716.3,395.4,0.978,0.74803,0.22718,718.1,387.8,0.981,0.74595,0.22639,716.1,386.4,0.982,0.7439,0.22575,714.1,385.4,0.988,0.75554,0.22842,725.3,389.9,0.98,0.76109,0.22883,730.6,390.6,0.979,0.76436,0.22905,733.8,391.0,0.985,0.74354,0.22641,713.8,386.5,0.993,0.77273,0.2305,741.8,393.5,0.979,0.74217,0.23362,712.5,398.8,0.982,0.74913,0.23576,719.2,402.4,0.966,0.72297,0.23533,694.1,401.7,1.0,0.79786,0.25717,765.9,439.0,1.0,0.64507,0.25669,619.3,438.2,0.906,0.75683,0.30365,726.6,518.3,0.01,0.56845,0.24259,545.7,414.1,0.616,0.6997,0.29253,671.7,499.4,0.006,0.54892,0.24183,527.0,412.8,0.568,0.69341,0.29006,665.7,495.1,0.009,0.55096,0.23377,528.9,399.0,0.555,0.68163,0.2835,654.4,483.9,0.008,0.55762,0.23434,535.3,400.0,0.436,0.68278,0.28297,655.5,483.0,0.008,0.68734,0.30573,659.8,521.9,1.0,0.72189,0.33635,693.0,574.1,1.0,0.58563,0.27019,562.2,461.2,0.525,0.64623,0.3921,620.4,669.3,0.878,0.5232,0.31939,502.3,545.2,0.546,0.60367,0.46399,579.5,792.0,0.916,0.52154,0.33382,500.7,569.8,0.746,0.60109,0.4777,577.0,815.4,0.948,0.47811,0.31633,459.0,540.0,0.389,0.56419,0.48809,541.6,833.2,0.79
1398,38.609,960,1707,0.73248,0.23413,703.2,399.7,0.979,0.73121,0.23018,702.0,392.9,0.982,0.73083,0.22953,701.6,391.8,0.983,0.73154,0.22845,702.3,390.0,0.989,0.73623,0.23104,706.8,394.4,0.981,0.73899,0.23115,709.4,394.6,0.98,0.74886,0.23246,718.9,396.8,0.986,0.73689,0.2287,707.4,390.4,0.994,0.76366,0.23234,733.1,396.6,0.98,0.73457,0.23583,705.2,402.6,0.983,0.74154,0.23767,711.9,405.7,0.968,0.7244,0.23556,695.4,402.1,1.0,0.79803,0.25762,766.1,439.8,1.0,0.6446,0.25671,618.8,438.2,0.909,0.75607,0.30142,725.8,514.5,0.01,0.56814,0.24255,545.4,414.0,0.62,0.6982,0.29202,670.3,498.5,0.005,0.54868,0.2418,526.7,412.7,0.573,0.69295,0.28715,665.2,490.2,0.008,0.5511,0.23375,529.1,399.0,0.559,0.68084,0.28127,653.6,480.1,0.008,0.55767,0.23432,535.4,400.0,0.44,0.6824,0.28179,655.1,481.0,0.008,0.69055,0.30721,662.9,524.4,1.0,0.72346,0.3376,694.5,576.3,1.0,0.5869,0.27046,563.4,461.7,0.539,0.64642,0.39275,620.6,670.4,0.879,0.52293,0.31953,502.0,545.4,0.572,0.60361,0.46434,579.5,792.6,0.92,0.52103,0.33341,500.2,569.1,0.761,0.6015,0.47778,577.4,815.6,0.95,0.47767,0.31665,458.6,540.5,0.411,0.56427,0.48809,541.7,833.2,0.797
1399,38.637,960,1707,0.71594,0.23572,687.3,402.4,0.981,0.71628,0.23253,687.6,396.9,0.983,0.71679,0.23203,688.1,396.1,0.985,0.71744,0.23127,688.7,394.8,0.99,0.71883,0.23293,690.1,397.6,0.983,0.72057,0.2326,691.7,397.0,0.982,0.72412,0.23281,695.2,397.4,0.987,0.72864,0.23005,699.5,392.7,0.994,0.75072,0.23316,720.7,398.0,0.981,0.72381,0.23687,694.9,404.3,0.984,0.72814,0.23816,699.0,406.5,0.97,0.72374,0.2361,694.8,403.0,1.0,0.79703,0.25712,765.1,438.9,1.0,0.64454,0.25666,618.8,438.1,0.912,0.75442,0.29033,724.2,495.6,0.009,0.56839,0.24243,545.7,413.8,0.637,0.69885,0.28138,670.9,480.3,0.005,0.54882,0.24179,526.9,412.7,0.591,0.69491,0.27741,667.1,473.5,0.008,0.55135,0.23379,529.3,399.1,0.577,0.68229,0.27324,655.0,466.4,0.007,0.55796,0.2343,535.6,399.9,0.458,0.68207,0.27406,654.8,467.8,0.008,0.69103,0.30751,663.4,524.9,1.0,0.72573,0.33801,696.7,577.0,1.0,0.58953,0.2709,566.0,462.4,0.548,0.64648,0.39238,620.6,669.8,0.882,0.52432,0.31838,503.3,543.5,0.593,0.60311,0.46431,579.0,792.6,0.924,0.52205,0.33197,501.2,566.7,0.772,0.59852,0.47788,574.6,815.7,0.952,0.47868,0.31633,459.5,540.0,0.43,0.5651,0.4874,542.5,832.0,0.808
1400,38.664,960,1707,0.71502,0.23745,686.4,405.3,0.982,0.71495,0.23395,686.4,399.4,0.985,0.71574,0.23326,687.1,398.2,0.986,0.7165,0.23242,687.8,396.7,0.991,0.71761,0.23448,688.9,400.3,0.984,0.7197,0.23419,690.9,399.8,0.983,0.72273,0.23395,693.8,399.4,0.988,0.72795,0.23077,698.8,393.9,0.995,0.74734,0.23346,717.4,398.5,0.983,0.72198,0.23845,693.1,407.0,0.985,0.72669,0.23954,697.6,408.9,0.972,0.7245,0.23682,695.5,404.3,1.0,0.79681,0.25704,764.9,438.8,1.0,0.64552,0.25664,619.7,438.1,0.916,0.75944,0.29841,729.1,509.4,0.008,0.56939,0.24242,546.6,413.8,0.657,0.70405,0.29847,675.9,509.5,0.005,0.54892,0.24177,527.0,412.7,0.613,0.69991,0.29797,671.9,508.6,0.007,0.55143,0.23378,529.4,399.1,0.599,0.68554,0.29309,658.1,500.3,0.007,0.55816,0.23426,535.8,399.9,0.482,0.68502,0.29241,657.6,499.1,0.007,0.69407,0.30875,666.3,527.0,1.0,0.7287,0.33886,699.6,578.4,1.0,0.59419,0.27103,570.4,462.7,0.559,0.64706,0.39246,621.2,669.9,0.881,0.52524,0.31912,504.2,544.7,0.612,0.60235,0.46433,578.3,792.6,0.927,0.52208,0.33335,501.2,569.0,0.781,0.59642,0.47797,572.6,815.9,0.953,0.47891,0.31671,459.7,540.6,0.448,0.56522,0.48817,542.6,833.3,0.813
1401,38.692,960,1707,0.71727,0.23747,688.6,405.4,0.983,0.7173,0.23419,688.6,399.8,0.985,0.71766,0.23352,689.0,398.6,0.987,0.71806,0.23272,689.3,397.2,0.991,0.72086,0.23469,692.0,400.6,0.984,0.72369,0.23438,694.7,400.1,0.984,0.72657,0.23403,697.5,399.5,0.988,0.72792,0.23117,698.8,394.6,0.995,0.74817,0.2337,718.2,398.9,0.983,0.72289,0.23835,694.0,406.9,0.985,0.72817,0.23946,699.0,408.8,0.971,0.72517,0.23728,696.2,405.0,1.0,0.79656,0.25697,764.7,438.6,1.0,0.64504,0.25671,619.2,438.2,0.917,0.75779,0.29948,727.5,511.2,0.008,0.56896,0.24229,546.2,413.6,0.663,0.70381,0.29839,675.7,509.4,0.004,0.54838,0.24175,526.4,412.7,0.62,0.70004,0.29766,672.0,508.1,0.007,0.55081,0.23377,528.8,399.0,0.606,0.68605,0.29253,658.6,499.3,0.007,0.55776,0.23417,535.4,399.7,0.488,0.68541,0.29199,658.0,498.4,0.007,0.69578,0.30906,668.0,527.6,1.0,0.72925,0.33867,700.1,578.1,1.0,0.59339,0.27183,569.7,464.0,0.549,0.6504,0.39244,624.4,669.9,0.88,0.52713,0.31927,506.0,545.0,0.61,0.60196,0.46433,577.9,792.6,0.928,0.52458,0.33316,503.6,568.7,0.776,0.59557,0.47811,571.7,816.1,0.951,0.4818,0.3188,462.5,544.2,0.44,0.56657,0.48825,543.9,833.4,0.812
1402,38.72,960,1707,0.71795,0.23708,689.2,404.7,0.984,0.71849,0.23343,689.7,398.5,0.986,0.71856,0.23274,689.8,397.3,0.988,0.71855,0.23194,689.8,395.9,0.992,0.72341,0.2341,694.5,399.6,0.986,0.72646,0.2339,697.4,399.3,0.985,0.72989,0.23363,700.7,398.8,0.989,0.7285,0.2307,699.4,393.8,0.995,0.7481,0.23349,718.2,398.6,0.984,0.72338,0.2384,694.4,407.0,0.986,0.72837,0.23961,699.2,409.0,0.973,0.72838,0.23817,699.2,406.6,1.0,0.79684,0.25711,765.0,438.9,1.0,0.64499,0.2567,619.2,438.2,0.922,0.75688,0.29531,726.6,504.1,0.007,0.56924,0.24223,546.5,413.5,0.675,0.70076,0.28417,672.7,485.1,0.004,0.54908,0.2416,527.1,412.4,0.632,0.69431,0.28075,666.5,479.2,0.007,0.55152,0.23376,529.5,399.0,0.618,0.68189,0.2758,654.6,470.8,0.006,0.55831,0.23416,536.0,399.7,0.502,0.6822,0.27646,654.9,471.9,0.007,0.69708,0.31018,669.2,529.5,1.0,0.73027,0.33921,701.1,579.0,1.0,0.59465,0.27229,570.9,464.8,0.549,0.65049,0.39315,624.5,671.1,0.884,0.52707,0.32059,506.0,547.2,0.612,0.60197,0.4643,577.9,792.6,0.93,0.5245,0.33529,503.5,572.3,0.777,0.59574,0.4782,571.9,816.3,0.951,0.48395,0.31942,464.6,545.2,0.439,0.56731,0.48836,544.6,833.6,0.815
1403,38.747,960,1707,0.71972,0.2375,690.9,405.4,0.985,0.7202,0.23355,691.4,398.7,0.987,0.72017,0.23285,691.4,397.5,0.988,0.72012,0.23198,691.3,396.0,0.992,0.7248,0.23426,695.8,399.9,0.986,0.72772,0.23407,698.6,399.6,0.985,0.73085,0.23376,701.6,399.0,0.99,0.72898,0.23068,699.8,393.8,0.995,0.74541,0.23334,715.6,398.3,0.985,0.72416,0.23892,695.2,407.8,0.986,0.72942,0.24012,700.2,409.9,0.973,0.72928,0.23826,700.1,406.7,1.0,0.79801,0.25799,766.1,440.4,1.0,0.64469,0.25681,618.9,438.4,0.922,0.76367,0.2994,733.1,511.1,0.007,0.56924,0.24204,546.5,413.2,0.687,0.70166,0.30945,673.6,528.2,0.004,0.54889,0.24123,526.9,411.8,0.646,0.69597,0.31075,668.1,530.4,0.006,0.55152,0.23357,529.5,398.7,0.632,0.68208,0.30523,654.8,521.0,0.006,0.55834,0.23397,536.0,399.4,0.514,0.68209,0.3038,654.8,518.6,0.006,0.69862,0.31087,670.7,530.7,1.0,0.73212,0.34097,702.8,582.0,1.0,0.59789,0.27287,574.0,465.8,0.547,0.65073,0.3933,624.7,671.4,0.887,0.52755,0.32112,506.4,548.2,0.616,0.6017,0.465,577.6,793.8,0.932,0.52453,0.33588,503.5,573.3,0.771,0.59468,0.48008,570.9,819.5,0.95,0.48389,0.31709,464.5,541.3,0.436,0.56826,0.48817,545.5,833.3,0.817
1404,38.775,960,1707,0.72073,0.23792,691.9,406.1,0.983,0.72131,0.23394,692.5,399.3,0.985,0.72116,0.23319,692.3,398.1,0.987,0.72104,0.23236,692.2,396.6,0.991,0.72591,0.23461,696.9,400.5,0.985,0.72871,0.23442,699.6,400.2,0.984,0.73157,0.23407,702.3,399.6,0.988,0.72925,0.23136,700.1,394.9,0.995,0.74409,0.23342,714.3,398.4,0.983,0.72472,0.23938,695.7,408.6,0.983,0.73013,0.2407,700.9,410.9,0.969,0.73021,0.23846,701.0,407.1,1.0,0.79775,0.25897,765.8,442.1,1.0,0.64343,0.25682,617.7,438.4,0.925,0.76195,0.30119,731.5,514.1,0.006,0.56922,0.24157,546.5,412.4,0.705,0.70201,0.31452,673.9,536.9,0.004,0.54878,0.24079,526.8,411.0,0.666,0.69666,0.31674,668.8,540.7,0.006,0.55145,0.23338,529.4,398.4,0.652,0.68259,0.31156,655.3,531.8,0.006,0.5582,0.23375,535.9,399.0,0.536,0.68251,0.30995,655.2,529.1,0.006,0.70034,0.31192,672.3,532.4,1.0,0.73353,0.34194,704.2,583.7,1.0,0.59888,0.27405,574.9,467.8,0.546,0.65178,0.39415,625.7,672.8,0.888,0.52721,0.32278,506.1,551.0,0.626,0.6017,0.46542,577.6,794.5,0.934,0.52128,0.33939,500.4,579.3,0.774,0.59602,0.48001,572.2,819.4,0.951,0.47922,0.31726,460.1,541.6,0.439,0.56531,0.48883,542.7,834.4,0.819
1405,38.803,960,1707,0.72149,0.23913,692.6,408.2,0.984,0.72185,0.23528,693.0,401.6,0.986,0.72166,0.23459,692.8,400.4,0.987,0.72154,0.23379,692.7,399.1,0.991,0.72628,0.23582,697.2,402.6,0.985,0.72905,0.23559,699.9,402.2,0.985,0.73175,0.23516,702.5,401.4,0.989,0.72902,0.23279,699.9,397.4,0.995,0.74371,0.23419,714.0,399.8,0.984,0.72503,0.24065,696.0,410.8,0.984,0.73059,0.24198,701.4,413.1,0.97,0.72962,0.23964,700.4,409.1,1.0,0.79757,0.26077,765.7,445.1,1.0,0.64246,0.25693,616.8,438.6,0.929,0.76182,0.301,731.3,513.8,0.006,0.56906,0.24109,546.3,411.5,0.725,0.70166,0.31001,673.6,529.2,0.004,0.54875,0.23988,526.8,409.5,0.687,0.6964,0.3096,668.5,528.5,0.006,0.55147,0.23263,529.4,397.1,0.674,0.68239,0.30432,655.1,519.5,0.006,0.5581,0.23331,535.8,398.3,0.561,0.68241,0.3045,655.1,519.8,0.006,0.70167,0.31302,673.6,534.3,1.0,0.73591,0.34255,706.5,584.7,1.0,0.60105,0.27453,577.0,468.6,0.55,0.65274,0.39531,626.6,674.8,0.892,0.52709,0.3227,506.0,550.8,0.636,0.60193,0.46589,577.8,795.3,0.937,0.52134,0.33916,500.5,578.9,0.778,0.5962,0.48009,572.4,819.5,0.952,0.47933,0.31736,460.2,541.7,0.448,0.56468,0.48902,542.1,834.8,0.826
1406,38.83,960,1707,0.72196,0.23975,693.1,409.2,0.984,0.72213,0.23579,693.2,402.5,0.986,0.72191,0.23517,693.0,401.4,0.988,0.7217,0.23445,692.8,400.2,0.991,0.72645,0.23626,697.4,403.3,0.985,0.72918,0.236,700.0,402.9,0.985,0.73179,0.23555,702.5,402.1,0.989,0.7287,0.23369,699.6,398.9,0.995,0.74343,0.23451,713.7,400.3,0.984,0.7252,0.24143,696.2,412.1,0.983,0.73077,0.24267,701.5,414.2,0.969,0.72934,0.24077,700.2,411.0,1.0,0.79744,0.26162,765.5,446.6,1.0,0.64219,0.25709,616.5,438.9,0.933,0.76434,0.30689,733.8,523.9,0.006,0.56906,0.24109,546.3,411.5,0.743,0.70648,0.31303,678.2,534.3,0.004,0.5483,0.23988,526.4,409.5,0.708,0.70068,0.31409,672.7,536.1,0.006,0.55146,0.23241,529.4,396.7,0.695,0.6883,0.30869,660.8,526.9,0.005,0.55807,0.23305,535.7,397.8,0.585,0.68844,0.30763,660.9,525.1,0.006,0.70304,0.31398,674.9,536.0,1.0,0.73821,0.34368,708.7,586.7,1.0,0.60338,0.27559,579.2,470.4,0.55,0.65375,0.39576,627.6,675.6,0.896,0.52751,0.32257,506.4,550.6,0.644,0.60227,0.46584,578.2,795.2,0.94,0.52223,0.33879,501.3,578.3,0.78,0.59885,0.48,574.9,819.4,0.953,0.48226,0.31831,463.0,543.4,0.451,0.56382,0.48938,541.3,835.4,0.832
1407,38.858,960,1707,0.72229,0.23987,693.4,409.5,0.984,0.72231,0.23582,693.4,402.5,0.987,0.72205,0.23521,693.2,401.5,0.988,0.72186,0.23444,693.0,400.2,0.992,0.72656,0.23632,697.5,403.4,0.986,0.72921,0.23609,700.0,403.0,0.986,0.73176,0.23567,702.5,402.3,0.989,0.72838,0.23391,699.2,399.3,0.996,0.74297,0.23462,713.3,400.5,0.985,0.72529,0.24175,696.3,412.7,0.984,0.73094,0.24293,701.7,414.7,0.971,0.72908,0.2414,699.9,412.1,1.0,0.79666,0.26134,764.8,446.1,1.0,0.64238,0.25709,616.7,438.8,0.934,0.76023,0.28764,729.8,491.0,0.005,0.56906,0.24109,546.3,411.5,0.756,0.69631,0.27068,668.5,462.1,0.003,0.5483,0.23991,526.4,409.5,0.724,0.6881,0.26546,660.6,453.1,0.006,0.55163,0.23235,529.6,396.6,0.711,0.67679,0.26086,649.7,445.3,0.005,0.5581,0.23303,535.8,397.8,0.604,0.67746,0.26253,650.4,448.1,0.006,0.7047,0.3151,676.5,537.9,1.0,0.7392,0.34486,709.6,588.7,1.0,0.60507,0.27656,580.9,472.1,0.544,0.65437,0.39564,628.2,675.4,0.896,0.52804,0.32254,506.9,550.6,0.653,0.60301,0.46395,578.9,792.0,0.942,0.52244,0.33869,501.5,578.2,0.782,0.60134,0.47744,577.3,815.0,0.953,0.48227,0.31912,463.0,544.7,0.461,0.56385,0.48887,541.3,834.5,0.836
1408,38.885,960,1707,0.72391,0.23978,695.0,409.3,0.985,0.7242,0.23565,695.2,402.3,0.987,0.72394,0.23497,695.0,401.1,0.989,0.72383,0.23416,694.9,399.7,0.992,0.72829,0.23617,699.2,403.1,0.986,0.73126,0.23584,702.0,402.6,0.986,0.73395,0.23529,704.6,401.6,0.989,0.72984,0.23358,700.6,398.7,0.996,0.74483,0.23443,715.0,400.2,0.985,0.72666,0.24143,697.6,412.1,0.984,0.7322,0.24272,702.9,414.3,0.97,0.72899,0.24198,699.8,413.1,1.0,0.79662,0.26128,764.8,446.0,1.0,0.64219,0.25727,616.5,439.2,0.936,0.77079,0.29906,740.0,510.5,0.005,0.56887,0.24108,546.1,411.5,0.768,0.70988,0.30826,681.5,526.2,0.003,0.54755,0.2397,525.7,409.2,0.737,0.70485,0.30981,676.7,528.8,0.005,0.55138,0.23239,529.3,396.7,0.725,0.69149,0.30491,663.8,520.5,0.005,0.55791,0.23314,535.6,398.0,0.618,0.69085,0.30394,663.2,518.8,0.006,0.70452,0.31493,676.3,537.6,1.0,0.73999,0.34485,710.4,588.7,1.0,0.60599,0.27694,581.7,472.7,0.534,0.65497,0.39646,628.8,676.8,0.899,0.52843,0.32244,507.3,550.4,0.649,0.6032,0.46397,579.1,792.0,0.944,0.52317,0.33806,502.2,577.1,0.775,0.6015,0.47739,577.4,814.9,0.953,0.48285,0.31848,463.5,543.6,0.449,0.56477,0.48886,542.2,834.5,0.836
1409,38.913,960,1707,0.73469,0.23502,705.3,401.2,0.986,0.74058,0.22972,711.0,392.1,0.988,0.7406,0.22911,711.0,391.1,0.989,0.74011,0.22867,710.5,390.3,0.993,0.74431,0.23027,714.5,393.1,0.987,0.7469,0.2301,717.0,392.8,0.987,0.74918,0.22986,719.2,392.4,0.99,0.74278,0.22991,713.1,392.5,0.996,0.7577,0.23095,727.4,394.2,0.986,0.73523,0.23787,705.8,406.0,0.985,0.7399,0.23918,710.3,408.3,0.972,0.73014,0.24188,700.9,412.9,1.0,0.79722,0.26168,765.3,446.7,1.0,0.64269,0.25728,617.0,439.2,0.94,0.776,0.30043,745.0,512.8,0.005,0.56909,0.24129,546.3,411.9,0.782,0.7131,0.31114,684.6,531.1,0.003,0.54756,0.23971,525.7,409.2,0.752,0.70633,0.31332,678.1,534.8,0.005,0.55215,0.23238,530.1,396.7,0.74,0.69594,0.30823,668.1,526.1,0.005,0.55855,0.23314,536.2,398.0,0.634,0.69592,0.30743,668.1,524.8,0.006,0.70685,0.31577,678.6,539.0,1.0,0.74169,0.34499,712.0,588.9,1.0,0.60701,0.27726,582.7,473.3,0.535,0.65639,0.39633,630.1,676.5,0.905,0.52853,0.32265,507.4,550.8,0.657,0.60431,0.46339,580.1,791.0,0.947,0.52345,0.33814,502.5,577.2,0.778,0.60395,0.47612,579.8,812.7,0.955,0.48501,0.31797,465.6,542.8,0.451,0.5653,0.48879,542.7,834.4,0.842
1410,38.941,960,1707,0.73684,0.23357,707.4,398.7,0.986,0.74342,0.22816,713.7,389.5,0.988,0.74305,0.22764,713.3,388.6,0.99,0.74276,0.22716,713.0,387.8,0.993,0.74753,0.22871,717.6,390.4,0.988,0.75034,0.22858,720.3,390.2,0.988,0.75285,0.22842,722.7,389.9,0.991,0.74431,0.22865,714.5,390.3,0.996,0.76116,0.22992,730.7,392.5,0.987,0.73672,0.23663,707.2,403.9,0.985,0.74149,0.23792,711.8,406.1,0.973,0.72994,0.24183,700.7,412.8,1.0,0.79717,0.26206,765.3,447.3,1.0,0.6424,0.25728,616.7,439.2,0.942,0.77428,0.30067,743.3,513.2,0.005,0.56886,0.24128,546.1,411.9,0.79,0.71644,0.31131,687.8,531.4,0.003,0.54716,0.23972,525.3,409.2,0.76,0.71223,0.3134,683.7,535.0,0.005,0.55212,0.2324,530.0,396.7,0.747,0.70025,0.30649,672.2,523.2,0.005,0.55855,0.23316,536.2,398.0,0.641,0.70013,0.30779,672.1,525.4,0.006,0.7068,0.31611,678.5,539.6,1.0,0.74201,0.3451,712.3,589.1,1.0,0.609,0.27763,584.6,473.9,0.522,0.65752,0.39622,631.2,676.3,0.908,0.52878,0.32265,507.6,550.8,0.647,0.60548,0.46206,581.3,788.7,0.948,0.52349,0.33814,502.6,577.2,0.766,0.60579,0.47388,581.6,808.9,0.954,0.4845,0.3161,465.1,539.6,0.437,0.56684,0.48787,544.2,832.8,0.842
1411,38.968,960,1707,0.74136,0.23057,711.7,393.6,0.987,0.74937,0.22534,719.4,384.7,0.989,0.74878,0.22501,718.8,384.1,0.99,0.74801,0.22477,718.1,383.7,0.993,0.75431,0.22584,724.1,385.5,0.988,0.75698,0.22587,726.7,385.6,0.988,0.75938,0.22594,729.0,385.7,0.991,0.74778,0.22679,717.9,387.1,0.996,0.7671,0.22811,736.4,389.4,0.987,0.74041,0.23417,710.8,399.7,0.986,0.74539,0.23538,715.6,401.8,0.974,0.72987,0.24169,700.7,412.6,1.0,0.79701,0.26203,765.1,447.3,1.0,0.6424,0.25731,616.7,439.2,0.943,0.77285,0.29775,741.9,508.3,0.004,0.56901,0.24121,546.3,411.7,0.796,0.71493,0.30847,686.3,526.6,0.003,0.54744,0.23972,525.5,409.2,0.766,0.71095,0.30964,682.5,528.6,0.005,0.55228,0.23231,530.2,396.6,0.753,0.6995,0.30385,671.5,518.7,0.005,0.55866,0.23293,536.3,397.6,0.644,0.69857,0.30405,670.6,519.0,0.005,0.70639,0.31634,678.1,540.0,1.0,0.74266,0.34516,713.0,589.2,1.0,0.60874,0.27828,584.4,475.0,0.493,0.65764,0.39609,631.3,676.1,0.906,0.52869,0.32447,507.5,553.9,0.622,0.60537,0.46189,581.2,788.5,0.943,0.52356,0.33936,502.6,579.3,0.745,0.60543,0.47378,581.2,808.7,0.949,0.48715,0.31765,467.7,542.2,0.412,0.56751,0.48756,544.8,832.3,0.829
1412,38.996,960,1707,0.73666,0.23124,707.2,394.7,0.986,0.74754,0.22624,717.6,386.2,0.989,0.74849,0.22517,718.6,384.4,0.99,0.74641,0.22525,716.6,384.5,0.993,0.75061,0.22637,720.6,386.4,0.988,0.75521,0.2266,725.0,386.8,0.988,0.75546,0.22726,725.2,387.9,0.991,0.74729,0.22736,717.4,388.1,0.996,0.76577,0.22849,735.1,390.0,0.987,0.73767,0.23453,708.2,400.3,0.985,0.74175,0.23576,712.1,402.4,0.973,0.72938,0.24164,700.2,412.5,1.0,0.79465,0.26186,762.9,447.0,1.0,0.64203,0.25779,616.3,440.0,0.945,0.77224,0.29865,741.4,509.8,0.004,0.56898,0.24121,546.2,411.8,0.8,0.71446,0.3118,685.9,532.2,0.003,0.54736,0.2398,525.5,409.3,0.77,0.70937,0.31347,681.0,535.1,0.005,0.55225,0.23238,530.2,396.7,0.757,0.69821,0.30844,670.3,526.5,0.005,0.55863,0.23296,536.3,397.7,0.645,0.6978,0.30743,669.9,524.8,0.005,0.70637,0.31714,678.1,541.4,1.0,0.74201,0.34516,712.3,589.2,1.0,0.60989,0.27853,585.5,475.5,0.483,0.65741,0.39592,631.1,675.8,0.905,0.52866,0.32435,507.5,553.7,0.624,0.60506,0.46197,580.9,788.6,0.944,0.52357,0.33924,502.6,579.1,0.746,0.60598,0.4731,581.7,807.6,0.949,0.48688,0.31758,467.4,542.1,0.408,0.56721,0.48769,544.5,832.5,0.826
1413,39.023,960,1707,0.74286,0.23008,713.1,392.8,0.987,0.75228,0.22471,722.2,383.6,0.989,0.7518,0.22415,721.7,382.6,0.99,0.75036,0.22417,720.3,382.7,0.993,0.75639,0.22521,726.1,384.4,0.989,0.7589,0.22554,728.5,385.0,0.988,0.76062,0.22605,730.2,385.9,0.991,0.74967,0.22638,719.7,386.4,0.996,0.76728,0.22817,736.6,389.5,0.988,0.74092,0.234,711.3,399.4,0.986,0.74554,0.23543,715.7,401.9,0.974,0.73089,0.24157,701.7,412.4,1.0,0.79381,0.26189,762.1,447.0,1.0,0.64161,0.25803,615.9,440.5,0.948,0.77147,0.2993,740.6,510.9,0.004,0.56889,0.2412,546.1,411.7,0.803,0.71373,0.31114,685.2,531.1,0.003,0.54732,0.23946,525.4,408.8,0.771,0.7084,0.31345,680.1,535.1,0.004,0.55223,0.23225,530.1,396.5,0.757,0.69799,0.3088,670.1,527.1,0.004,0.55859,0.2329,536.2,397.6,0.643,0.69763,0.30734,669.7,524.6,0.005,0.70749,0.31816,679.2,543.1,1.0,0.74235,0.34551,712.7,589.8,1.0,0.61202,0.27868,587.5,475.7,0.475,0.65724,0.39617,630.9,676.3,0.907,0.52883,0.32418,507.7,553.4,0.62,0.60454,0.46225,580.4,789.1,0.944,0.52385,0.33898,502.9,578.6,0.738,0.6057,0.47337,581.5,808.0,0.948,0.48645,0.3145,467.0,536.9,0.399,0.56642,0.48855,543.8,834.0,0.825
1414,39.051,960,1707,0.74135,0.22948,711.7,391.7,0.987,0.74976,0.22427,719.8,382.8,0.989,0.74922,0.22388,719.2,382.2,0.991,0.74804,0.2238,718.1,382.0,0.994,0.75408,0.22483,723.9,383.8,0.989,0.75692,0.22512,726.6,384.3,0.989,0.75902,0.22553,728.7,385.0,0.991,0.74809,0.22594,718.2,385.7,0.996,0.76586,0.22794,735.2,389.1,0.988,0.73991,0.23339,710.3,398.4,0.986,0.74474,0.23483,715.0,400.9,0.975,0.73007,0.24153,700.9,412.3,1.0,0.79108,0.26181,759.4,446.9,1.0,0.64099,0.25836,615.3,441.0,0.949,0.76085,0.29928,730.4,510.9,0.004,0.5688,0.24118,546.1,411.7,0.803,0.71236,0.3096,683.9,528.5,0.003,0.54713,0.23947,525.2,408.8,0.769,0.70816,0.3132,679.8,534.6,0.004,0.55206,0.23219,530.0,396.4,0.754,0.69729,0.30733,669.4,524.6,0.004,0.55846,0.23281,536.1,397.4,0.638,0.6975,0.30652,669.6,523.2,0.005,0.70772,0.3185,679.4,543.7,1.0,0.74232,0.34579,712.6,590.3,1.0,0.61211,0.27968,587.6,477.4,0.461,0.65722,0.39587,630.9,675.7,0.908,0.52821,0.32407,507.1,553.2,0.612,0.60402,0.46249,579.9,789.5,0.945,0.52355,0.33894,502.6,578.6,0.728,0.60538,0.47351,581.2,808.3,0.947,0.48512,0.31452,465.7,536.9,0.387,0.56644,0.489,543.8,834.7,0.825
1415,39.079,960,1707,0.74032,0.22994,710.7,392.5,0.986,0.74851,0.22481,718.6,383.7,0.988,0.74787,0.22446,718.0,383.2,0.99,0.74693,0.22421,717.1,382.7,0.993,0.75399,0.22545,723.8,384.8,0.988,0.75662,0.22568,726.4,385.2,0.988,0.76205,0.226,731.6,385.8,0.991,0.74696,0.22618,717.1,386.1,0.996,0.76618,0.22799,735.5,389.2,0.988,0.73963,0.23363,710.0,398.8,0.985,0.74451,0.23498,714.7,401.1,0.973,0.72821,0.2415,699.1,412.2,1.0,0.78846,0.26197,756.9,447.2,1.0,0.6385,0.259,613.0,442.1,0.95,0.76807,0.30232,737.4,516.1,0.004,0.5683,0.24082,545.6,411.1,0.797,0.7227,0.32015,693.8,546.5,0.002,0.54589,0.23848,524.1,407.1,0.761,0.72083,0.32452,692.0,553.9,0.004,0.55138,0.23142,529.3,395.0,0.745,0.71086,0.31958,682.4,545.5,0.004,0.55781,0.23222,535.5,396.4,0.626,0.70898,0.31752,680.6,542.0,0.004,0.70821,0.31905,679.9,544.6,1.0,0.74218,0.34594,712.5,590.5,1.0,0.6126,0.27969,588.1,477.4,0.45,0.65695,0.39585,630.7,675.7,0.911,0.52821,0.32423,507.1,553.5,0.602,0.60377,0.46288,579.6,790.1,0.946,0.52437,0.33956,503.4,579.6,0.72,0.60421,0.47435,580.0,809.7,0.948,0.4851,0.31475,465.7,537.3,0.373,0.56655,0.48862,543.9,834.1,0.826
1416,39.106,960,1707,0.7095,0.23639,681.1,403.5,0.987,0.70986,0.23373,681.5,399.0,0.989,0.71147,0.23298,683.0,397.7,0.99,0.7132,0.23208,684.7,396.2,0.993,0.70847,0.23444,680.1,400.2,0.989,0.71173,0.23403,683.3,399.5,0.988,0.72167,0.23332,692.8,398.3,0.991,0.71979,0.23111,691.0,394.5,0.996,0.7393,0.23165,709.7,395.4,0.988,0.71603,0.23833,687.4,406.8,0.985,0.71829,0.23912,689.6,408.2,0.973,0.72061,0.2415,691.8,412.2,1.0,0.78357,0.26096,752.2,445.5,1.0,0.63422,0.2599,608.9,443.6,0.951,0.7687,0.30941,738.0,528.2,0.004,0.56829,0.24071,545.6,410.9,0.803,0.72142,0.32198,692.6,549.6,0.002,0.54576,0.23805,523.9,406.3,0.768,0.71787,0.32498,689.2,554.7,0.004,0.55138,0.23082,529.3,394.0,0.752,0.7074,0.32001,679.1,546.3,0.004,0.55787,0.23186,535.6,395.8,0.634,0.7063,0.31831,678.0,543.4,0.004,0.70809,0.31893,679.8,544.4,1.0,0.74204,0.34587,712.4,590.4,1.0,0.61258,0.27989,588.1,477.8,0.461,0.65695,0.39551,630.7,675.1,0.912,0.52859,0.32418,507.4,553.4,0.617,0.60393,0.4628,579.8,790.0,0.948,0.52515,0.33971,504.1,579.9,0.733,0.60412,0.47441,580.0,809.8,0.949,0.48436,0.31484,465.0,537.4,0.389,0.5676,0.48546,544.9,828.7,0.831
1417,39.134,960,1707,0.69512,0.24134,667.3,412.0,0.987,0.69491,0.23935,667.1,408.6,0.989,0.69621,0.23875,668.4,407.5,0.991,0.69757,0.2379,669.7,406.1,0.994,0.69534,0.23952,667.5,408.9,0.989,0.69633,0.23921,668.5,408.3,0.989,0.69811,0.23844,670.2,407.0,0.992,0.70779,0.23557,679.5,402.1,0.996,0.72544,0.23558,696.4,402.1,0.989,0.70374,0.24276,675.6,414.4,0.986,0.70481,0.24361,676.6,415.8,0.974,0.71474,0.24207,686.1,413.2,1.0,0.77831,0.26094,747.2,445.4,1.0,0.63269,0.26022,607.4,444.2,0.946,0.76433,0.30847,733.8,526.6,0.003,0.56829,0.24068,545.6,410.8,0.796,0.72074,0.32045,691.9,547.0,0.002,0.54582,0.23809,524.0,406.4,0.764,0.71622,0.32318,687.6,551.7,0.004,0.5515,0.2306,529.4,393.6,0.747,0.70677,0.31901,678.5,544.6,0.004,0.55789,0.23179,535.6,395.7,0.628,0.70583,0.31757,677.6,542.1,0.004,0.70753,0.31877,679.2,544.1,1.0,0.7419,0.34606,712.2,590.7,1.0,0.61366,0.2805,589.1,478.8,0.452,0.6561,0.39553,629.9,675.2,0.901,0.53137,0.32416,510.1,553.3,0.61,0.604,0.46287,579.8,790.1,0.946,0.52714,0.33968,506.1,579.8,0.726,0.6042,0.47445,580.0,809.9,0.945,0.48434,0.31599,465.0,539.4,0.385,0.56763,0.48543,544.9,828.6,0.825
1418,39.162,960,1707,0.70171,0.24482,673.6,417.9,0.985,0.70369,0.23911,675.5,408.2,0.987,0.70377,0.2383,675.6,406.8,0.989,0.70383,0.23753,675.7,405.5,0.992,0.70719,0.24027,678.9,410.1,0.988,0.70942,0.24047,681.0,410.5,0.987,0.71232,0.24044,683.8,410.4,0.99,0.7141,0.23544,685.5,401.9,0.995,0.73161,0.23892,702.3,407.8,0.985,0.70706,0.24651,678.8,420.8,0.981,0.71107,0.24842,682.6,424.1,0.967,0.71534,0.24223,686.7,413.5,1.0,0.7743,0.26335,743.3,449.5,1.0,0.63308,0.2602,607.8,444.2,0.936,0.76447,0.311,733.9,530.9,0.003,0.56803,0.24068,545.3,410.8,0.787,0.725,0.33169,696.0,566.2,0.002,0.54549,0.23815,523.7,406.5,0.758,0.72246,0.33722,693.6,575.6,0.004,0.55064,0.23101,528.6,394.3,0.742,0.71081,0.33313,682.4,568.7,0.003,0.55716,0.23227,534.9,396.5,0.62,0.7095,0.33064,681.1,564.4,0.004,0.7085,0.31984,680.2,546.0,1.0,0.74188,0.3469,712.2,592.2,1.0,0.61358,0.281,589.0,479.7,0.449,0.655,0.39598,628.8,675.9,0.891,0.53002,0.32412,508.8,553.3,0.609,0.604,0.4632,579.8,790.7,0.945,0.52668,0.33903,505.6,578.7,0.723,0.60423,0.47547,580.1,811.6,0.944,0.48233,0.31603,463.0,539.5,0.38,0.56534,0.48677,542.7,830.9,0.818
1419,39.189,960,1707,0.70024,0.24677,672.2,421.2,0.985,0.70134,0.24014,673.3,409.9,0.987,0.70095,0.23908,672.9,408.1,0.989,0.70052,0.2382,672.5,406.6,0.992,0.70563,0.24172,677.4,412.6,0.988,0.70828,0.24199,680.0,413.1,0.987,0.7111,0.2421,682.7,413.3,0.991,0.71174,0.23505,683.3,401.2,0.995,0.7282,0.23957,699.1,408.9,0.985,0.70546,0.24744,677.2,422.4,0.98,0.71056,0.24968,682.1,426.2,0.967,0.70994,0.24209,681.5,413.2,1.0,0.77273,0.26313,741.8,449.2,1.0,0.63299,0.26015,607.7,444.1,0.933,0.76874,0.30964,738.0,528.6,0.003,0.56801,0.24073,545.3,410.9,0.79,0.72703,0.32884,697.9,561.3,0.002,0.54553,0.23833,523.7,406.8,0.764,0.72498,0.33325,696.0,568.9,0.004,0.55082,0.23121,528.8,394.7,0.747,0.71171,0.32887,683.2,561.4,0.004,0.55762,0.23261,535.3,397.1,0.626,0.71032,0.32663,681.9,557.6,0.004,0.70832,0.31946,680.0,545.3,1.0,0.74177,0.34699,712.1,592.3,1.0,0.61335,0.28072,588.8,479.2,0.47,0.65458,0.39641,628.4,676.7,0.884,0.53006,0.32409,508.9,553.2,0.625,0.60354,0.46357,579.4,791.3,0.945,0.52749,0.33902,506.4,578.7,0.729,0.60226,0.47699,578.2,814.2,0.943,0.48128,0.31599,462.0,539.4,0.399,0.56527,0.48575,542.7,829.2,0.818
1420,39.217,960,1707,0.6971,0.23992,669.2,409.5,0.986,0.69933,0.23173,671.4,395.6,0.988,0.69952,0.23063,671.5,393.7,0.989,0.69965,0.22991,671.7,392.5,0.993,0.70261,0.2335,674.5,398.6,0.989,0.70499,0.23399,676.8,399.4,0.988,0.70736,0.23428,679.1,399.9,0.991,0.71227,0.22793,683.8,389.1,0.995,0.72461,0.23327,695.6,398.2,0.986,0.70335,0.24212,675.2,413.3,0.982,0.70691,0.2446,678.6,417.5,0.969,0.71153,0.24206,683.1,413.2,1.0,0.76389,0.26068,733.3,445.0,1.0,0.63305,0.26037,607.7,444.5,0.93,0.76338,0.30429,732.8,519.4,0.003,0.56783,0.2405,545.1,410.5,0.796,0.72778,0.32568,698.7,555.9,0.003,0.54511,0.23835,523.3,406.9,0.773,0.72709,0.3292,698.0,561.9,0.005,0.55055,0.23068,528.5,393.8,0.757,0.71741,0.32463,688.7,554.1,0.005,0.55754,0.23223,535.2,396.4,0.636,0.71558,0.32273,687.0,550.9,0.005,0.70462,0.32517,676.4,555.1,1.0,0.736,0.34631,706.6,591.2,1.0,0.61317,0.28072,588.6,479.2,0.475,0.65387,0.39642,627.7,676.7,0.874,0.53003,0.32404,508.8,553.1,0.631,0.60351,0.46304,579.4,790.4,0.942,0.52745,0.33762,506.4,576.3,0.726,0.60339,0.47534,579.3,811.4,0.935,0.47667,0.31602,457.6,539.4,0.413,0.56462,0.4858,542.0,829.3,0.813
1421,39.244,960,1707,0.68571,0.24218,658.3,413.4,0.986,0.68687,0.23723,659.4,405.0,0.988,0.6878,0.23665,660.3,404.0,0.989,0.68865,0.23587,661.1,402.6,0.993,0.68633,0.23895,658.9,407.9,0.989,0.6868,0.23884,659.3,407.7,0.988,0.68715,0.2383,659.7,406.8,0.991,0.69739,0.23351,669.5,398.6,0.995,0.71562,0.23604,687.0,402.9,0.986,0.69099,0.24494,663.4,418.1,0.981,0.69594,0.24761,668.1,422.7,0.968,0.70977,0.24443,681.4,417.2,1.0,0.76008,0.26066,729.7,445.0,1.0,0.63029,0.26065,605.1,444.9,0.923,0.76351,0.30395,733.0,518.8,0.003,0.568,0.24047,545.3,410.5,0.803,0.72963,0.3258,700.4,556.1,0.003,0.54517,0.23848,523.4,407.1,0.782,0.72908,0.32929,699.9,562.1,0.005,0.55081,0.23034,528.8,393.2,0.767,0.71634,0.32485,687.7,554.5,0.005,0.55772,0.23179,535.4,395.7,0.646,0.71447,0.32308,685.9,551.5,0.005,0.70016,0.32778,672.2,559.5,1.0,0.73619,0.34668,706.7,591.8,1.0,0.6141,0.2807,589.5,479.2,0.464,0.65329,0.39717,627.2,678.0,0.847,0.53066,0.32324,509.4,551.8,0.627,0.60319,0.46305,579.1,790.4,0.934,0.52794,0.33524,506.8,572.3,0.724,0.60338,0.47535,579.2,811.4,0.926,0.47706,0.31679,458.0,540.8,0.419,0.56449,0.48621,541.9,830.0,0.801
1422,39.272,960,1707,0.72019,0.22993,691.4,392.5,0.986,0.72881,0.22386,699.7,382.1,0.989,0.72729,0.22303,698.2,380.7,0.989,0.72576,0.22242,696.7,379.7,0.993,0.73537,0.22655,706.0,386.7,0.989,0.73856,0.22764,709.0,388.6,0.989,0.74145,0.22849,711.8,390.0,0.992,0.72967,0.22438,700.5,383.0,0.995,0.75473,0.23185,724.5,395.8,0.986,0.71868,0.23403,689.9,399.5,0.982,0.72022,0.23625,691.4,403.3,0.97,0.7108,0.24419,682.4,416.8,1.0,0.76432,0.26139,733.7,446.2,1.0,0.63072,0.26061,605.5,444.9,0.922,0.76783,0.30416,737.1,519.2,0.003,0.5681,0.24074,545.4,411.0,0.801,0.73428,0.3266,704.9,557.5,0.003,0.5453,0.23874,523.5,407.5,0.779,0.73404,0.33225,704.7,567.1,0.005,0.55078,0.23036,528.7,393.2,0.762,0.72178,0.32826,692.9,560.3,0.005,0.55772,0.23181,535.4,395.7,0.639,0.71902,0.3256,690.3,555.8,0.005,0.6992,0.32745,671.2,559.0,1.0,0.73742,0.34756,707.9,593.3,1.0,0.61521,0.28107,590.6,479.8,0.469,0.65327,0.39758,627.1,678.7,0.848,0.53195,0.32323,510.7,551.7,0.611,0.60245,0.46311,578.3,790.5,0.931,0.52938,0.33517,508.2,572.1,0.706,0.60286,0.47535,578.7,811.4,0.92,0.47864,0.31692,459.5,541.0,0.405,0.56502,0.48625,542.4,830.0,0.792
1423,39.3,960,1707,0.69311,0.23766,665.4,405.7,0.985,0.69528,0.22942,667.5,391.6,0.988,0.69462,0.22801,666.8,389.2,0.988,0.69395,0.22711,666.2,387.7,0.992,0.70094,0.23225,672.9,396.4,0.989,0.70431,0.23322,676.1,398.1,0.988,0.70738,0.23396,679.1,399.4,0.991,0.70668,0.22559,678.4,385.1,0.994,0.72608,0.23446,697.0,400.2,0.985,0.69849,0.23955,670.5,408.9,0.981,0.70356,0.24249,675.4,413.9,0.968,0.71107,0.2441,682.6,416.7,1.0,0.76438,0.26154,733.8,446.5,1.0,0.63102,0.26074,605.8,445.1,0.908,0.76238,0.30675,731.9,523.6,0.003,0.56821,0.24118,545.5,411.7,0.791,0.72997,0.32576,700.8,556.1,0.003,0.5455,0.23941,523.7,408.7,0.773,0.73019,0.3305,701.0,564.2,0.005,0.5508,0.23068,528.8,393.8,0.756,0.71723,0.32632,688.5,557.0,0.005,0.55782,0.2322,535.5,396.4,0.629,0.71467,0.32413,686.1,553.3,0.005,0.69889,0.32941,670.9,562.3,1.0,0.7376,0.34872,708.1,595.3,1.0,0.61635,0.28159,591.7,480.7,0.444,0.65326,0.39787,627.1,679.2,0.815,0.53217,0.32334,510.9,551.9,0.587,0.60147,0.46381,577.4,791.7,0.917,0.52932,0.33534,508.1,572.4,0.682,0.60203,0.47579,577.9,812.2,0.901,0.48024,0.31711,461.0,541.3,0.391,0.56724,0.48599,544.6,829.6,0.77
1424,39.327,960,1707,0.73169,0.22987,702.4,392.4,0.985,0.73801,0.22506,708.5,384.2,0.988,0.73746,0.22465,708.0,383.5,0.988,0.73757,0.22414,708.1,382.6,0.992,0.74294,0.22634,713.2,386.4,0.989,0.74506,0.22702,715.3,387.5,0.988,0.74694,0.22766,717.1,388.6,0.992,0.73462,0.22587,705.2,385.6,0.994,0.75484,0.23093,724.6,394.2,0.986,0.72875,0.23378,699.6,399.1,0.981,0.73303,0.23561,703.7,402.2,0.97,0.71115,0.24411,682.7,416.7,1.0,0.76569,0.26199,735.1,447.2,1.0,0.63117,0.26154,605.9,446.5,0.908,0.76211,0.30633,731.6,522.9,0.003,0.56856,0.24118,545.8,411.7,0.794,0.72615,0.32513,697.1,555.0,0.003,0.5459,0.23921,524.1,408.3,0.775,0.72467,0.32966,695.7,562.7,0.005,0.55098,0.23069,528.9,393.8,0.758,0.71276,0.32573,684.2,556.0,0.005,0.55844,0.23221,536.1,396.4,0.631,0.71029,0.32345,681.9,552.1,0.006,0.70414,0.32819,676.0,560.2,1.0,0.73998,0.3497,710.4,596.9,1.0,0.61659,0.28339,591.9,483.7,0.443,0.65333,0.39887,627.2,680.9,0.82,0.53211,0.32334,510.8,551.9,0.579,0.60098,0.46451,576.9,792.9,0.916,0.52841,0.33541,507.3,572.5,0.668,0.60073,0.47583,576.7,812.2,0.897,0.47844,0.31598,459.3,539.4,0.384,0.56926,0.48536,546.5,828.5,0.766
1425,39.355,960,1707,0.73659,0.22765,707.1,388.6,0.986,0.74364,0.22389,713.9,382.2,0.988,0.74414,0.22339,714.4,381.3,0.989,0.74383,0.22325,714.1,381.1,0.993,0.75229,0.2242,722.2,382.7,0.99,0.75512,0.22517,724.9,384.4,0.989,0.75787,0.22603,727.6,385.8,0.992,0.74102,0.2263,711.4,386.3,0.994,0.76585,0.23011,735.2,392.8,0.986,0.73232,0.23248,703.0,396.8,0.982,0.73678,0.23404,707.3,399.5,0.972,0.71177,0.24426,683.3,417.0,1.0,0.76703,0.26317,736.4,449.2,1.0,0.63136,0.26191,606.1,447.1,0.911,0.76384,0.30769,733.3,525.2,0.003,0.56856,0.24133,545.8,412.0,0.8,0.72583,0.3263,696.8,557.0,0.003,0.54591,0.23923,524.1,408.4,0.781,0.72339,0.3316,694.5,566.0,0.006,0.55092,0.23102,528.9,394.3,0.764,0.7105,0.3278,682.1,559.6,0.006,0.55844,0.23262,536.1,397.1,0.638,0.70852,0.32529,680.2,555.3,0.007,0.70346,0.3287,675.3,561.1,1.0,0.74016,0.35027,710.6,597.9,1.0,0.61729,0.28423,592.6,485.2,0.466,0.65373,0.39886,627.6,680.9,0.828,0.53203,0.32418,510.7,553.4,0.588,0.60096,0.46492,576.9,793.6,0.919,0.52689,0.33674,505.8,574.8,0.673,0.60023,0.47574,576.2,812.1,0.898,0.47749,0.31587,458.4,539.2,0.391,0.57247,0.48281,549.6,824.2,0.77
1426,39.382,960,1707,0.73963,0.22624,710.0,386.2,0.987,0.74847,0.22239,718.5,379.6,0.989,0.74896,0.22241,719.0,379.6,0.99,0.74899,0.22256,719.0,379.9,0.993,0.75107,0.22271,721.0,380.2,0.991,0.75281,0.22343,722.7,381.4,0.99,0.7545,0.22423,724.3,382.8,0.993,0.7511,0.22629,721.1,386.3,0.995,0.7626,0.22896,732.1,390.8,0.988,0.73794,0.2319,708.4,395.9,0.984,0.74072,0.23303,711.1,397.8,0.974,0.71689,0.24549,688.2,419.1,1.0,0.77181,0.26427,740.9,451.1,1.0,0.63457,0.26183,609.2,446.9,0.915,0.77193,0.30759,741.0,525.1,0.003,0.56899,0.24166,546.2,412.5,0.813,0.73367,0.32591,704.3,556.3,0.004,0.54616,0.23945,524.3,408.7,0.793,0.73045,0.33121,701.2,565.4,0.007,0.55093,0.23149,528.9,395.1,0.777,0.71776,0.32738,689.0,558.8,0.007,0.55853,0.23314,536.2,398.0,0.657,0.71618,0.325,687.5,554.8,0.007,0.70953,0.32896,681.1,561.5,1.0,0.74111,0.35169,711.5,600.3,1.0,0.61849,0.28517,593.7,486.8,0.483,0.6541,0.39894,627.9,681.0,0.837,0.531,0.32524,509.8,555.2,0.599,0.60093,0.46571,576.9,795.0,0.922,0.5251,0.33809,504.1,577.1,0.677,0.6001,0.47655,576.1,813.5,0.9,0.47562,0.31505,456.6,537.8,0.404,0.57328,0.48275,550.4,824.1,0.779
1427,39.41,960,1707,0.74081,0.22745,711.2,388.3,0.988,0.7482,0.22324,718.3,381.1,0.99,0.74816,0.2232,718.2,381.0,0.991,0.74777,0.22327,717.9,381.1,0.994,0.7499,0.22383,719.9,382.1,0.991,0.75175,0.22437,721.7,383.0,0.991,0.75287,0.22499,722.8,384.1,0.993,0.74686,0.22641,717.0,386.5,0.995,0.76009,0.22911,729.7,391.1,0.989,0.73827,0.23254,708.7,396.9,0.985,0.74174,0.23362,712.1,398.8,0.976,0.71814,0.24776,689.4,422.9,1.0,0.77393,0.26425,743.0,451.1,1.0,0.63507,0.2618,609.7,446.9,0.918,0.77464,0.30742,743.7,524.8,0.003,0.56918,0.24176,546.4,412.7,0.816,0.74031,0.32658,710.7,557.5,0.004,0.5466,0.23945,524.7,408.7,0.796,0.73811,0.33233,708.6,567.3,0.007,0.55095,0.23177,528.9,395.6,0.779,0.72622,0.32862,697.2,561.0,0.006,0.55854,0.23342,536.2,398.4,0.661,0.72403,0.32613,695.1,556.7,0.007,0.71233,0.32943,683.8,562.3,1.0,0.74302,0.35309,713.3,602.7,1.0,0.62045,0.28612,595.6,488.4,0.491,0.65413,0.39917,628.0,681.4,0.841,0.53087,0.32612,509.6,556.7,0.6,0.60091,0.46615,576.9,795.7,0.923,0.52411,0.33953,503.1,579.6,0.673,0.59813,0.48304,574.2,824.5,0.898,0.47576,0.31496,456.7,537.6,0.405,0.57458,0.48271,551.6,824.0,0.779
1428,39.438,960,1707,0.73892,0.22828,709.4,389.7,0.989,0.74781,0.22375,717.9,381.9,0.991,0.74835,0.2237,718.4,381.8,0.991,0.74838,0.22374,718.4,381.9,0.994,0.7521,0.22412,722.0,382.6,0.992,0.74947,0.22498,719.5,384.0,0.992,0.75102,0.22548,721.0,384.9,0.994,0.74744,0.22657,717.5,386.8,0.996,0.75896,0.22898,728.6,390.9,0.99,0.73828,0.23306,708.7,397.8,0.986,0.74106,0.23415,711.4,399.7,0.978,0.72165,0.2495,692.8,425.9,1.0,0.7753,0.26515,744.3,452.6,1.0,0.63684,0.26177,611.4,446.8,0.92,0.77429,0.30748,743.3,524.9,0.003,0.56976,0.24252,547.0,414.0,0.824,0.73599,0.32755,706.5,559.1,0.004,0.5475,0.23973,525.6,409.2,0.803,0.73107,0.33345,701.8,569.2,0.007,0.55152,0.23207,529.5,396.1,0.787,0.7192,0.32987,690.4,563.1,0.007,0.55931,0.23388,536.9,399.2,0.672,0.71807,0.3274,689.3,558.9,0.008,0.71573,0.32974,687.1,562.9,1.0,0.74423,0.35446,714.5,605.1,1.0,0.62095,0.28706,596.1,490.0,0.489,0.65435,0.39917,628.2,681.4,0.84,0.5309,0.32629,509.7,557.0,0.592,0.60072,0.46612,576.7,795.7,0.921,0.52414,0.33985,503.2,580.1,0.662,0.59735,0.48136,573.5,821.7,0.892,0.476,0.31498,457.0,537.7,0.401,0.57453,0.48098,551.5,821.0,0.776
1429,39.465,960,1707,0.73843,0.22828,708.9,389.7,0.99,0.74655,0.22388,716.7,382.2,0.992,0.74714,0.2239,717.3,382.2,0.992,0.74727,0.224,717.4,382.4,0.995,0.74863,0.22429,718.7,382.9,0.993,0.74795,0.225,718.0,384.1,0.992,0.74915,0.22552,719.2,385.0,0.995,0.74733,0.22666,717.4,386.9,0.996,0.75762,0.2291,727.3,391.1,0.991,0.73803,0.23334,708.5,398.3,0.988,0.74056,0.23424,710.9,399.8,0.98,0.72266,0.25182,693.8,429.8,1.0,0.77815,0.26559,747.0,453.4,1.0,0.6368,0.26214,611.3,447.5,0.922,0.779,0.30821,747.8,526.1,0.003,0.56997,0.2425,547.2,413.9,0.826,0.73841,0.33105,708.9,565.1,0.004,0.54808,0.23955,526.2,408.9,0.805,0.73341,0.33754,704.1,576.2,0.007,0.55159,0.23175,529.5,395.6,0.789,0.72201,0.33461,693.1,571.2,0.007,0.55927,0.23331,536.9,398.3,0.675,0.72116,0.33208,692.3,566.9,0.008,0.71745,0.33079,688.8,564.7,1.0,0.74555,0.35569,715.7,607.2,1.0,0.62252,0.28809,597.6,491.8,0.505,0.65397,0.39984,627.8,682.5,0.847,0.53129,0.32677,510.0,557.8,0.601,0.60002,0.46626,576.0,795.9,0.924,0.52416,0.34032,503.2,580.9,0.663,0.59679,0.48647,572.9,830.4,0.895,0.47562,0.31502,456.6,537.7,0.411,0.57401,0.48026,551.0,819.8,0.784
1430,39.493,960,1707,0.73214,0.2288,702.9,390.6,0.991,0.74043,0.22418,710.8,382.7,0.993,0.74025,0.22417,710.6,382.7,0.993,0.73999,0.22417,710.4,382.7,0.995,0.74455,0.22458,714.8,383.4,0.993,0.74657,0.22548,716.7,384.9,0.993,0.74892,0.22621,719.0,386.1,0.995,0.74539,0.22684,715.6,387.2,0.996,0.75748,0.23052,727.2,393.5,0.991,0.7334,0.23409,704.1,399.6,0.989,0.7368,0.2355,707.3,402.0,0.982,0.72116,0.25322,692.3,432.2,1.0,0.7781,0.26616,747.0,454.3,1.0,0.63584,0.26298,610.4,448.9,0.919,0.77812,0.30925,747.0,527.9,0.002,0.57007,0.24244,547.3,413.8,0.825,0.74052,0.33343,710.9,569.2,0.004,0.54832,0.23937,526.4,408.6,0.803,0.73651,0.3402,707.1,580.7,0.008,0.5519,0.23138,529.8,395.0,0.787,0.72463,0.33738,695.6,575.9,0.007,0.55934,0.23283,537.0,397.4,0.673,0.72354,0.33482,694.6,571.5,0.008,0.71691,0.33068,688.2,564.5,1.0,0.74538,0.3574,715.6,610.1,1.0,0.6231,0.28899,598.2,493.3,0.504,0.65394,0.39987,627.8,682.6,0.847,0.53151,0.32704,510.2,558.2,0.596,0.5998,0.46631,575.8,796.0,0.924,0.52419,0.3405,503.2,581.2,0.656,0.59603,0.48414,572.2,826.4,0.892,0.47764,0.31474,458.5,537.3,0.409,0.57456,0.48007,551.6,819.5,0.784
1431,39.521,960,1707,0.71402,0.23982,685.5,409.4,0.992,0.72056,0.23342,691.7,398.4,0.993,0.72097,0.23283,692.1,397.4,0.993,0.72138,0.23243,692.5,396.8,0.996,0.72371,0.23463,694.8,400.5,0.994,0.72648,0.23518,697.4,401.4,0.994,0.72914,0.23561,700.0,402.2,0.995,0.73617,0.23309,706.7,397.9,0.997,0.74682,0.2373,717.0,405.1,0.992,0.72195,0.24125,693.1,411.8,0.989,0.72256,0.24539,693.7,418.9,0.983,0.72194,0.25499,693.1,435.3,1.0,0.77759,0.26772,746.5,457.0,1.0,0.63642,0.263,611.0,448.9,0.907,0.7774,0.31017,746.3,529.5,0.002,0.57014,0.24233,547.3,413.7,0.815,0.7395,0.3337,709.9,569.6,0.004,0.54832,0.23916,526.4,408.2,0.795,0.73583,0.33952,706.4,579.6,0.008,0.55188,0.23129,529.8,394.8,0.778,0.724,0.33661,695.0,574.6,0.007,0.55921,0.23272,536.8,397.2,0.66,0.72296,0.33446,694.0,570.9,0.008,0.71947,0.33281,690.7,568.1,1.0,0.74547,0.35928,715.6,613.3,1.0,0.62428,0.29118,599.3,497.0,0.477,0.65338,0.40031,627.2,683.3,0.825,0.53214,0.32749,510.9,559.0,0.573,0.59972,0.46668,575.7,796.6,0.916,0.52449,0.34067,503.5,581.5,0.636,0.59592,0.48619,572.1,829.9,0.879,0.48085,0.31464,461.6,537.1,0.396,0.57235,0.4782,549.5,816.3,0.773
1432,39.548,960,1707,0.69224,0.25302,664.5,431.9,0.992,0.69523,0.24583,667.4,419.6,0.993,0.69558,0.2448,667.8,417.9,0.993,0.69591,0.24397,668.1,416.5,0.996,0.69878,0.24753,670.8,422.5,0.994,0.70186,0.24792,673.8,423.2,0.994,0.70486,0.2482,676.7,423.7,0.996,0.71567,0.24438,687.0,417.2,0.996,0.72731,0.24708,698.2,421.8,0.992,0.70691,0.2515,678.6,429.3,0.989,0.70545,0.2537,677.2,433.1,0.983,0.72161,0.2582,692.7,440.7,1.0,0.77673,0.27117,745.7,462.9,1.0,0.63582,0.26335,610.4,449.5,0.893,0.77735,0.312,746.3,532.6,0.002,0.56891,0.24226,546.2,413.5,0.798,0.73874,0.33505,709.2,571.9,0.004,0.5471,0.23905,525.2,408.1,0.782,0.73542,0.34013,706.0,580.6,0.007,0.55124,0.23139,529.2,395.0,0.764,0.72333,0.33716,694.4,575.5,0.007,0.55839,0.23283,536.1,397.4,0.641,0.72227,0.33527,693.4,572.3,0.008,0.7226,0.33324,693.7,568.8,1.0,0.74781,0.36108,717.9,616.4,1.0,0.62701,0.29232,601.9,499.0,0.46,0.65239,0.40097,626.3,684.5,0.81,0.53423,0.32749,512.9,559.0,0.556,0.5995,0.46689,575.5,797.0,0.913,0.5248,0.34063,503.8,581.5,0.621,0.59522,0.48889,571.4,834.5,0.872,0.48747,0.31415,468.0,536.3,0.386,0.56812,0.47858,545.4,816.9,0.767
1433,39.576,960,1707,0.68559,0.25746,658.2,439.5,0.99,0.68763,0.25039,660.1,427.4,0.992,0.68764,0.24927,660.1,425.5,0.992,0.68762,0.24835,660.1,423.9,0.994,0.69227,0.25236,664.6,430.8,0.993,0.69568,0.25284,667.9,431.6,0.993,0.69904,0.25321,671.1,432.2,0.995,0.70578,0.24637,677.5,420.6,0.995,0.72221,0.25201,693.3,430.2,0.991,0.69582,0.25833,668.0,441.0,0.986,0.70043,0.26099,672.4,445.5,0.98,0.72264,0.25829,693.7,440.9,1.0,0.78293,0.27553,751.6,470.3,1.0,0.63583,0.26348,610.4,449.8,0.865,0.77711,0.31498,746.0,537.7,0.002,0.56793,0.24218,545.2,413.4,0.772,0.73542,0.33788,706.0,576.8,0.004,0.54656,0.23902,524.7,408.0,0.762,0.73232,0.34242,703.0,584.5,0.007,0.5506,0.23173,528.6,395.6,0.744,0.71866,0.33932,689.9,579.2,0.007,0.55739,0.23316,535.1,398.0,0.617,0.71799,0.33756,689.3,576.2,0.008,0.72514,0.3345,696.1,571.0,1.0,0.74869,0.36174,718.7,617.5,1.0,0.62927,0.29372,604.1,501.4,0.44,0.6522,0.40154,626.1,685.4,0.781,0.535,0.33022,513.6,563.7,0.542,0.59911,0.46691,575.1,797.0,0.904,0.52624,0.34254,505.2,584.7,0.606,0.59385,0.48399,570.1,826.2,0.858,0.4896,0.31457,470.0,537.0,0.377,0.56825,0.47901,545.5,817.7,0.751
1434,39.603,960,1707,0.68661,0.26027,659.1,444.3,0.99,0.68823,0.25302,660.7,431.9,0.992,0.68803,0.25191,660.5,430.0,0.991,0.68781,0.25101,660.3,428.5,0.994,0.69324,0.25477,665.5,434.9,0.993,0.69669,0.25513,668.8,435.5,0.993,0.70012,0.25538,672.1,435.9,0.995,0.7045,0.24812,676.3,423.5,0.995,0.72237,0.25354,693.5,432.8,0.991,0.69511,0.26142,667.3,446.3,0.985,0.70105,0.26385,673.0,450.4,0.979,0.72191,0.25846,693.0,441.2,1.0,0.78154,0.27429,750.3,468.2,1.0,0.63581,0.26433,610.4,451.2,0.854,0.77892,0.31548,747.8,538.5,0.002,0.56777,0.24233,545.1,413.7,0.762,0.73678,0.33871,707.3,578.2,0.004,0.54657,0.23901,524.7,408.0,0.754,0.73427,0.34306,704.9,585.6,0.007,0.55085,0.23197,528.8,396.0,0.736,0.72018,0.33995,691.4,580.3,0.007,0.55756,0.23364,535.3,398.8,0.605,0.7192,0.33815,690.4,577.2,0.007,0.72698,0.33562,697.9,572.9,1.0,0.7502,0.36315,720.2,619.9,1.0,0.629,0.29517,603.8,503.9,0.428,0.65219,0.40261,626.1,687.3,0.756,0.53558,0.3354,514.2,572.5,0.535,0.59937,0.46566,575.4,794.9,0.897,0.52629,0.34777,505.2,593.6,0.598,0.59398,0.47966,570.2,818.8,0.847,0.49309,0.3176,473.4,542.1,0.375,0.56962,0.47897,546.8,817.6,0.739
1435,39.631,960,1707,0.70709,0.25558,678.8,436.3,0.99,0.70747,0.24868,679.2,424.5,0.992,0.70572,0.24782,677.5,423.0,0.992,0.70398,0.24706,675.8,421.7,0.995,0.71517,0.24992,686.6,426.6,0.994,0.71947,0.25022,690.7,427.1,0.993,0.72349,0.25042,694.6,427.5,0.996,0.71469,0.24518,686.1,418.5,0.995,0.74072,0.24939,711.1,425.7,0.991,0.70718,0.25658,678.9,438.0,0.986,0.71701,0.25872,688.3,441.6,0.981,0.72182,0.25939,692.9,442.8,1.0,0.78117,0.27336,749.9,466.6,1.0,0.63464,0.26482,609.3,452.0,0.85,0.76489,0.30375,734.3,518.5,0.002,0.56736,0.24231,544.7,413.6,0.752,0.71946,0.29406,690.7,502.0,0.004,0.54646,0.239,524.6,408.0,0.743,0.71661,0.29166,687.9,497.9,0.007,0.55085,0.23221,528.8,396.4,0.723,0.70628,0.28814,678.0,491.8,0.006,0.55753,0.23393,535.2,399.3,0.593,0.70408,0.28877,675.9,492.9,0.007,0.72857,0.33665,699.4,574.7,1.0,0.75247,0.36367,722.4,620.8,1.0,0.63037,0.297,605.2,507.0,0.416,0.65216,0.4037,626.1,689.1,0.748,0.53793,0.33862,516.4,578.0,0.512,0.59928,0.46567,575.3,794.9,0.89,0.52887,0.35146,507.7,599.9,0.576,0.59318,0.47957,569.5,818.6,0.837,0.49302,0.33022,473.3,563.7,0.36,0.57072,0.47918,547.9,818.0,0.731
1436,39.659,960,1707,0.67462,0.25901,647.6,442.1,0.991,0.67736,0.25318,650.3,432.2,0.993,0.67723,0.2521,650.1,430.3,0.992,0.67708,0.2512,650.0,428.8,0.995,0.67345,0.25749,646.5,439.5,0.994,0.67511,0.25722,648.1,439.1,0.994,0.67799,0.25651,650.9,437.9,0.996,0.69524,0.24852,667.4,424.2,0.995,0.71273,0.25399,684.2,433.6,0.992,0.68563,0.26142,658.2,446.2,0.987,0.6921,0.26392,664.4,450.5,0.982,0.71928,0.26044,690.5,444.6,1.0,0.78067,0.27359,749.4,467.0,1.0,0.63411,0.26551,608.7,453.2,0.833,0.77125,0.3136,740.4,535.3,0.002,0.56629,0.24218,543.6,413.4,0.725,0.73264,0.32952,703.3,562.5,0.004,0.5453,0.239,523.5,408.0,0.72,0.73213,0.33293,702.8,568.3,0.007,0.55025,0.23221,528.2,396.4,0.699,0.71998,0.32986,691.2,563.1,0.006,0.55674,0.23395,534.5,399.4,0.568,0.71796,0.32848,689.2,560.7,0.007,0.72981,0.33907,700.6,578.8,1.0,0.75388,0.36416,723.7,621.6,1.0,0.63,0.2988,604.8,510.1,0.402,0.6524,0.40445,626.3,690.4,0.722,0.54179,0.3438,520.1,586.9,0.494,0.59977,0.46565,575.8,794.9,0.881,0.53322,0.35614,511.9,607.9,0.559,0.59208,0.47968,568.4,818.8,0.824,0.49737,0.3378,477.5,576.6,0.348,0.56658,0.47688,543.9,814.0,0.717
1437,39.686,960,1707,0.67471,0.26141,647.7,446.2,0.991,0.6763,0.25454,649.2,434.5,0.993,0.67621,0.25344,649.2,432.6,0.992,0.6761,0.25254,649.1,431.1,0.995,0.67284,0.25865,645.9,441.5,0.994,0.67549,0.25805,648.5,440.5,0.994,0.68585,0.25705,658.4,438.8,0.996,0.69677,0.25219,668.9,430.5,0.995,0.71187,0.25511,683.4,435.5,0.992,0.68477,0.26302,657.4,449.0,0.987,0.69099,0.26546,663.4,453.1,0.983,0.718,0.26317,689.3,449.2,1.0,0.78031,0.27359,749.1,467.0,1.0,0.63406,0.26558,608.7,453.3,0.83,0.77685,0.31559,745.8,538.7,0.002,0.56636,0.24216,543.7,413.4,0.718,0.73396,0.33914,704.6,578.9,0.004,0.54533,0.239,523.5,408.0,0.715,0.73267,0.34449,703.4,588.0,0.007,0.55047,0.23194,528.4,395.9,0.694,0.72021,0.34219,691.4,584.1,0.007,0.5569,0.23371,534.6,399.0,0.562,0.71852,0.34023,689.8,580.8,0.007,0.72931,0.34394,700.1,587.1,1.0,0.75422,0.36688,724.1,626.3,1.0,0.63035,0.3038,605.1,518.6,0.4,0.65294,0.40522,626.8,691.7,0.707,0.55217,0.34827,530.1,594.5,0.487,0.59962,0.46606,575.6,795.6,0.878,0.54298,0.36149,521.3,617.1,0.549,0.58951,0.48028,565.9,819.8,0.815,0.50726,0.33574,487.0,573.1,0.345,0.5629,0.4755,540.4,811.7,0.713
1438,39.714,960,1707,0.66972,0.26459,642.9,451.7,0.991,0.67269,0.26059,645.8,444.8,0.993,0.67551,0.25959,648.5,443.1,0.992,0.67104,0.25661,644.2,438.0,0.995,0.66951,0.26207,642.7,447.4,0.995,0.67095,0.26154,644.1,446.4,0.994,0.67344,0.26078,646.5,445.2,0.996,0.69129,0.254,663.6,433.6,0.995,0.70654,0.25863,678.3,441.5,0.992,0.68439,0.26393,657.0,450.5,0.987,0.68441,0.2649,657.0,452.2,0.982,0.71842,0.26568,689.7,453.5,1.0,0.77739,0.27462,746.3,468.8,1.0,0.63329,0.2655,608.0,453.2,0.793,0.76614,0.30954,735.5,528.4,0.002,0.56641,0.24203,543.8,413.1,0.69,0.71535,0.30345,686.7,518.0,0.003,0.54512,0.23893,523.3,407.8,0.694,0.70992,0.30099,681.5,513.8,0.007,0.55047,0.2319,528.5,395.8,0.674,0.69789,0.29828,670.0,509.2,0.006,0.55692,0.23364,534.6,398.8,0.542,0.69769,0.29929,669.8,510.9,0.007,0.73078,0.34736,701.6,592.9,1.0,0.75569,0.37027,725.5,632.0,1.0,0.63015,0.31301,604.9,534.3,0.375,0.65268,0.40636,626.6,693.6,0.653,0.56042,0.3696,538.0,630.9,0.478,0.59971,0.46627,575.7,795.9,0.848,0.56384,0.38769,541.3,661.8,0.539,0.58981,0.48085,566.2,820.8,0.783,0.51805,0.37777,497.3,644.9,0.349,0.55795,0.47605,535.6,812.6,0.69
1439,39.742,960,1707,0.67411,0.2702,647.1,461.2,0.992,0.67652,0.26663,649.5,455.1,0.993,0.67926,0.2656,652.1,453.4,0.992,0.6789,0.26415,651.7,450.9,0.995,0.67437,0.2668,647.4,455.4,0.995,0.6763,0.26602,649.2,454.1,0.994,0.67799,0.26524,650.9,452.8,0.996,0.6933,0.26006,665.6,443.9,0.995,0.70679,0.26283,678.5,448.6,0.992,0.68756,0.26972,660.1,460.4,0.986,0.68723,0.27041,659.7,461.6,0.981,0.71815,0.26922,689.4,459.6,1.0,0.7761,0.27628,745.1,471.6,1.0,0.63222,0.26564,606.9,453.4,0.775,0.76657,0.31015,735.9,529.4,0.002,0.56558,0.24224,543.0,413.5,0.678,0.73017,0.31063,701.0,530.2,0.003,0.5444,0.23897,522.6,407.9,0.687,0.72802,0.31025,698.9,529.6,0.006,0.55011,0.23214,528.1,396.3,0.668,0.71681,0.30746,688.1,524.8,0.006,0.55654,0.23394,534.3,399.3,0.534,0.71518,0.30756,686.6,525.0,0.006,0.73023,0.35023,701.0,597.8,1.0,0.75694,0.37142,726.7,634.0,1.0,0.62569,0.32308,600.7,551.5,0.349,0.6535,0.40775,627.4,696.0,0.598,0.57038,0.3845,547.6,656.3,0.464,0.59953,0.46664,575.5,796.5,0.805,0.57319,0.40398,550.3,689.6,0.525,0.59008,0.48115,566.5,821.3,0.743,0.5213,0.39408,500.5,672.7,0.344,0.55848,0.47785,536.1,815.7,0.654
1440,39.769,960,1707,0.678,0.26572,650.9,453.6,0.992,0.6811,0.26119,653.9,445.9,0.994,0.68316,0.26002,655.8,443.9,0.993,0.68221,0.25899,654.9,442.1,0.996,0.67831,0.26212,651.2,447.4,0.995,0.67988,0.26161,652.7,446.6,0.995,0.68153,0.26094,654.3,445.4,0.997,0.69704,0.25622,669.2,437.4,0.996,0.71081,0.25956,682.4,443.1,0.993,0.69019,0.26614,662.6,454.3,0.988,0.69108,0.26958,663.4,460.2,0.983,0.72026,0.271,691.5,462.6,1.0,0.77652,0.27717,745.5,473.1,1.0,0.63209,0.26599,606.8,454.1,0.786,0.79265,0.32036,760.9,546.9,0.002,0.5651,0.2428,542.5,414.5,0.694,0.77822,0.34053,747.1,581.3,0.003,0.54298,0.23999,521.3,409.7,0.702,0.78027,0.34816,749.1,594.3,0.006,0.54902,0.23332,527.1,398.3,0.683,0.76804,0.34594,737.3,590.5,0.006,0.55563,0.23504,533.4,401.2,0.55,0.76556,0.34405,734.9,587.3,0.006,0.7385,0.35189,709.0,600.7,1.0,0.76445,0.37163,733.9,634.4,1.0,0.62107,0.33376,596.2,569.7,0.365,0.65615,0.40865,629.9,697.6,0.577,0.58215,0.39817,558.9,679.7,0.469,0.59841,0.46911,574.5,800.8,0.799,0.5868,0.41697,563.3,711.8,0.528,0.58972,0.48415,566.1,826.4,0.74,0.52489,0.39836,503.9,680.0,0.349,0.54565,0.47744,523.8,815.0,0.648
1441,39.797,960,1707,0.70971,0.25794,681.3,440.3,0.993,0.71253,0.25166,684.0,429.6,0.994,0.71231,0.25118,683.8,428.8,0.994,0.71207,0.25105,683.6,428.5,0.996,0.71642,0.25198,687.8,430.1,0.996,0.71902,0.25213,690.3,430.4,0.995,0.72141,0.2522,692.6,430.5,0.997,0.72114,0.25185,692.3,429.9,0.996,0.73644,0.25344,707.0,432.6,0.994,0.71241,0.2624,683.9,447.9,0.989,0.71662,0.2637,688.0,450.1,0.984,0.72185,0.27099,693.0,462.6,1.0,0.77716,0.27677,746.1,472.4,1.0,0.63212,0.26693,606.8,455.7,0.795,0.79557,0.31897,763.7,544.5,0.002,0.56663,0.24365,544.0,415.9,0.703,0.78592,0.34227,754.5,584.3,0.003,0.54414,0.24003,522.4,409.7,0.709,0.78073,0.34606,749.5,590.7,0.006,0.55019,0.23339,528.2,398.4,0.691,0.76942,0.34387,738.6,587.0,0.006,0.55702,0.23557,534.7,402.1,0.557,0.76694,0.34184,736.3,583.5,0.006,0.74284,0.35436,713.1,604.9,1.0,0.7686,0.37166,737.9,634.4,1.0,0.61868,0.34339,593.9,586.2,0.375,0.66192,0.40862,635.4,697.5,0.568,0.59395,0.40881,570.2,697.8,0.479,0.59846,0.47017,574.5,802.6,0.798,0.59949,0.42361,575.5,723.1,0.532,0.59507,0.48391,571.3,826.0,0.739,0.53081,0.40982,509.6,699.6,0.357,0.54839,0.48569,526.5,829.1,0.647
1442,39.824,960,1707,0.6947,0.26469,666.9,451.8,0.993,0.69497,0.26019,667.2,444.2,0.995,0.7006,0.2578,672.6,440.1,0.994,0.70102,0.25739,673.0,439.4,0.996,0.69241,0.26118,664.7,445.8,0.996,0.71452,0.25881,685.9,441.8,0.995,0.7166,0.2587,687.9,441.6,0.997,0.71185,0.25496,683.4,435.2,0.996,0.72664,0.25666,697.6,438.1,0.994,0.70507,0.2684,676.9,458.2,0.989,0.71137,0.26944,682.9,459.9,0.985,0.7205,0.27159,691.7,463.6,1.0,0.77791,0.27608,746.8,471.3,1.0,0.63153,0.26754,606.3,456.7,0.804,0.79662,0.31812,764.8,543.0,0.002,0.56793,0.24399,545.2,416.5,0.697,0.77271,0.33433,741.8,570.7,0.003,0.54509,0.2401,523.3,409.9,0.704,0.76846,0.33683,737.7,575.0,0.005,0.55096,0.23343,528.9,398.5,0.687,0.75786,0.33375,727.5,569.7,0.005,0.55813,0.23574,535.8,402.4,0.55,0.75676,0.33231,726.5,567.2,0.006,0.74381,0.35867,714.1,612.2,1.0,0.77104,0.37281,740.2,636.4,1.0,0.61572,0.35491,591.1,605.8,0.397,0.66483,0.40918,638.2,698.5,0.559,0.60088,0.41945,576.8,716.0,0.498,0.60092,0.46986,576.9,802.1,0.803,0.61071,0.43216,586.3,737.7,0.552,0.60235,0.47959,578.3,818.7,0.749,0.54054,0.41999,518.9,716.9,0.374,0.5589,0.48428,536.5,826.7,0.654
1443,39.852,960,1707,0.69009,0.26496,662.5,452.3,0.994,0.69032,0.26112,662.7,445.7,0.995,0.69459,0.25962,666.8,443.2,0.995,0.69447,0.25859,666.7,441.4,0.996,0.68803,0.26172,660.5,446.7,0.996,0.69627,0.26047,668.4,444.6,0.996,0.71144,0.25975,683.0,443.4,0.997,0.70494,0.25589,676.7,436.8,0.997,0.72068,0.25738,691.9,439.3,0.995,0.70069,0.26915,672.7,459.4,0.99,0.70754,0.27007,679.2,461.0,0.986,0.71788,0.27232,689.2,464.9,1.0,0.77991,0.27584,748.7,470.9,1.0,0.63079,0.26772,605.6,457.0,0.809,0.79978,0.31911,767.8,544.7,0.003,0.56866,0.24406,545.9,416.6,0.692,0.7762,0.34157,745.2,583.1,0.003,0.54565,0.24034,523.8,410.3,0.7,0.77525,0.34847,744.2,594.8,0.005,0.5514,0.23348,529.3,398.5,0.684,0.76526,0.34639,734.6,591.3,0.005,0.55888,0.2357,536.5,402.3,0.545,0.76563,0.3442,735.0,587.5,0.005,0.74284,0.3597,713.1,614.0,1.0,0.77365,0.37336,742.7,637.3,1.0,0.61512,0.36754,590.5,627.4,0.411,0.66387,0.40948,637.3,699.0,0.526,0.60463,0.4298,580.4,733.7,0.511,0.60102,0.47014,577.0,802.5,0.784,0.61576,0.44183,591.1,754.2,0.568,0.60236,0.48714,578.3,831.5,0.742,0.55042,0.43547,528.4,743.3,0.389,0.55594,0.48241,533.7,823.5,0.635
1444,39.88,960,1707,0.68719,0.26605,659.7,454.1,0.994,0.68865,0.26168,661.1,446.7,0.995,0.69233,0.26036,664.6,444.4,0.995,0.69121,0.25864,663.6,441.5,0.997,0.68631,0.26219,658.9,447.6,0.996,0.69012,0.26122,662.5,445.9,0.996,0.70352,0.26017,675.4,444.1,0.998,0.70442,0.25569,676.2,436.5,0.997,0.71752,0.25755,688.8,439.6,0.995,0.69642,0.26826,668.6,457.9,0.99,0.70023,0.2686,672.2,458.5,0.987,0.71706,0.2721,688.4,464.5,1.0,0.78045,0.27532,749.2,470.0,1.0,0.63055,0.26892,605.3,459.0,0.808,0.79629,0.3185,764.4,543.7,0.003,0.56909,0.24428,546.3,417.0,0.686,0.7716,0.33904,740.7,578.7,0.003,0.54569,0.24033,523.9,410.2,0.696,0.76802,0.34453,737.3,588.1,0.005,0.55171,0.23347,529.6,398.5,0.682,0.75804,0.34246,727.7,584.6,0.004,0.55945,0.23567,537.1,402.3,0.541,0.75842,0.34056,728.1,581.3,0.005,0.74213,0.36591,712.4,624.6,1.0,0.77347,0.37543,742.5,640.9,1.0,0.61564,0.37984,591.0,648.4,0.388,0.66547,0.40919,638.9,698.5,0.476,0.60846,0.44917,584.1,766.7,0.499,0.61234,0.46856,587.8,799.8,0.714,0.61612,0.46344,591.5,791.1,0.563,0.61665,0.48266,592.0,823.9,0.684,0.5575,0.45639,535.2,779.1,0.386,0.56992,0.47428,547.1,809.6,0.579
1445,39.907,960,1707,0.7147,0.25583,686.1,436.7,0.995,0.71543,0.24917,686.8,425.3,0.996,0.71514,0.24878,686.5,424.7,0.995,0.71451,0.24846,685.9,424.1,0.997,0.7199,0.24928,691.1,425.5,0.997,0.72256,0.24925,693.7,425.5,0.996,0.72663,0.24908,697.6,425.2,0.998,0.72094,0.24898,692.1,425.0,0.997,0.73791,0.24958,708.4,426.0,0.995,0.7162,0.26025,687.6,444.3,0.991,0.72126,0.26048,692.4,444.6,0.987,0.71534,0.27204,686.7,464.4,1.0,0.78043,0.27333,749.2,466.6,0.999,0.62888,0.26999,603.7,460.9,0.796,0.79249,0.31437,760.8,536.6,0.003,0.56825,0.24425,545.5,416.9,0.687,0.76263,0.32139,732.1,548.6,0.002,0.54528,0.24032,523.5,410.2,0.697,0.76097,0.32333,730.5,551.9,0.005,0.55169,0.23339,529.6,398.4,0.685,0.75083,0.32151,720.8,548.8,0.004,0.55944,0.23559,537.1,402.1,0.545,0.74854,0.32125,718.6,548.4,0.005,0.74027,0.36977,710.7,631.2,1.0,0.77489,0.37462,743.9,639.5,1.0,0.61614,0.38854,591.5,663.2,0.355,0.67205,0.40197,645.2,686.2,0.429,0.60671,0.45675,582.4,779.7,0.467,0.6358,0.46192,610.4,788.5,0.645,0.61254,0.47057,588.0,803.3,0.533,0.63704,0.47363,611.6,808.5,0.62,0.55162,0.47561,529.6,811.9,0.362,0.60739,0.46975,583.1,801.9,0.524
1446,39.935,960,1707,0.68813,0.2641,660.6,450.8,0.995,0.68789,0.26009,660.4,444.0,0.996,0.68895,0.25972,661.4,443.3,0.996,0.69032,0.25691,662.7,438.6,0.997,0.68783,0.25936,660.3,442.7,0.997,0.69042,0.25822,662.8,440.8,0.997,0.69858,0.25732,670.6,439.2,0.998,0.70302,0.25497,674.9,435.2,0.997,0.71456,0.2554,686.0,436.0,0.996,0.69614,0.26508,668.3,452.5,0.991,0.69634,0.26446,668.5,451.4,0.988,0.70471,0.27409,676.5,467.9,1.0,0.7793,0.272,748.1,464.3,0.999,0.62735,0.27028,602.3,461.4,0.806,0.79573,0.31655,763.9,540.3,0.003,0.56756,0.24409,544.9,416.7,0.704,0.77328,0.33653,742.3,574.5,0.002,0.54462,0.2404,522.8,410.4,0.714,0.76855,0.34224,737.8,584.2,0.005,0.55165,0.23301,529.6,397.8,0.703,0.75824,0.34083,727.9,581.8,0.004,0.55938,0.23508,537.0,401.3,0.566,0.75839,0.3392,728.1,579.0,0.005,0.73971,0.37241,710.1,635.7,1.0,0.77319,0.37494,742.3,640.0,1.0,0.61657,0.39547,591.9,675.1,0.335,0.67013,0.40253,643.3,687.1,0.388,0.6063,0.45838,582.1,782.5,0.459,0.62593,0.46187,600.9,788.4,0.586,0.61253,0.47147,588.0,804.8,0.532,0.62559,0.46927,600.6,801.0,0.57,0.54996,0.46927,528.0,801.0,0.357,0.5953,0.46584,571.5,795.2,0.476
1447,39.962,960,1707,0.67799,0.27386,650.9,467.5,0.995,0.67894,0.26974,651.8,460.4,0.996,0.68051,0.26918,653.3,459.5,0.996,0.68234,0.26814,655.0,457.7,0.997,0.67788,0.26933,650.8,459.7,0.997,0.67882,0.26852,651.7,458.4,0.997,0.6804,0.26762,653.2,456.8,0.998,0.69522,0.26245,667.4,448.0,0.997,0.70454,0.26393,676.4,450.5,0.996,0.6868,0.27401,659.3,467.7,0.991,0.68565,0.27417,658.2,468.0,0.988,0.70545,0.27631,677.2,471.7,1.0,0.77787,0.2725,746.8,465.2,0.999,0.62755,0.27094,602.4,462.5,0.808,0.78161,0.30616,750.3,522.6,0.003,0.56712,0.24394,544.4,416.4,0.71,0.72437,0.29892,695.4,510.3,0.002,0.54423,0.24038,522.5,410.3,0.72,0.71287,0.29634,684.4,505.8,0.005,0.5515,0.23289,529.4,397.5,0.711,0.70344,0.29483,675.3,503.3,0.004,0.55909,0.2348,536.7,400.8,0.576,0.70633,0.29636,678.1,505.9,0.005,0.73785,0.37719,708.3,643.9,1.0,0.77303,0.37788,742.1,645.0,1.0,0.61736,0.39997,592.7,682.7,0.315,0.671,0.40829,644.2,696.9,0.35,0.6047,0.47025,580.5,802.7,0.455,0.62377,0.46251,598.8,789.5,0.532,0.60781,0.48455,583.5,827.1,0.538,0.62148,0.47668,596.6,813.7,0.525,0.55145,0.47678,529.4,813.9,0.358,0.58301,0.46804,559.7,798.9,0.434
1448,39.99,960,1707,0.67657,0.27419,649.5,468.0,0.995,0.677,0.26994,649.9,460.8,0.996,0.67893,0.26919,651.8,459.5,0.996,0.68094,0.26818,653.7,457.8,0.997,0.67765,0.26915,650.5,459.4,0.997,0.6793,0.26819,652.1,457.8,0.997,0.68453,0.26809,657.1,457.6,0.998,0.69395,0.26251,666.2,448.1,0.997,0.70695,0.2648,678.7,452.0,0.996,0.68665,0.27444,659.2,468.5,0.991,0.6867,0.27448,659.2,468.5,0.988,0.70606,0.27598,677.8,471.1,1.0,0.77584,0.27321,744.8,466.4,0.999,0.62726,0.27085,602.2,462.3,0.8,0.76032,0.29486,729.9,503.3,0.003,0.56521,0.2434,542.6,415.5,0.714,0.70199,0.27836,673.9,475.2,0.003,0.54379,0.23891,522.0,407.8,0.725,0.69408,0.27263,666.3,465.4,0.005,0.55084,0.2324,528.8,396.7,0.717,0.66621,0.2576,639.6,439.7,0.005,0.55813,0.23437,535.8,400.1,0.583,0.66844,0.2618,641.7,446.9,0.005,0.73748,0.37806,708.0,645.3,1.0,0.77208,0.37941,741.2,647.7,1.0,0.61912,0.40416,594.4,689.9,0.296,0.67193,0.40956,645.1,699.1,0.316,0.60183,0.47475,577.8,810.4,0.439,0.62034,0.46266,595.5,789.8,0.483,0.60436,0.48655,580.2,830.5,0.527,0.61883,0.47645,594.1,813.3,0.479,0.54833,0.47878,526.4,817.3,0.35,0.58302,0.46443,559.7,792.8,0.395
1449,40.018,960,1707,0.69444,0.26674,666.7,455.3,0.996,0.69514,0.25956,667.3,443.1,0.996,0.69448,0.25927,666.7,442.6,0.996,0.69462,0.25935,666.8,442.7,0.997,0.70041,0.25943,672.4,442.8,0.997,0.7029,0.25947,674.8,442.9,0.997,0.70559,0.25963,677.4,443.2,0.998,0.70368,0.25902,675.5,442.1,0.998,0.72054,0.2597,691.7,443.3,0.996,0.69766,0.27099,669.7,462.6,0.991,0.70228,0.27117,674.2,462.9,0.988,0.70657,0.27681,678.3,472.5,1.0,0.77589,0.27353,744.8,466.9,0.999,0.62709,0.27113,602.0,462.8,0.806,0.7665,0.29955,735.8,511.3,0.003,0.56573,0.24342,543.1,415.5,0.718,0.7156,0.28815,687.0,491.9,0.003,0.54499,0.23874,523.2,407.5,0.729,0.70709,0.28457,678.8,485.8,0.005,0.55242,0.23239,530.3,396.7,0.722,0.6923,0.28067,664.6,479.1,0.005,0.56037,0.23444,538.0,400.2,0.59,0.69345,0.28238,665.7,482.0,0.005,0.73613,0.38023,706.7,649.1,1.0,0.77173,0.3812,740.9,650.7,1.0,0.61976,0.40989,595.0,699.7,0.287,0.67313,0.41006,646.2,700.0,0.285,0.60053,0.47873,576.5,817.2,0.442,0.61925,0.46026,594.5,785.7,0.438,0.60266,0.49315,578.6,841.8,0.534,0.6186,0.4772,593.9,814.6,0.439,0.54157,0.48225,519.9,823.2,0.355,0.58507,0.46325,561.7,790.8,0.358
1450,40.045,960,1707,0.72849,0.24842,699.3,424.0,0.996,0.72935,0.24122,700.2,411.8,0.997,0.72735,0.24098,698.3,411.4,0.996,0.72572,0.24107,696.7,411.5,0.997,0.73672,0.24187,707.3,412.9,0.997,0.73963,0.24238,710.0,413.7,0.997,0.74232,0.24278,712.6,414.4,0.998,0.72639,0.24412,697.3,416.7,0.998,0.75038,0.24272,720.4,414.3,0.997,0.72356,0.25421,694.6,433.9,0.992,0.73132,0.25506,702.1,435.4,0.989,0.70733,0.27698,679.0,472.8,1.0,0.7759,0.27248,744.9,465.1,0.999,0.62571,0.27112,600.7,462.8,0.819,0.76605,0.2977,735.4,508.2,0.003,0.56603,0.24333,543.4,415.4,0.737,0.70367,0.27785,675.5,474.3,0.003,0.54634,0.23845,524.5,407.0,0.744,0.69368,0.27305,665.9,466.1,0.006,0.55333,0.23234,531.2,396.6,0.738,0.66841,0.2589,641.7,441.9,0.006,0.5611,0.23442,538.7,400.2,0.613,0.6839,0.2718,656.5,464.0,0.006,0.7361,0.38007,706.7,648.8,1.0,0.77115,0.3803,740.3,649.2,0.999,0.6221,0.41311,597.2,705.2,0.289,0.67321,0.40693,646.3,694.6,0.259,0.59924,0.47968,575.3,818.8,0.465,0.62281,0.46026,597.9,785.7,0.401,0.60216,0.49398,578.1,843.2,0.551,0.62169,0.4755,596.8,811.7,0.409,0.53911,0.48368,517.5,825.6,0.374,0.58852,0.46172,565.0,788.2,0.329
1451,40.073,960,1707,0.71955,0.24882,690.8,424.7,0.996,0.72103,0.24182,692.2,412.8,0.997,0.71994,0.24149,691.1,412.2,0.996,0.71888,0.24142,690.1,412.1,0.998,0.72654,0.24238,697.5,413.7,0.997,0.7293,0.2427,700.1,414.3,0.997,0.73217,0.24292,702.9,414.7,0.998,0.72313,0.24346,694.2,415.6,0.998,0.74339,0.24414,713.7,416.8,0.997,0.7183,0.25396,689.6,433.5,0.992,0.72448,0.25479,695.5,434.9,0.99,0.7078,0.27724,679.5,473.2,1.0,0.77532,0.27135,744.3,463.2,0.998,0.62525,0.27135,600.2,463.2,0.829,0.76332,0.28764,732.8,491.0,0.004,0.56605,0.2431,543.4,415.0,0.751,0.69266,0.26368,665.0,450.1,0.004,0.54641,0.23809,524.6,406.4,0.756,0.67983,0.2574,652.6,439.4,0.007,0.55341,0.23168,531.3,395.5,0.752,0.66479,0.25177,638.2,429.8,0.007,0.56113,0.23373,538.7,399.0,0.631,0.67211,0.25767,645.2,439.8,0.007,0.73685,0.38075,707.4,649.9,1.0,0.77097,0.37947,740.1,647.8,0.999,0.62503,0.41464,600.0,707.8,0.29,0.67272,0.40231,645.8,686.7,0.235,0.59728,0.48125,573.4,821.5,0.488,0.62624,0.46036,601.2,785.8,0.367,0.59501,0.49471,571.2,844.5,0.572,0.6254,0.47458,600.4,810.1,0.38,0.5364,0.48707,514.9,831.4,0.398,0.59486,0.46282,571.1,790.0,0.302
1452,40.101,960,1707,0.71516,0.25151,686.6,429.3,0.996,0.71656,0.24534,687.9,418.8,0.997,0.71684,0.24477,688.2,417.8,0.997,0.71595,0.24417,687.3,416.8,0.998,0.71983,0.24586,691.0,419.7,0.998,0.72279,0.24589,693.9,419.7,0.997,0.72752,0.2459,698.4,419.7,0.998,0.7228,0.24401,693.9,416.5,0.998,0.74044,0.2463,710.8,420.4,0.997,0.7099,0.25419,681.5,433.9,0.993,0.72316,0.25609,694.2,437.1,0.99,0.70679,0.27802,678.5,474.6,1.0,0.77535,0.27139,744.3,463.3,0.998,0.62515,0.27148,600.1,463.4,0.844,0.7931,0.31348,761.4,535.1,0.005,0.56423,0.24268,541.7,414.3,0.769,0.76052,0.33359,730.1,569.4,0.003,0.54505,0.23804,523.2,406.3,0.773,0.75627,0.34047,726.0,581.2,0.007,0.55256,0.23168,530.5,395.5,0.769,0.74767,0.33814,717.8,577.2,0.006,0.5606,0.23373,538.2,399.0,0.654,0.7477,0.3359,717.8,573.4,0.007,0.73685,0.3818,707.4,651.7,1.0,0.77077,0.37837,739.9,645.9,0.999,0.62777,0.41681,602.7,711.5,0.316,0.66976,0.40196,643.0,686.2,0.217,0.59149,0.48505,567.8,828.0,0.519,0.62515,0.46048,600.1,786.0,0.343,0.58501,0.49657,561.6,847.6,0.598,0.62461,0.47436,599.6,809.7,0.366,0.53136,0.49129,510.1,838.6,0.425,0.59429,0.46328,570.5,790.8,0.281
1453,40.128,960,1707,0.71292,0.25308,684.4,432.0,0.997,0.71604,0.24709,687.4,421.8,0.997,0.71494,0.24651,686.3,420.8,0.997,0.7141,0.24583,685.5,419.6,0.998,0.71768,0.24747,689.0,422.4,0.998,0.72075,0.2474,691.9,422.3,0.998,0.72727,0.24732,698.2,422.2,0.998,0.72174,0.24491,692.9,418.1,0.998,0.73794,0.24743,708.4,422.4,0.997,0.7074,0.25509,679.1,435.4,0.994,0.72011,0.25709,691.3,438.9,0.991,0.70568,0.27837,677.4,475.2,1.0,0.77527,0.27137,744.3,463.2,0.998,0.62509,0.27195,600.1,464.2,0.858,0.78997,0.31454,758.4,536.9,0.005,0.56404,0.24264,541.5,414.2,0.79,0.75633,0.32758,726.1,559.2,0.003,0.54427,0.23806,522.5,406.4,0.792,0.75248,0.33215,722.4,567.0,0.006,0.55181,0.23168,529.7,395.5,0.788,0.74398,0.32922,714.2,562.0,0.006,0.56038,0.23369,538.0,398.9,0.682,0.74386,0.32782,714.1,559.6,0.007,0.73619,0.38195,706.7,652.0,1.0,0.76916,0.37492,738.4,640.0,0.999,0.63217,0.41763,606.9,712.9,0.368,0.67939,0.34218,652.2,584.1,0.199,0.5903,0.48417,566.7,826.5,0.547,0.67808,0.36054,651.0,615.4,0.311,0.58123,0.49529,558.0,845.5,0.625,0.67806,0.36853,650.9,629.1,0.338,0.53147,0.49254,510.2,840.8,0.455,0.67574,0.35188,648.7,600.7,0.257
1454,40.156,960,1707,0.71017,0.25376,681.8,433.2,0.997,0.71328,0.24803,684.7,423.4,0.997,0.71316,0.24747,684.6,422.4,0.997,0.71266,0.24684,684.2,421.3,0.998,0.71472,0.24836,686.1,424.0,0.998,0.71763,0.24819,688.9,423.7,0.998,0.72326,0.24802,694.3,423.4,0.999,0.72119,0.24578,692.3,419.5,0.998,0.73606,0.24761,706.6,422.7,0.998,0.70675,0.2571,678.5,438.9,0.994,0.71754,0.25746,688.8,439.5,0.992,0.70598,0.2784,677.7,475.2,1.0,0.77509,0.27138,744.1,463.2,0.998,0.62515,0.27236,600.1,464.9,0.869,0.76513,0.29141,734.5,497.4,0.005,0.56402,0.24254,541.5,414.0,0.808,0.70195,0.2702,673.9,461.2,0.003,0.54294,0.23813,521.2,406.5,0.809,0.69096,0.26492,663.3,452.2,0.006,0.55049,0.23185,528.5,395.8,0.806,0.6815,0.26306,654.2,449.1,0.006,0.55989,0.23376,537.5,399.0,0.707,0.68326,0.26513,655.9,452.6,0.007,0.73431,0.38223,704.9,652.5,1.0,0.7677,0.37389,737.0,638.2,0.999,0.63397,0.42072,608.6,718.2,0.401,0.68649,0.33534,659.0,572.4,0.182,0.58846,0.48456,564.9,827.1,0.57,0.6801,0.36788,652.9,628.0,0.284,0.57865,0.49713,555.5,848.6,0.648,0.68048,0.37774,653.3,644.8,0.313,0.53328,0.49375,512.0,842.8,0.478,0.67375,0.36254,646.8,618.8,0.236
1455,40.183,960,1707,0.71904,0.24837,690.3,424.0,0.997,0.72037,0.24181,691.6,412.8,0.998,0.71884,0.24131,690.1,411.9,0.997,0.71737,0.241,688.7,411.4,0.998,0.72657,0.24303,697.5,414.9,0.998,0.72988,0.24357,700.7,415.8,0.998,0.73369,0.24399,704.3,416.5,0.999,0.72247,0.24288,693.6,414.6,0.999,0.74535,0.24635,715.5,420.5,0.998,0.71584,0.25282,687.2,431.6,0.995,0.72513,0.25422,696.1,433.9,0.992,0.70606,0.27814,677.8,474.8,1.0,0.77533,0.27137,744.3,463.2,0.998,0.62483,0.27241,599.8,465.0,0.877,0.7541,0.28574,723.9,487.8,0.005,0.56396,0.24225,541.4,413.5,0.823,0.68878,0.2582,661.2,440.7,0.005,0.54273,0.23792,521.0,406.1,0.823,0.6735,0.25057,646.6,427.7,0.009,0.55034,0.23181,528.3,395.7,0.82,0.66937,0.25063,642.6,427.8,0.009,0.55988,0.23374,537.5,399.0,0.728,0.67063,0.25397,643.8,433.5,0.01,0.733,0.3839,703.7,655.3,1.0,0.76774,0.37334,737.0,637.3,0.999,0.63537,0.42226,610.0,720.8,0.444,0.69196,0.32101,664.3,548.0,0.169,0.58793,0.4839,564.4,826.0,0.596,0.67623,0.34695,649.2,592.2,0.259,0.57851,0.49587,555.4,846.4,0.666,0.67355,0.3558,646.6,607.3,0.292,0.53283,0.49585,511.5,846.4,0.503,0.67398,0.33894,647.0,578.6,0.218
1456,40.211,960,1707,0.7141,0.25735,685.5,439.3,0.997,0.713,0.25342,684.5,432.6,0.998,0.71382,0.25274,685.3,431.4,0.998,0.71546,0.25176,686.8,429.8,0.998,0.72343,0.25116,694.5,428.7,0.998,0.72737,0.25184,698.3,429.9,0.998,0.73057,0.25235,701.3,430.8,0.999,0.71858,0.25177,689.8,429.8,0.999,0.74499,0.25417,715.2,433.9,0.998,0.71324,0.26368,684.7,450.1,0.995,0.72337,0.26326,694.4,449.4,0.993,0.70537,0.27956,677.2,477.2,1.0,0.77538,0.27525,744.4,469.8,0.998,0.6257,0.2724,600.7,465.0,0.883,0.74922,0.28525,719.2,486.9,0.004,0.564,0.24231,541.4,413.6,0.838,0.67818,0.25491,651.1,435.1,0.006,0.5431,0.23838,521.4,406.9,0.837,0.66951,0.2512,642.7,428.8,0.011,0.55038,0.23297,528.4,397.7,0.834,0.66639,0.25126,639.7,428.9,0.011,0.55989,0.23508,537.5,401.3,0.749,0.66881,0.25388,642.1,433.4,0.012,0.72856,0.38796,699.4,662.2,1.0,0.76668,0.37878,736.0,646.6,0.999,0.63489,0.42459,609.5,724.8,0.448,0.69465,0.33121,666.9,565.4,0.153,0.58479,0.48745,561.4,832.1,0.601,0.67615,0.36651,649.1,625.6,0.235,0.57648,0.49961,553.4,852.8,0.675,0.67365,0.37661,646.7,642.9,0.267,0.52597,0.4975,504.9,849.2,0.509,0.67087,0.3628,644.0,619.3,0.199
1457,40.239,960,1707,0.70352,0.26278,675.4,448.6,0.997,0.70418,0.25598,676.0,437.0,0.998,0.70403,0.25532,675.9,435.8,0.998,0.70444,0.25473,676.3,434.8,0.999,0.71218,0.25587,683.7,436.8,0.998,0.71563,0.25633,687.0,437.6,0.998,0.71832,0.25663,689.6,438.1,0.999,0.71263,0.25463,684.1,434.7,0.999,0.73427,0.25742,704.9,439.4,0.998,0.70565,0.2677,677.4,457.0,0.995,0.71072,0.26664,682.3,455.2,0.993,0.70506,0.28056,676.9,478.9,1.0,0.77372,0.27657,742.8,472.1,0.997,0.6256,0.27304,600.6,466.1,0.892,0.74959,0.28902,719.6,493.4,0.004,0.56431,0.24237,541.7,413.7,0.851,0.68265,0.2619,655.3,447.1,0.006,0.54407,0.23851,522.3,407.1,0.848,0.66787,0.2557,641.2,436.5,0.012,0.55084,0.23295,528.8,397.6,0.846,0.66674,0.25521,640.1,435.6,0.012,0.56012,0.23505,537.7,401.2,0.766,0.66827,0.255,641.5,435.3,0.013,0.72715,0.38959,698.1,665.0,1.0,0.76246,0.38143,732.0,651.1,0.999,0.63501,0.4252,609.6,725.8,0.462,0.69124,0.342,663.6,583.8,0.141,0.58339,0.48802,560.1,833.1,0.615,0.667,0.3885,640.3,663.2,0.216,0.5762,0.50097,553.2,855.1,0.693,0.66533,0.39997,638.7,682.8,0.252,0.51943,0.49941,498.7,852.5,0.526,0.65461,0.3878,628.4,662.0,0.185
1458,40.266,960,1707,0.69163,0.26529,664.0,452.8,0.998,0.69255,0.25763,664.8,439.8,0.998,0.69201,0.25693,664.3,438.6,0.998,0.69177,0.25642,664.1,437.7,0.999,0.69907,0.25835,671.1,441.0,0.998,0.70232,0.25872,674.2,441.6,0.998,0.70514,0.25895,676.9,442.0,0.999,0.70302,0.25618,674.9,437.3,0.999,0.72316,0.25932,694.2,442.7,0.998,0.69785,0.26939,669.9,459.8,0.995,0.69876,0.2686,670.8,458.5,0.993,0.70424,0.28145,676.1,480.4,1.0,0.76994,0.27704,739.1,472.9,0.997,0.62502,0.27318,600.0,466.3,0.892,0.74418,0.29076,714.4,496.3,0.004,0.56431,0.24238,541.7,413.8,0.86,0.6855,0.26485,658.1,452.1,0.006,0.54432,0.23949,522.6,408.8,0.857,0.67653,0.25746,649.5,439.5,0.013,0.55078,0.234,528.7,399.4,0.855,0.66741,0.25578,640.7,436.6,0.013,0.56007,0.23581,537.7,402.5,0.779,0.66751,0.25867,640.8,441.6,0.013,0.7221,0.3908,693.2,667.1,1.0,0.75937,0.38417,729.0,655.8,0.999,0.6346,0.42779,609.2,730.2,0.459,0.69487,0.33775,667.1,576.5,0.128,0.57971,0.49437,556.5,843.9,0.614,0.68022,0.36878,653.0,629.5,0.195,0.57337,0.50694,550.4,865.3,0.702,0.67861,0.37893,651.5,646.8,0.231,0.51924,0.50528,498.5,862.5,0.529,0.67562,0.36205,648.6,618.0,0.169
1459,40.294,960,1707,0.70138,0.25595,673.3,436.9,0.998,0.70232,0.24837,674.2,424.0,0.998,0.70078,0.24772,672.8,422.9,0.998,0.69956,0.24735,671.6,422.2,0.999,0.70935,0.25004,681.0,426.8,0.999,0.71257,0.25081,684.1,428.1,0.998,0.71543,0.25142,686.8,429.2,0.999,0.70735,0.24941,679.1,425.7,0.999,0.73032,0.25446,701.1,434.4,0.998,0.70355,0.26044,675.4,444.6,0.996,0.70843,0.26206,680.1,447.3,0.994,0.70158,0.28108,673.5,479.8,1.0,0.7703,0.27672,739.5,472.4,0.997,0.62312,0.27341,598.2,466.7,0.895,0.74583,0.2909,716.0,496.6,0.004,0.56429,0.24169,541.7,412.6,0.869,0.68524,0.26593,657.8,453.9,0.007,0.54439,0.23793,522.6,406.1,0.864,0.67135,0.26123,644.5,445.9,0.014,0.55081,0.23238,528.8,396.7,0.863,0.6663,0.25733,639.7,439.3,0.014,0.56006,0.23338,537.7,398.4,0.791,0.66722,0.2603,640.5,444.3,0.015,0.72236,0.38991,693.5,665.6,1.0,0.76187,0.38283,731.4,653.5,0.999,0.6354,0.42718,610.0,729.2,0.48,0.71087,0.3214,682.4,548.6,0.116,0.57976,0.49366,556.6,842.7,0.627,0.69556,0.33703,667.7,575.3,0.177,0.57355,0.50746,550.6,866.2,0.713,0.6895,0.34446,661.9,588.0,0.211,0.51861,0.50744,497.9,866.2,0.544,0.7038,0.32645,675.7,557.3,0.154
1460,40.321,960,1707,0.68185,0.26971,654.6,460.4,0.998,0.68292,0.26203,655.6,447.3,0.998,0.68171,0.26136,654.4,446.1,0.998,0.6807,0.26097,653.5,445.5,0.999,0.69002,0.26306,662.4,449.1,0.998,0.69369,0.2633,665.9,449.5,0.998,0.69716,0.26341,669.3,449.6,0.999,0.69293,0.25984,665.2,443.6,0.999,0.71679,0.26272,688.1,448.5,0.998,0.68641,0.27235,659.0,464.9,0.995,0.69391,0.27376,666.2,467.3,0.993,0.69896,0.28111,671.0,479.9,1.0,0.76995,0.27716,739.2,473.1,0.997,0.62306,0.27371,598.1,467.2,0.899,0.74545,0.2916,715.6,497.8,0.004,0.5643,0.2417,541.7,412.6,0.876,0.6871,0.26872,659.6,458.7,0.006,0.54423,0.23796,522.5,406.2,0.87,0.67663,0.26263,649.6,448.3,0.013,0.55037,0.23239,528.4,396.7,0.869,0.6659,0.26056,639.3,444.8,0.013,0.55987,0.23337,537.5,398.4,0.798,0.6687,0.26258,642.0,448.2,0.014,0.71953,0.3913,690.8,667.9,1.0,0.76203,0.38413,731.5,655.7,0.999,0.63582,0.42872,610.4,731.8,0.493,0.71496,0.32611,686.4,556.7,0.105,0.57993,0.49375,556.7,842.8,0.638,0.68972,0.33813,662.1,577.2,0.16,0.57329,0.50634,550.4,864.3,0.73,0.68308,0.3463,655.8,591.1,0.196,0.52124,0.50768,500.4,866.6,0.561,0.69022,0.32537,662.6,555.4,0.141
1461,40.349,960,1707,0.69491,0.26692,667.1,455.6,0.998,0.69358,0.25756,665.8,439.7,0.998,0.6913,0.25649,663.6,437.8,0.998,0.68923,0.25578,661.7,436.6,0.999,0.70174,0.26061,673.7,444.9,0.999,0.70526,0.26176,677.1,446.8,0.998,0.70847,0.2628,680.1,448.6,0.999,0.69413,0.25825,666.4,440.8,0.999,0.72339,0.26162,694.5,446.6,0.998,0.69603,0.26867,668.2,458.6,0.995,0.70507,0.27304,676.9,466.1,0.993,0.69957,0.28098,671.6,479.6,1.0,0.77018,0.27702,739.4,472.9,0.996,0.62312,0.2737,598.2,467.2,0.903,0.74491,0.28856,715.1,492.6,0.003,0.56407,0.24171,541.5,412.6,0.885,0.68042,0.25769,653.2,439.9,0.008,0.54403,0.23832,522.3,406.8,0.878,0.66783,0.25256,641.1,431.1,0.017,0.54851,0.23332,526.6,398.3,0.877,0.66311,0.24935,636.6,425.6,0.017,0.55827,0.23368,535.9,398.9,0.809,0.66483,0.25223,638.2,430.6,0.018,0.72054,0.39016,691.7,666.0,1.0,0.76597,0.38353,735.3,654.7,0.999,0.63573,0.4303,610.3,734.5,0.502,0.72023,0.3272,691.4,558.5,0.095,0.57841,0.49564,555.3,846.1,0.656,0.71343,0.36034,684.9,615.1,0.146,0.57192,0.50854,549.0,868.1,0.743,0.70977,0.36992,681.4,631.5,0.181,0.52396,0.50379,503.0,860.0,0.578,0.72236,0.35358,693.5,603.6,0.129
1462,40.377,960,1707,0.72228,0.25605,693.4,437.1,0.998,0.71972,0.24785,690.9,423.1,0.998,0.71706,0.24697,688.4,421.6,0.998,0.71456,0.24642,686.0,420.6,0.999,0.72781,0.25063,698.7,427.8,0.998,0.73097,0.25186,701.7,429.9,0.998,0.73398,0.25299,704.6,431.8,0.999,0.71254,0.2491,684.0,425.2,0.999,0.74119,0.25604,711.5,437.1,0.998,0.71785,0.25955,689.1,443.1,0.996,0.72208,0.26402,693.2,450.7,0.994,0.69802,0.28092,670.1,479.5,1.0,0.77081,0.27734,740.0,473.4,0.996,0.6219,0.27368,597.0,467.2,0.908,0.74106,0.28879,711.4,493.0,0.003,0.56387,0.24099,541.3,411.4,0.892,0.6774,0.25859,650.3,441.4,0.011,0.54403,0.23781,522.3,405.9,0.884,0.66542,0.25225,638.8,430.6,0.023,0.54799,0.23331,526.1,398.3,0.883,0.66164,0.25159,635.2,429.5,0.023,0.5571,0.23368,534.8,398.9,0.819,0.6628,0.25241,636.3,430.9,0.023,0.71971,0.38985,690.9,665.5,0.999,0.76885,0.38412,738.1,655.7,0.999,0.63564,0.43123,610.2,736.1,0.519,0.7268,0.33353,697.7,569.3,0.087,0.57881,0.49533,555.7,845.5,0.681,0.72203,0.38128,693.1,650.8,0.134,0.5725,0.50867,549.6,868.3,0.758,0.71925,0.39221,690.5,669.5,0.17,0.52976,0.50217,508.6,857.2,0.599,0.72952,0.38411,700.3,655.7,0.119
1463,40.404,960,1707,0.72888,0.25292,699.7,431.7,0.998,0.72829,0.24673,699.2,421.2,0.998,0.72648,0.24627,697.4,420.4,0.998,0.73028,0.24159,701.1,412.4,0.999,0.73536,0.2467,706.0,421.1,0.999,0.74175,0.24552,712.1,419.1,0.998,0.7443,0.24484,714.5,417.9,0.999,0.72774,0.24499,698.6,418.2,0.999,0.74888,0.24801,718.9,423.3,0.998,0.72612,0.25757,697.1,439.7,0.996,0.73027,0.25968,701.1,443.3,0.994,0.69844,0.28079,670.5,479.3,1.0,0.77198,0.27832,741.1,475.1,0.996,0.62168,0.27353,596.8,466.9,0.912,0.7375,0.28767,708.0,491.1,0.003,0.56345,0.24099,540.9,411.4,0.899,0.67198,0.25588,645.1,436.8,0.014,0.54376,0.23783,522.0,406.0,0.89,0.66524,0.25082,638.6,428.2,0.028,0.54736,0.23329,525.5,398.2,0.89,0.66168,0.25024,635.2,427.2,0.029,0.55632,0.23365,534.1,398.8,0.828,0.66303,0.25044,636.5,427.5,0.029,0.7172,0.39091,688.5,667.3,0.999,0.76868,0.38489,737.9,657.0,0.998,0.63552,0.4328,610.1,738.8,0.524,0.73299,0.32684,703.7,557.9,0.08,0.57829,0.49814,555.2,850.3,0.692,0.7269,0.37224,697.8,635.4,0.122,0.57246,0.5132,549.6,876.0,0.767,0.72236,0.38283,693.5,653.5,0.157,0.5299,0.50265,508.7,858.0,0.609,0.74196,0.37214,712.3,635.2,0.109
1464,40.432,960,1707,0.72545,0.25217,696.4,430.5,0.998,0.72495,0.24518,696.0,418.5,0.998,0.72324,0.24452,694.3,417.4,0.998,0.72347,0.24316,694.5,415.1,0.999,0.73165,0.24647,702.4,420.7,0.999,0.7359,0.24634,706.5,420.5,0.999,0.73865,0.24623,709.1,420.3,0.999,0.72463,0.24525,695.6,418.6,0.999,0.74648,0.24871,716.6,424.6,0.998,0.72201,0.25777,693.1,440.0,0.996,0.72669,0.25991,697.6,443.7,0.994,0.69854,0.28069,670.6,479.1,1.0,0.77204,0.27929,741.2,476.8,0.996,0.62135,0.27344,596.5,466.8,0.917,0.73953,0.28699,709.9,489.9,0.004,0.56361,0.24122,541.1,411.8,0.906,0.67059,0.25508,643.8,435.4,0.02,0.54391,0.23813,522.2,406.5,0.896,0.66581,0.25044,639.2,427.5,0.039,0.54783,0.23346,525.9,398.5,0.897,0.66214,0.25033,635.7,427.3,0.04,0.55667,0.23405,534.4,399.5,0.839,0.66315,0.25059,636.6,427.8,0.039,0.71727,0.39099,688.6,667.4,0.999,0.76862,0.38631,737.9,659.4,0.998,0.63405,0.43307,608.7,739.3,0.543,0.7265,0.33126,697.4,565.5,0.073,0.5782,0.49892,555.1,851.7,0.711,0.72363,0.3702,694.7,631.9,0.111,0.57277,0.51482,549.9,878.8,0.78,0.72022,0.37976,691.4,648.3,0.146,0.52982,0.50378,508.6,860.0,0.628,0.73478,0.36771,705.4,627.7,0.101
1465,40.46,960,1707,0.72468,0.25472,695.7,434.8,0.998,0.7222,0.24977,693.3,426.4,0.999,0.72218,0.24944,693.3,425.8,0.998,0.72122,0.24658,692.4,420.9,0.999,0.72817,0.24712,699.0,421.8,0.999,0.73213,0.24696,702.8,421.6,0.999,0.73501,0.24658,705.6,420.9,0.999,0.72228,0.24926,693.4,425.5,0.999,0.74441,0.24989,714.6,426.6,0.998,0.71991,0.25963,691.1,443.2,0.996,0.72454,0.2605,695.6,444.7,0.995,0.69876,0.28072,670.8,479.2,1.0,0.77314,0.28069,742.2,479.1,0.996,0.62148,0.27329,596.6,466.5,0.919,0.74102,0.28721,711.4,490.3,0.003,0.56361,0.24146,541.1,412.2,0.912,0.67431,0.25805,647.3,440.5,0.022,0.54373,0.23845,522.0,407.0,0.902,0.66606,0.25143,639.4,429.2,0.043,0.54785,0.23385,525.9,399.2,0.902,0.66242,0.25134,635.9,429.0,0.044,0.55667,0.23465,534.4,400.5,0.847,0.6632,0.25318,636.7,432.2,0.044,0.71618,0.39103,687.5,667.5,0.999,0.76856,0.38718,737.8,660.9,0.998,0.63356,0.43222,608.2,737.8,0.553,0.7239,0.33153,694.9,565.9,0.066,0.57838,0.49972,555.2,853.0,0.726,0.72002,0.37843,691.2,646.0,0.101,0.57309,0.51598,550.2,880.8,0.792,0.71716,0.38842,688.5,663.0,0.136,0.53051,0.50585,509.3,863.5,0.644,0.72897,0.37945,699.8,647.7,0.092
1466,40.487,960,1707,0.72254,0.25547,693.6,436.1,0.998,0.72172,0.25062,692.9,427.8,0.999,0.72146,0.25036,692.6,427.4,0.999,0.72087,0.2484,692.0,424.0,0.999,0.72817,0.24785,699.0,423.1,0.999,0.73158,0.24731,702.3,422.2,0.999,0.73449,0.24728,705.1,422.1,0.999,0.72153,0.25046,692.7,427.5,0.999,0.74654,0.25029,716.7,427.2,0.998,0.72079,0.2604,692.0,444.5,0.997,0.72485,0.26093,695.9,445.4,0.995,0.69892,0.28084,671.0,479.4,1.0,0.77722,0.28352,746.1,484.0,0.995,0.62207,0.2731,597.2,466.2,0.921,0.76335,0.31264,732.8,533.7,0.003,0.5635,0.24156,541.0,412.4,0.916,0.72649,0.30605,697.4,522.4,0.02,0.54359,0.23845,521.8,407.0,0.906,0.72528,0.30485,696.3,520.4,0.04,0.54744,0.23413,525.5,399.7,0.906,0.71243,0.30226,683.9,516.0,0.04,0.55615,0.23506,533.9,401.2,0.853,0.71019,0.30288,681.8,517.0,0.04,0.71519,0.39105,686.6,667.5,0.999,0.76696,0.38799,736.3,662.3,0.998,0.63369,0.43123,608.3,736.1,0.549,0.72177,0.33361,692.9,569.5,0.06,0.57934,0.49911,556.2,852.0,0.724,0.71458,0.3814,686.0,651.1,0.092,0.57492,0.51637,551.9,881.4,0.793,0.71229,0.39295,683.8,670.8,0.126,0.53056,0.50574,509.3,863.3,0.637,0.72044,0.38158,691.6,651.4,0.084
1467,40.515,960,1707,0.72509,0.25165,696.1,429.6,0.998,0.72506,0.24488,696.1,418.0,0.999,0.72413,0.2443,695.2,417.0,0.999,0.72311,0.24339,694.2,415.5,0.999,0.73062,0.24561,701.4,419.3,0.999,0.73341,0.24601,704.1,419.9,0.999,0.736,0.2465,706.6,420.8,0.999,0.72462,0.247,695.6,421.6,0.999,0.7462,0.25038,716.3,427.4,0.998,0.72055,0.26032,691.7,444.4,0.997,0.7251,0.26015,696.1,444.1,0.995,0.6992,0.28083,671.2,479.4,1.0,0.77798,0.28277,746.9,482.7,0.995,0.62186,0.27302,597.0,466.1,0.922,0.76252,0.30554,732.0,521.6,0.003,0.56362,0.24163,541.1,412.5,0.921,0.70269,0.26888,674.6,459.0,0.024,0.54463,0.23845,522.8,407.0,0.91,0.68978,0.26354,662.2,449.9,0.046,0.54835,0.23412,526.4,399.6,0.91,0.68509,0.25899,657.7,442.1,0.046,0.55665,0.23508,534.4,401.3,0.859,0.68476,0.26255,657.4,448.2,0.046,0.7118,0.39173,683.3,668.7,0.999,0.76674,0.38941,736.1,664.7,0.998,0.6332,0.43181,607.9,737.1,0.554,0.72299,0.33547,694.1,572.6,0.055,0.57924,0.49989,556.1,853.3,0.741,0.71244,0.38543,683.9,657.9,0.085,0.57403,0.51681,551.1,882.2,0.802,0.70988,0.39739,681.5,678.3,0.118,0.53054,0.5053,509.3,862.6,0.654,0.71642,0.38392,687.8,655.4,0.078
1468,40.542,960,1707,0.7315,0.25197,702.2,430.1,0.999,0.73574,0.24541,706.3,418.9,0.999,0.7357,0.24494,706.3,418.1,0.999,0.73543,0.24422,706.0,416.9,0.999,0.73773,0.2456,708.2,419.2,0.999,0.74049,0.24529,710.9,418.7,0.999,0.74175,0.24507,712.1,418.3,0.999,0.73591,0.24715,706.5,421.9,0.999,0.74704,0.24822,717.2,423.7,0.999,0.72966,0.25969,700.5,443.3,0.997,0.73144,0.25925,702.2,442.5,0.996,0.69939,0.28078,671.4,479.3,1.0,0.78011,0.28362,748.9,484.1,0.995,0.62234,0.27295,597.4,465.9,0.924,0.75978,0.30481,729.4,520.3,0.003,0.56407,0.24176,541.5,412.7,0.925,0.69936,0.27304,671.4,466.1,0.023,0.54525,0.23845,523.4,407.0,0.914,0.6891,0.26572,661.5,453.6,0.045,0.54941,0.23386,527.4,399.2,0.914,0.68376,0.26171,656.4,446.7,0.045,0.55754,0.23503,535.2,401.2,0.865,0.68438,0.26531,657.0,452.9,0.045,0.71173,0.39191,683.3,669.0,0.999,0.76691,0.3898,736.2,665.4,0.998,0.6332,0.43299,607.9,739.1,0.567,0.72273,0.3456,693.8,589.9,0.051,0.5801,0.50271,556.9,858.1,0.757,0.71125,0.39393,682.8,672.4,0.079,0.57482,0.51997,551.8,887.6,0.814,0.70865,0.40588,680.3,692.8,0.113,0.53413,0.5048,512.8,861.7,0.672,0.71529,0.39299,686.7,670.8,0.073
1469,40.57,960,1707,0.73,0.25215,700.8,430.4,0.999,0.73365,0.24585,704.3,419.7,0.999,0.7332,0.24536,703.9,418.8,0.999,0.73253,0.24459,703.2,417.5,0.999,0.73746,0.24584,708.0,419.6,0.999,0.74028,0.24547,710.7,419.0,0.999,0.7423,0.2451,712.6,418.4,0.999,0.73267,0.24753,703.4,422.5,0.999,0.74884,0.24845,718.9,424.1,0.999,0.72881,0.25934,699.7,442.7,0.997,0.73195,0.25865,702.7,441.5,0.996,0.69955,0.28106,671.6,479.8,1.0,0.77992,0.28314,748.7,483.3,0.995,0.62216,0.27305,597.3,466.1,0.929,0.74315,0.27911,713.4,476.4,0.004,0.56408,0.24177,541.5,412.7,0.931,0.68519,0.25374,657.8,433.1,0.038,0.54526,0.23845,523.4,407.0,0.92,0.67807,0.25066,650.9,427.9,0.067,0.54971,0.23379,527.7,399.1,0.921,0.67511,0.24978,648.1,426.4,0.068,0.55759,0.23497,535.3,401.1,0.875,0.67645,0.25099,649.4,428.4,0.067,0.71198,0.39178,683.5,668.8,0.999,0.76729,0.38941,736.6,664.7,0.998,0.63305,0.43385,607.7,740.6,0.593,0.7247,0.33668,695.7,574.7,0.047,0.57989,0.50423,556.7,860.7,0.775,0.71995,0.38691,691.1,660.5,0.073,0.57511,0.52089,552.1,889.2,0.825,0.7177,0.39929,689.0,681.6,0.108,0.53387,0.50629,512.5,864.2,0.693,0.72581,0.38478,696.8,656.8,0.069
1470,40.598,960,1707,0.72986,0.25212,700.7,430.4,0.999,0.73373,0.24608,704.4,420.1,0.999,0.73332,0.24565,704.0,419.3,0.999,0.73268,0.24499,703.4,418.2,0.999,0.73787,0.24592,708.4,419.8,0.999,0.7407,0.24549,711.1,419.0,0.999,0.74335,0.24498,713.6,418.2,0.999,0.73311,0.24767,703.8,422.8,1.0,0.75072,0.24832,720.7,423.9,0.999,0.72922,0.25879,700.0,441.8,0.998,0.73281,0.25821,703.5,440.8,0.996,0.69963,0.28116,671.6,479.9,1.0,0.77999,0.28392,748.8,484.6,0.995,0.62161,0.27314,596.7,466.3,0.931,0.74787,0.28628,718.0,488.7,0.004,0.56408,0.24176,541.5,412.7,0.933,0.6853,0.25714,657.9,438.9,0.036,0.54514,0.23837,523.3,406.9,0.922,0.67789,0.25279,650.8,431.5,0.065,0.54992,0.23321,527.9,398.1,0.923,0.67329,0.25075,646.4,428.0,0.066,0.55762,0.23448,535.3,400.2,0.878,0.66853,0.25344,641.8,432.6,0.065,0.71094,0.39178,682.5,668.8,0.999,0.76764,0.38981,736.9,665.4,0.998,0.63301,0.43531,607.7,743.1,0.606,0.72766,0.3418,698.6,583.4,0.044,0.57984,0.50519,556.7,862.4,0.789,0.72033,0.39407,691.5,672.7,0.068,0.57568,0.52136,552.7,890.0,0.832,0.71797,0.40663,689.2,694.1,0.103,0.53421,0.50585,512.8,863.5,0.706,0.72408,0.39222,695.1,669.5,0.065
1471,40.625,960,1707,0.7301,0.2523,700.9,430.7,0.999,0.73601,0.24617,706.6,420.2,0.999,0.73615,0.24598,706.7,419.9,0.999,0.73606,0.24563,706.6,419.3,0.999,0.73784,0.24603,708.3,420.0,0.999,0.73968,0.24569,710.1,419.4,0.999,0.74182,0.24527,712.1,418.7,0.999,0.73708,0.24855,707.6,424.3,1.0,0.74862,0.24856,718.7,424.3,0.999,0.72995,0.25892,700.8,442.0,0.998,0.73191,0.2584,702.6,441.1,0.997,0.69966,0.28174,671.7,480.9,1.0,0.77833,0.28363,747.2,484.2,0.995,0.6232,0.27317,598.3,466.3,0.927,0.73461,0.27462,705.2,468.8,0.005,0.56538,0.24343,542.8,415.5,0.935,0.67283,0.24754,645.9,422.5,0.06,0.54694,0.23945,525.1,408.7,0.923,0.6667,0.24295,640.0,414.7,0.098,0.55127,0.23448,529.2,400.3,0.924,0.66555,0.24282,638.9,414.5,0.099,0.55935,0.23653,537.0,403.8,0.88,0.66479,0.24587,638.2,419.7,0.095,0.71136,0.39168,682.9,668.6,0.999,0.76763,0.38945,736.9,664.8,0.998,0.63343,0.43541,608.1,743.2,0.624,0.72444,0.33059,695.5,564.3,0.04,0.58007,0.50989,556.9,870.4,0.804,0.71936,0.38055,690.6,649.6,0.063,0.57576,0.52502,552.7,896.2,0.843,0.71623,0.39231,687.6,669.7,0.098,0.53472,0.51119,513.3,872.6,0.726,0.72191,0.38196,693.0,652.0,0.061
1472,40.653,960,1707,0.72949,0.25245,700.3,430.9,0.999,0.73627,0.24619,706.8,420.2,0.999,0.73657,0.24623,707.1,420.3,0.999,0.73665,0.24614,707.2,420.2,0.999,0.73744,0.24613,707.9,420.1,0.999,0.73893,0.24584,709.4,419.6,0.999,0.74092,0.24547,711.3,419.0,0.999,0.73866,0.24944,709.1,425.8,1.0,0.7468,0.24869,716.9,424.5,0.999,0.72969,0.25901,700.5,442.1,0.998,0.73118,0.25854,701.9,441.3,0.997,0.69991,0.2823,671.9,481.9,1.0,0.77724,0.28338,746.2,483.7,0.995,0.62359,0.27327,598.6,466.5,0.923,0.72983,0.27308,700.6,466.1,0.006,0.56604,0.24381,543.4,416.2,0.936,0.67001,0.24676,643.2,421.2,0.082,0.5478,0.2398,525.9,409.3,0.924,0.66361,0.24198,637.1,413.1,0.129,0.55212,0.23482,530.0,400.8,0.925,0.66284,0.24195,636.3,413.0,0.129,0.56027,0.23696,537.9,404.5,0.881,0.66358,0.24501,637.0,418.2,0.123,0.71286,0.3916,684.3,668.5,0.999,0.76773,0.38881,737.0,663.7,0.997,0.6338,0.43549,608.4,743.4,0.646,0.71345,0.33617,684.9,573.8,0.039,0.58036,0.50877,557.1,868.5,0.82,0.69602,0.39952,668.2,682.0,0.062,0.57609,0.52385,553.0,894.2,0.855,0.69578,0.41295,668.0,704.9,0.099,0.53499,0.51078,513.6,871.9,0.748,0.68431,0.40518,656.9,691.6,0.062
1473,40.68,960,1707,0.7289,0.25256,699.7,431.1,0.999,0.73566,0.24635,706.2,420.5,0.999,0.73583,0.24629,706.4,420.4,0.999,0.7358,0.24623,706.4,420.3,1.0,0.73735,0.24625,707.9,420.3,0.999,0.73883,0.24595,709.3,419.8,0.999,0.74048,0.24559,710.9,419.2,1.0,0.7378,0.2497,708.3,426.2,1.0,0.74651,0.24882,716.7,424.7,0.999,0.729,0.25907,699.8,442.2,0.998,0.73069,0.25861,701.5,441.5,0.997,0.70003,0.28271,672.0,482.6,1.0,0.77689,0.2832,745.8,483.4,0.995,0.62318,0.27329,598.3,466.5,0.923,0.72919,0.27394,700.0,467.6,0.007,0.56603,0.24378,543.4,416.1,0.936,0.67053,0.24737,643.7,422.3,0.1,0.54773,0.23979,525.8,409.3,0.924,0.66479,0.24357,638.2,415.8,0.153,0.55226,0.23476,530.2,400.7,0.925,0.66246,0.24228,636.0,413.6,0.154,0.56032,0.23691,537.9,404.4,0.881,0.66353,0.24534,637.0,418.8,0.146,0.71301,0.39089,684.5,667.2,0.999,0.76795,0.38852,737.2,663.2,0.997,0.63366,0.43669,608.3,745.4,0.655,0.70773,0.35617,679.4,608.0,0.037,0.58037,0.50967,557.2,870.0,0.831,0.68331,0.42697,656.0,728.8,0.062,0.57632,0.52584,553.3,897.6,0.862,0.68272,0.44196,655.4,754.4,0.101,0.53413,0.50856,512.8,868.1,0.761,0.66652,0.4317,639.9,736.9,0.061
1474,40.708,960,1707,0.72867,0.25264,699.5,431.3,0.999,0.7355,0.24647,706.1,420.7,0.999,0.73537,0.24635,706.0,420.5,0.999,0.73506,0.24631,705.7,420.5,1.0,0.73808,0.24631,708.6,420.4,0.999,0.73966,0.24599,710.1,419.9,0.999,0.74111,0.24561,711.5,419.3,1.0,0.73747,0.24915,708.0,425.3,1.0,0.74744,0.24886,717.5,424.8,0.999,0.72849,0.25912,699.4,442.3,0.998,0.73043,0.25868,701.2,441.6,0.998,0.70056,0.28299,672.5,483.1,1.0,0.7772,0.28362,746.1,484.1,0.996,0.623,0.27336,598.1,466.6,0.926,0.74392,0.28382,714.2,484.5,0.008,0.566,0.24376,543.4,416.1,0.939,0.67174,0.24976,644.9,426.3,0.108,0.54756,0.23977,525.7,409.3,0.926,0.66553,0.2456,638.9,419.2,0.168,0.55224,0.23462,530.2,400.5,0.927,0.66281,0.24433,636.3,417.1,0.169,0.56031,0.23668,537.9,404.0,0.885,0.66366,0.24678,637.1,421.3,0.161,0.71304,0.39115,684.5,667.7,0.999,0.76794,0.38856,737.2,663.3,0.997,0.63363,0.43637,608.3,744.9,0.665,0.69422,0.38818,666.5,662.6,0.037,0.58121,0.50876,558.0,868.5,0.841,0.66182,0.45559,635.4,777.7,0.073,0.57847,0.5253,555.3,896.7,0.868,0.66045,0.46793,634.0,798.8,0.118,0.53405,0.5071,512.7,865.6,0.774,0.63941,0.46716,613.8,797.4,0.071
1475,40.736,960,1707,0.72963,0.25354,700.4,432.8,0.999,0.73594,0.24816,706.5,423.6,0.999,0.73567,0.24824,706.2,423.8,0.999,0.73522,0.24842,705.8,424.1,1.0,0.73952,0.24772,709.9,422.9,0.999,0.74171,0.24741,712.0,422.3,0.999,0.74362,0.24712,713.9,421.8,1.0,0.73759,0.25159,708.1,429.5,1.0,0.74991,0.25092,719.9,428.3,0.999,0.72887,0.26006,699.7,443.9,0.998,0.73153,0.25956,702.3,443.1,0.998,0.70044,0.28321,672.4,483.4,1.0,0.77839,0.28383,747.3,484.5,0.996,0.62298,0.27344,598.1,466.8,0.929,0.73465,0.27635,705.3,471.7,0.009,0.56586,0.24375,543.2,416.1,0.942,0.67085,0.2464,644.0,420.6,0.131,0.54717,0.23972,525.3,409.2,0.93,0.66386,0.24273,637.3,414.3,0.198,0.55205,0.23442,530.0,400.1,0.93,0.66168,0.24228,635.2,413.6,0.199,0.56004,0.23634,537.6,403.4,0.89,0.66301,0.24533,636.5,418.8,0.19,0.71316,0.39092,684.6,667.3,0.999,0.76794,0.38994,737.2,665.6,0.997,0.63217,0.43625,606.9,744.7,0.676,0.68026,0.40126,653.0,685.0,0.04,0.58121,0.50936,558.0,869.5,0.853,0.66895,0.46386,642.2,791.8,0.095,0.58035,0.52668,557.1,899.0,0.876,0.67231,0.4763,645.4,813.0,0.145,0.53913,0.50922,517.6,869.2,0.789,0.63343,0.47831,608.1,816.5,0.089
1476,40.763,960,1707,0.72731,0.25428,698.2,434.1,0.999,0.73256,0.24865,703.3,424.5,0.999,0.73211,0.24868,702.8,424.5,0.999,0.73154,0.24877,702.3,424.7,1.0,0.73762,0.24801,708.1,423.4,1.0,0.74029,0.24758,710.7,422.6,0.999,0.7428,0.24718,713.1,421.9,1.0,0.73646,0.25003,707.0,426.8,1.0,0.75042,0.25091,720.4,428.3,0.999,0.72589,0.26089,696.9,445.3,0.999,0.73037,0.26011,701.2,444.0,0.998,0.7005,0.28318,672.5,483.4,1.0,0.77835,0.28373,747.2,484.3,0.996,0.62373,0.27388,598.8,467.5,0.929,0.73988,0.28031,710.3,478.5,0.009,0.56596,0.24372,543.3,416.0,0.942,0.67212,0.25067,645.2,427.9,0.133,0.54715,0.23951,525.3,408.8,0.93,0.66487,0.2431,638.3,415.0,0.205,0.5521,0.23349,530.0,398.6,0.931,0.66216,0.24293,635.7,414.7,0.205,0.56004,0.23523,537.6,401.5,0.89,0.66337,0.24676,636.8,421.2,0.196,0.71321,0.39064,684.7,666.8,0.999,0.76769,0.39148,737.0,668.3,0.998,0.62726,0.43646,602.2,745.0,0.695,0.67549,0.41051,648.5,700.7,0.048,0.57935,0.5121,556.2,874.2,0.865,0.67571,0.46995,648.7,802.2,0.126,0.58023,0.52926,557.0,903.4,0.885,0.68881,0.48247,661.3,823.6,0.182,0.53439,0.513,513.0,875.7,0.806,0.64793,0.48991,622.0,836.3,0.112
1477,40.791,960,1707,0.72723,0.25429,698.1,434.1,0.999,0.73243,0.24865,703.1,424.5,0.999,0.73198,0.24868,702.7,424.5,0.999,0.73143,0.24877,702.2,424.6,1.0,0.73757,0.24801,708.1,423.4,1.0,0.74018,0.24758,710.6,422.6,0.999,0.74254,0.24714,712.8,421.9,1.0,0.73614,0.2502,706.7,427.1,1.0,0.75021,0.2507,720.2,427.9,0.999,0.7259,0.26082,696.9,445.2,0.999,0.73022,0.26007,701.0,443.9,0.998,0.70052,0.28309,672.5,483.2,1.0,0.77874,0.28372,747.6,484.3,0.996,0.62382,0.27393,598.9,467.6,0.929,0.74322,0.28288,713.5,482.9,0.01,0.56582,0.24354,543.2,415.7,0.943,0.67294,0.25129,646.0,429.0,0.139,0.5468,0.23924,524.9,408.4,0.931,0.66544,0.24459,638.8,417.5,0.216,0.55165,0.23308,529.6,397.9,0.932,0.66247,0.24411,636.0,416.7,0.216,0.55951,0.23483,537.1,400.9,0.892,0.66359,0.24712,637.0,421.8,0.208,0.71292,0.39058,684.4,666.7,0.999,0.76735,0.39249,736.7,670.0,0.998,0.62529,0.43761,600.3,747.0,0.711,0.67535,0.41948,648.3,716.0,0.061,0.57936,0.51241,556.2,874.7,0.877,0.68002,0.47454,652.8,810.0,0.164,0.58062,0.52897,557.4,903.0,0.893,0.70623,0.48482,678.0,827.6,0.22,0.53357,0.5143,512.2,877.9,0.821,0.6578,0.50104,631.5,855.3,0.141
1478,40.819,960,1707,0.72695,0.25501,697.9,435.3,0.999,0.73231,0.24944,703.0,425.8,1.0,0.73192,0.24941,702.6,425.8,0.999,0.73146,0.24949,702.2,425.9,1.0,0.73703,0.24887,707.5,424.8,1.0,0.73937,0.2484,709.8,424.0,1.0,0.74142,0.24792,711.8,423.2,1.0,0.73608,0.25132,706.6,429.0,1.0,0.74885,0.25101,718.9,428.5,0.999,0.72594,0.26108,696.9,445.7,0.999,0.73019,0.26045,701.0,444.6,0.998,0.70066,0.28288,672.6,482.9,1.0,0.77945,0.28455,748.3,485.7,0.996,0.62398,0.27393,599.0,467.6,0.928,0.74985,0.29121,719.9,497.1,0.011,0.56569,0.24351,543.1,415.7,0.944,0.67809,0.25781,651.0,440.1,0.149,0.54665,0.23919,524.8,408.3,0.933,0.66508,0.24457,638.5,417.5,0.233,0.55142,0.23297,529.4,397.7,0.934,0.66212,0.24365,635.6,415.9,0.232,0.55911,0.23467,536.7,400.6,0.894,0.66317,0.24607,636.6,420.0,0.224,0.71297,0.39053,684.5,666.6,0.999,0.76677,0.39376,736.1,672.2,0.998,0.62371,0.43758,598.8,747.0,0.727,0.67504,0.43221,648.0,737.8,0.087,0.57981,0.51178,556.6,873.6,0.887,0.69701,0.48881,669.1,834.4,0.218,0.58242,0.52814,559.1,901.5,0.9,0.72237,0.49836,693.5,850.7,0.271,0.53204,0.51312,510.8,875.9,0.835,0.66187,0.51193,635.4,873.9,0.188
1479,40.846,960,1707,0.72552,0.25501,696.5,435.3,0.999,0.73049,0.24944,701.3,425.8,1.0,0.72974,0.24942,700.6,425.8,1.0,0.72881,0.2495,699.7,425.9,1.0,0.73632,0.24886,706.9,424.8,1.0,0.73899,0.24838,709.4,424.0,1.0,0.74135,0.24787,711.7,423.1,1.0,0.73009,0.25137,700.9,429.1,1.0,0.74841,0.25086,718.5,428.2,0.999,0.7237,0.26108,694.8,445.7,0.999,0.72875,0.26045,699.6,444.6,0.998,0.69981,0.2824,671.8,482.1,1.0,0.77983,0.28489,748.6,486.3,0.996,0.62392,0.27406,599.0,467.8,0.928,0.75151,0.29936,721.4,511.0,0.011,0.56568,0.24348,543.0,415.6,0.943,0.68467,0.274,657.3,467.7,0.14,0.54657,0.23918,524.7,408.3,0.933,0.66571,0.25215,639.1,430.4,0.221,0.55142,0.23293,529.4,397.6,0.933,0.66266,0.25097,636.2,428.4,0.221,0.559,0.2346,536.6,400.5,0.893,0.66434,0.25712,637.8,438.9,0.214,0.71138,0.39016,682.9,666.0,0.999,0.76676,0.3947,736.1,673.8,0.998,0.62308,0.43807,598.2,747.8,0.734,0.67914,0.43974,652.0,750.6,0.119,0.58119,0.50915,557.9,869.1,0.896,0.70983,0.50036,681.4,854.1,0.276,0.58362,0.52675,560.3,899.2,0.904,0.72868,0.50905,699.5,868.9,0.322,0.53607,0.50721,514.6,865.8,0.846,0.67527,0.51704,648.3,882.6,0.236
1480,40.874,960,1707,0.72556,0.25531,696.5,435.8,0.999,0.73048,0.24976,701.3,426.3,1.0,0.72972,0.24977,700.5,426.4,1.0,0.72868,0.24988,699.5,426.5,1.0,0.73656,0.24911,707.1,425.2,1.0,0.73953,0.24862,709.9,424.4,1.0,0.74232,0.24809,712.6,423.5,1.0,0.72914,0.25186,700.0,429.9,1.0,0.74922,0.25098,719.2,428.4,0.999,0.72358,0.26129,694.6,446.0,0.999,0.72887,0.26069,699.7,445.0,0.998,0.69887,0.28227,670.9,481.8,1.0,0.78346,0.28757,752.1,490.9,0.997,0.62301,0.27426,598.1,468.2,0.932,0.77211,0.3282,741.2,560.2,0.01,0.56566,0.24347,543.0,415.6,0.944,0.74328,0.34156,713.6,583.0,0.127,0.54641,0.23913,524.6,408.2,0.933,0.74188,0.34699,712.2,592.3,0.201,0.55136,0.23285,529.3,397.5,0.934,0.73029,0.34494,701.1,588.8,0.2,0.55892,0.23453,536.6,400.3,0.893,0.7267,0.3436,697.6,586.5,0.194,0.70792,0.38914,679.6,664.3,0.999,0.76651,0.39468,735.8,673.7,0.998,0.62154,0.43961,596.7,750.4,0.752,0.67988,0.44636,652.7,761.9,0.173,0.58119,0.50882,557.9,868.6,0.904,0.71819,0.51354,689.5,876.6,0.338,0.58344,0.52657,560.1,898.9,0.909,0.73267,0.52334,703.4,893.3,0.378,0.53715,0.50713,515.7,865.7,0.853,0.68537,0.52424,658.0,894.9,0.288
1481,40.901,960,1707,0.7256,0.25757,696.6,439.7,0.999,0.73026,0.25196,701.1,430.1,0.999,0.72896,0.25194,699.8,430.1,0.999,0.72742,0.25198,698.3,430.1,1.0,0.73678,0.25142,707.3,429.2,1.0,0.73999,0.25111,710.4,428.6,0.999,0.74335,0.25065,713.6,427.9,1.0,0.72665,0.25415,697.6,433.8,1.0,0.74976,0.25339,719.8,432.5,0.999,0.72309,0.26337,694.2,449.6,0.999,0.72888,0.26302,699.7,449.0,0.998,0.69781,0.28223,669.9,481.8,1.0,0.78375,0.28799,752.4,491.6,0.997,0.62301,0.27482,598.1,469.1,0.938,0.77614,0.32493,745.1,554.6,0.015,0.56565,0.24339,543.0,415.5,0.943,0.73547,0.33487,706.0,571.6,0.115,0.54631,0.23906,524.5,408.1,0.931,0.73035,0.33933,701.1,579.2,0.182,0.55136,0.23209,529.3,396.2,0.931,0.72224,0.3364,693.4,574.2,0.181,0.55892,0.23393,536.6,399.3,0.888,0.72107,0.33465,692.2,571.2,0.176,0.70721,0.38814,678.9,662.6,0.999,0.7665,0.39486,735.8,674.0,0.999,0.62015,0.44092,595.3,752.7,0.771,0.69355,0.45108,665.8,770.0,0.225,0.57895,0.51039,555.8,871.2,0.912,0.72332,0.52104,694.4,889.4,0.396,0.58109,0.5268,557.8,899.2,0.916,0.73352,0.53459,704.2,912.5,0.433,0.537,0.50573,515.5,863.3,0.862,0.68774,0.52745,660.2,900.3,0.334
1482,40.929,960,1707,0.72584,0.26035,696.8,444.4,0.999,0.73037,0.25477,701.2,434.9,0.999,0.72896,0.2548,699.8,434.9,0.999,0.72737,0.25491,698.3,435.1,1.0,0.7379,0.25447,708.4,434.4,0.999,0.74159,0.25438,711.9,434.2,0.999,0.74485,0.25442,715.1,434.3,1.0,0.72667,0.25718,697.6,439.0,1.0,0.75024,0.2578,720.2,440.1,0.999,0.72309,0.26583,694.2,453.8,0.999,0.72916,0.26593,700.0,453.9,0.998,0.697,0.28263,669.1,482.5,1.0,0.78361,0.28819,752.3,491.9,0.997,0.62408,0.27666,599.1,472.3,0.941,0.75149,0.29676,721.4,506.6,0.017,0.56577,0.24338,543.1,415.5,0.941,0.69423,0.27044,666.5,461.6,0.131,0.54629,0.23901,524.4,408.0,0.929,0.68173,0.25972,654.5,443.3,0.205,0.55141,0.23179,529.4,395.7,0.929,0.6794,0.2585,652.2,441.3,0.204,0.55904,0.23378,536.7,399.1,0.885,0.67943,0.25972,652.2,443.3,0.198,0.70644,0.38633,678.2,659.5,1.0,0.76654,0.39461,735.9,673.6,0.999,0.61987,0.44139,595.1,753.5,0.78,0.70709,0.45351,678.8,774.1,0.265,0.579,0.51026,555.8,871.0,0.917,0.72867,0.52223,699.5,891.4,0.446,0.58136,0.52661,558.1,898.9,0.918,0.73744,0.53638,707.9,915.6,0.478,0.5415,0.5055,519.8,862.9,0.867,0.70488,0.53243,676.7,908.9,0.382
1483,40.957,960,1707,0.72785,0.26068,698.7,445.0,0.999,0.73214,0.25497,702.9,435.2,0.999,0.7301,0.2549,700.9,435.1,0.999,0.72796,0.25497,698.8,435.2,1.0,0.74188,0.2548,712.2,434.9,0.999,0.74576,0.25484,715.9,435.0,0.999,0.74918,0.25504,719.2,435.3,1.0,0.72668,0.25727,697.6,439.2,1.0,0.75373,0.25855,723.6,441.3,0.999,0.72358,0.26635,694.6,454.7,0.999,0.73102,0.26641,701.8,454.8,0.998,0.6955,0.28329,667.7,483.6,1.0,0.78347,0.28798,752.1,491.6,0.997,0.62384,0.27694,598.9,472.7,0.943,0.73531,0.27546,705.9,470.2,0.02,0.56579,0.24325,543.2,415.2,0.942,0.6745,0.24964,647.5,426.1,0.151,0.54627,0.23898,524.4,407.9,0.93,0.66798,0.24477,641.3,417.8,0.23,0.55154,0.23142,529.5,395.0,0.93,0.66645,0.24393,639.8,416.4,0.228,0.5592,0.23323,536.8,398.1,0.887,0.66732,0.24731,640.6,422.2,0.222,0.70533,0.3864,677.1,659.6,1.0,0.76657,0.3945,735.9,673.4,0.999,0.6179,0.44162,593.2,753.9,0.785,0.71512,0.45562,686.5,777.7,0.308,0.57892,0.5104,555.8,871.2,0.92,0.73228,0.52692,703.0,899.5,0.49,0.58138,0.52644,558.1,898.6,0.917,0.73889,0.54236,709.3,925.8,0.518,0.54077,0.50553,519.1,862.9,0.867,0.71125,0.53774,682.8,917.9,0.421
1484,40.984,960,1707,0.72569,0.26144,696.7,446.3,0.999,0.73139,0.25552,702.1,436.2,0.999,0.72905,0.25551,699.9,436.2,0.999,0.72645,0.25569,697.4,436.5,1.0,0.74135,0.25508,711.7,435.4,0.999,0.74513,0.25506,715.3,435.4,0.999,0.74839,0.25532,718.5,435.8,1.0,0.72478,0.25778,695.8,440.0,1.0,0.75336,0.25926,723.2,442.6,0.999,0.71959,0.2677,690.8,457.0,0.999,0.72833,0.26733,699.2,456.3,0.998,0.69497,0.2839,667.2,484.6,1.0,0.78313,0.28788,751.8,491.4,0.998,0.62376,0.27692,598.8,472.7,0.945,0.72791,0.27071,698.8,462.1,0.029,0.56585,0.24324,543.2,415.2,0.945,0.66837,0.24676,641.6,421.2,0.196,0.54629,0.23898,524.4,407.9,0.933,0.66294,0.24146,636.4,412.2,0.276,0.55154,0.23141,529.5,395.0,0.933,0.66085,0.24081,634.4,411.1,0.274,0.55922,0.2332,536.8,398.1,0.891,0.66271,0.24463,636.2,417.6,0.266,0.70556,0.38651,677.3,659.8,1.0,0.76658,0.39439,735.9,673.2,0.999,0.61606,0.44145,591.4,753.6,0.789,0.7234,0.45909,694.5,783.7,0.345,0.57892,0.51028,555.8,871.0,0.923,0.73362,0.52871,704.3,902.5,0.528,0.58142,0.52612,558.2,898.1,0.917,0.73878,0.54489,709.2,930.1,0.552,0.5403,0.50467,518.7,861.5,0.869,0.7094,0.53627,681.0,915.4,0.456
1485,41.012,960,1707,0.72257,0.26106,693.7,445.6,0.999,0.72417,0.25515,695.2,435.5,0.999,0.72159,0.25522,692.7,435.7,0.999,0.71906,0.25552,690.3,436.2,1.0,0.72979,0.25709,700.6,438.8,0.999,0.73682,0.25639,707.3,437.7,0.999,0.74098,0.25635,711.3,437.6,1.0,0.71486,0.25962,686.3,443.2,1.0,0.74867,0.25938,718.7,442.8,0.999,0.71189,0.27049,683.4,461.7,0.999,0.72769,0.26687,698.6,455.6,0.998,0.69482,0.2847,667.0,486.0,1.0,0.7829,0.2877,751.6,491.1,0.998,0.62347,0.27686,598.5,472.6,0.947,0.72493,0.26802,695.9,457.5,0.034,0.56561,0.24305,543.0,414.9,0.945,0.66659,0.24615,639.9,420.2,0.213,0.54597,0.23897,524.1,407.9,0.934,0.66045,0.24092,634.0,411.3,0.294,0.55115,0.23142,529.1,395.0,0.934,0.6586,0.24047,632.3,410.5,0.291,0.55893,0.2332,536.6,398.1,0.892,0.65971,0.24421,633.3,416.9,0.283,0.70562,0.3867,677.4,660.1,1.0,0.76657,0.39445,735.9,673.3,0.999,0.61497,0.44141,590.4,753.5,0.781,0.73182,0.46027,702.5,785.7,0.368,0.57844,0.51166,555.3,873.4,0.918,0.73309,0.53377,703.8,911.1,0.554,0.58138,0.52657,558.1,898.9,0.909,0.73559,0.55182,706.2,942.0,0.576,0.53999,0.50474,518.4,861.6,0.857,0.70904,0.53818,680.7,918.7,0.477
1486,41.04,960,1707,0.72279,0.26199,693.9,447.2,0.999,0.72547,0.25543,696.4,436.0,0.999,0.72207,0.25555,693.2,436.2,0.999,0.7195,0.25578,690.7,436.6,1.0,0.7361,0.25646,706.7,437.8,0.999,0.74174,0.25591,712.1,436.8,0.999,0.74552,0.2559,715.7,436.8,1.0,0.71672,0.25912,688.1,442.3,1.0,0.75089,0.2591,720.8,442.3,0.999,0.71297,0.27016,684.4,461.2,0.999,0.72767,0.26793,698.6,457.4,0.998,0.69485,0.28488,667.1,486.3,1.0,0.78281,0.28757,751.5,490.9,0.998,0.62347,0.27685,598.5,472.6,0.95,0.72369,0.26677,694.7,455.4,0.04,0.56583,0.24317,543.2,415.1,0.947,0.6667,0.24521,640.0,418.6,0.236,0.5461,0.23932,524.3,408.5,0.936,0.66032,0.23933,633.9,408.5,0.319,0.55109,0.2323,529.0,396.5,0.936,0.65862,0.23938,632.3,408.6,0.315,0.55889,0.23397,536.5,399.4,0.895,0.66028,0.24309,633.9,414.9,0.307,0.70528,0.38725,677.1,661.0,1.0,0.76652,0.39474,735.9,673.8,0.999,0.6144,0.44148,589.8,753.6,0.785,0.73671,0.46399,707.2,792.0,0.399,0.57785,0.51204,554.7,874.0,0.918,0.73344,0.53557,704.1,914.2,0.584,0.5812,0.52668,557.9,899.0,0.907,0.73386,0.55273,704.5,943.5,0.603,0.53989,0.50462,518.3,861.4,0.853,0.71984,0.53534,691.0,913.8,0.502
1487,41.067,960,1707,0.72275,0.26338,693.8,449.6,0.999,0.72572,0.25651,696.7,437.9,0.999,0.72263,0.25636,693.7,437.6,0.999,0.7199,0.25658,691.1,438.0,1.0,0.73773,0.2563,708.2,437.5,0.999,0.743,0.25586,713.3,436.8,0.999,0.74668,0.25587,716.8,436.8,1.0,0.71716,0.2593,688.5,442.6,1.0,0.75172,0.259,721.6,442.1,0.999,0.714,0.27068,685.4,462.0,0.999,0.72729,0.26903,698.2,459.2,0.998,0.6949,0.2852,667.1,486.8,1.0,0.78274,0.28745,751.4,490.7,0.998,0.62357,0.2768,598.6,472.5,0.952,0.72416,0.26807,695.2,457.6,0.045,0.56591,0.24309,543.3,415.0,0.949,0.6666,0.24691,639.9,421.5,0.252,0.54612,0.23912,524.3,408.2,0.938,0.66133,0.24141,634.9,412.1,0.335,0.55108,0.23227,529.0,396.5,0.938,0.65993,0.24069,633.5,410.9,0.332,0.55886,0.23388,536.5,399.2,0.897,0.66146,0.24384,635.0,416.2,0.323,0.7054,0.38783,677.2,662.0,1.0,0.76687,0.39477,736.2,673.9,0.999,0.61391,0.44156,589.4,753.7,0.788,0.74109,0.46285,711.4,790.1,0.421,0.57704,0.51212,554.0,874.2,0.916,0.73358,0.53489,704.2,913.1,0.606,0.58096,0.52661,557.7,898.9,0.902,0.73285,0.55171,703.5,941.8,0.623,0.53965,0.50466,518.1,861.5,0.847,0.72545,0.53323,696.4,910.2,0.518
1488,41.095,960,1707,0.72537,0.2638,696.4,450.3,0.999,0.72228,0.26074,693.4,445.1,0.999,0.72304,0.25687,694.1,438.5,0.999,0.72043,0.25685,691.6,438.4,1.0,0.73594,0.25977,706.5,443.4,0.999,0.74132,0.25939,711.7,442.8,0.999,0.74654,0.25892,716.7,442.0,1.0,0.71759,0.25903,688.9,442.2,1.0,0.75076,0.2616,720.7,446.6,0.999,0.71381,0.27304,685.3,466.1,0.999,0.72574,0.27253,696.7,465.2,0.998,0.69493,0.2856,667.1,487.5,1.0,0.7828,0.28751,751.5,490.8,0.998,0.62438,0.27676,599.4,472.4,0.954,0.72571,0.26831,696.7,458.0,0.049,0.56616,0.24308,543.5,414.9,0.949,0.66719,0.24756,640.5,422.6,0.262,0.54639,0.23909,524.5,408.1,0.938,0.66181,0.24258,635.3,414.1,0.346,0.55109,0.23232,529.0,396.6,0.938,0.66057,0.24186,634.1,412.9,0.342,0.55886,0.23391,536.5,399.3,0.897,0.66223,0.24473,635.7,417.8,0.333,0.70532,0.38848,677.1,663.1,1.0,0.76707,0.39514,736.4,674.5,0.999,0.61352,0.44179,589.0,754.1,0.784,0.74428,0.46349,714.5,791.2,0.43,0.57667,0.5127,553.6,875.2,0.911,0.73232,0.53559,703.0,914.2,0.619,0.58093,0.52695,557.7,899.5,0.896,0.73185,0.55137,702.6,941.2,0.635,0.53924,0.50858,517.7,868.1,0.835,0.72452,0.53559,695.5,914.3,0.523
1489,41.122,960,1707,0.7269,0.26371,697.8,450.2,0.999,0.72822,0.25981,699.1,443.5,0.999,0.72646,0.25683,697.4,438.4,0.999,0.72351,0.25679,694.6,438.3,1.0,0.74057,0.25894,710.9,442.0,0.999,0.74498,0.25862,715.2,441.5,0.999,0.7493,0.25835,719.3,441.0,1.0,0.71923,0.25885,690.5,441.9,1.0,0.75292,0.26121,722.8,445.9,0.999,0.71724,0.27235,688.6,464.9,0.999,0.72859,0.27152,699.4,463.5,0.998,0.69529,0.28582,667.5,487.9,1.0,0.78267,0.28744,751.4,490.7,0.998,0.62495,0.27676,600.0,472.4,0.957,0.72615,0.26774,697.1,457.0,0.054,0.56637,0.24343,543.7,415.5,0.951,0.66761,0.24597,640.9,419.9,0.275,0.54673,0.2395,524.9,408.8,0.939,0.66202,0.24094,635.5,411.3,0.361,0.551,0.23374,529.0,399.0,0.939,0.66089,0.2407,634.5,410.9,0.357,0.55881,0.23516,536.5,401.4,0.899,0.66252,0.24385,636.0,416.2,0.347,0.70539,0.38879,677.2,663.7,1.0,0.76736,0.39534,736.7,674.8,0.999,0.61337,0.44177,588.8,754.1,0.784,0.74812,0.46415,718.2,792.3,0.444,0.57579,0.51256,552.8,874.9,0.907,0.73141,0.53494,702.1,913.1,0.632,0.58037,0.52691,557.2,899.4,0.892,0.72927,0.54998,700.1,938.8,0.645,0.53881,0.51154,517.3,873.2,0.825,0.7255,0.53431,696.5,912.1,0.529
1490,41.15,960,1707,0.73398,0.26362,704.6,450.0,0.999,0.73696,0.25914,707.5,442.3,0.999,0.73385,0.25693,704.5,438.6,0.999,0.73056,0.25689,701.3,438.5,1.0,0.74691,0.25854,717.0,441.3,0.999,0.75039,0.25839,720.4,441.1,0.999,0.75359,0.25842,723.4,441.1,1.0,0.72474,0.25882,695.8,441.8,1.0,0.75648,0.26139,726.2,446.2,0.999,0.72356,0.27187,694.6,464.1,0.999,0.73435,0.27091,705.0,462.4,0.999,0.6961,0.28593,668.3,488.1,1.0,0.78278,0.28767,751.5,491.0,0.998,0.62559,0.27691,600.6,472.7,0.959,0.72566,0.26749,696.6,456.6,0.058,0.56651,0.24366,543.8,415.9,0.951,0.66715,0.24626,640.5,420.4,0.284,0.54677,0.23974,524.9,409.2,0.939,0.66177,0.24061,635.3,410.7,0.37,0.55063,0.23441,528.6,400.1,0.94,0.66117,0.24059,634.7,410.7,0.366,0.55858,0.23567,536.2,402.3,0.899,0.66293,0.24394,636.4,416.4,0.356,0.70515,0.38896,676.9,664.0,1.0,0.76738,0.39545,736.7,675.0,0.999,0.61299,0.44155,588.5,753.7,0.778,0.75005,0.46437,720.0,792.7,0.454,0.57524,0.51193,552.2,873.9,0.899,0.73134,0.53418,702.1,911.8,0.642,0.57985,0.52669,556.7,899.1,0.883,0.72825,0.54932,699.1,937.7,0.653,0.53822,0.51108,516.7,872.4,0.809,0.72743,0.53327,698.3,910.3,0.531
1491,41.178,960,1707,0.73368,0.26376,704.3,450.2,0.999,0.73667,0.25872,707.2,441.6,0.999,0.73392,0.25707,704.6,438.8,0.999,0.73093,0.257,701.7,438.7,1.0,0.74624,0.25833,716.4,441.0,0.999,0.74974,0.25826,719.8,440.9,0.999,0.75297,0.25838,722.9,441.1,1.0,0.72615,0.25877,697.1,441.7,1.0,0.7564,0.26128,726.1,446.0,0.999,0.72576,0.27155,696.7,463.5,0.999,0.73528,0.27056,705.9,461.8,0.999,0.69688,0.2863,669.0,488.7,1.0,0.78292,0.28777,751.6,491.2,0.999,0.62595,0.27726,600.9,473.3,0.96,0.72526,0.26687,696.3,455.5,0.061,0.56652,0.24382,543.9,416.2,0.952,0.66742,0.24716,640.7,421.9,0.293,0.54677,0.23987,524.9,409.5,0.94,0.66134,0.24158,634.9,412.4,0.378,0.5506,0.23436,528.6,400.1,0.94,0.66111,0.24155,634.7,412.3,0.374,0.55857,0.23563,536.2,402.2,0.9,0.66305,0.24478,636.5,417.8,0.363,0.70517,0.38902,677.0,664.1,1.0,0.76747,0.3955,736.8,675.1,0.999,0.61309,0.4415,588.6,753.6,0.764,0.75004,0.46539,720.0,794.4,0.457,0.57455,0.51214,551.6,874.2,0.886,0.73092,0.53657,701.7,915.9,0.645,0.57929,0.52678,556.1,899.2,0.873,0.72711,0.55184,698.0,942.0,0.656,0.53749,0.5118,516.0,873.6,0.789,0.72444,0.53971,695.5,921.3,0.528
1492,41.205,960,1707,0.72632,0.26743,697.3,456.5,0.999,0.73058,0.26105,701.4,445.6,0.999,0.72777,0.26042,698.7,444.5,0.999,0.72545,0.26021,696.4,444.2,0.999,0.74185,0.26033,712.2,444.4,0.999,0.74637,0.26005,716.5,443.9,0.999,0.75096,0.25985,720.9,443.6,1.0,0.72318,0.26119,694.3,445.8,1.0,0.75496,0.26207,724.8,447.4,0.999,0.72215,0.27316,693.3,466.3,0.999,0.73117,0.27262,701.9,465.4,0.999,0.69689,0.28676,669.0,489.5,1.0,0.78313,0.28775,751.8,491.2,0.999,0.62593,0.27744,600.9,473.6,0.961,0.72593,0.26768,696.9,456.9,0.062,0.5664,0.24382,543.7,416.2,0.951,0.66809,0.24708,641.4,421.8,0.298,0.54678,0.23986,524.9,409.4,0.939,0.66136,0.24164,634.9,412.5,0.382,0.55045,0.23433,528.4,400.0,0.939,0.6612,0.24158,634.8,412.4,0.378,0.55838,0.23563,536.0,402.2,0.897,0.66324,0.24485,636.7,418.0,0.367,0.70572,0.38924,677.5,664.4,1.0,0.76761,0.39563,736.9,675.3,0.999,0.61322,0.44147,588.7,753.6,0.755,0.75083,0.46488,720.8,793.5,0.457,0.57445,0.51219,551.5,874.3,0.877,0.73086,0.53587,701.6,914.7,0.648,0.57928,0.52676,556.1,899.2,0.866,0.72677,0.55166,697.7,941.7,0.661,0.53713,0.51138,515.6,872.9,0.773,0.72304,0.53932,694.1,920.6,0.525
1493,41.233,960,1707,0.72553,0.26681,696.5,455.4,0.999,0.72944,0.26052,700.3,444.7,0.999,0.72635,0.26003,697.3,443.9,0.999,0.72391,0.25987,695.0,443.6,0.999,0.74117,0.25991,711.5,443.7,0.999,0.74627,0.25965,716.4,443.2,0.999,0.75079,0.2595,720.8,443.0,1.0,0.72223,0.2609,693.3,445.4,1.0,0.7548,0.26187,724.6,447.0,0.999,0.72116,0.27272,692.3,465.5,0.999,0.73057,0.27218,701.3,464.6,0.999,0.69689,0.2871,669.0,490.1,1.0,0.78345,0.28772,752.1,491.1,0.999,0.62581,0.27799,600.8,474.5,0.962,0.72631,0.26845,697.3,458.2,0.063,0.56623,0.24382,543.6,416.2,0.952,0.66819,0.24764,641.5,422.7,0.303,0.54671,0.23977,524.8,409.3,0.939,0.66139,0.24185,634.9,412.8,0.389,0.55036,0.23432,528.3,400.0,0.939,0.66129,0.24165,634.8,412.5,0.384,0.55824,0.23561,535.9,402.2,0.897,0.66336,0.24487,636.8,418.0,0.372,0.70619,0.38972,677.9,665.3,1.0,0.76775,0.39579,737.0,675.6,1.0,0.61327,0.44149,588.7,753.6,0.754,0.74976,0.46571,719.8,795.0,0.473,0.57456,0.51208,551.6,874.1,0.874,0.73118,0.53791,701.9,918.2,0.663,0.57945,0.5267,556.3,899.1,0.862,0.7268,0.554,697.7,945.7,0.675,0.5371,0.51103,515.6,872.3,0.766,0.72265,0.54006,693.7,921.9,0.537
1494,41.26,960,1707,0.72558,0.26645,696.6,454.8,0.999,0.72958,0.26048,700.4,444.6,0.999,0.72637,0.25986,697.3,443.6,0.999,0.72397,0.25975,695.0,443.4,0.999,0.74112,0.25985,711.5,443.6,0.999,0.74615,0.25948,716.3,442.9,0.999,0.75056,0.25931,720.5,442.6,1.0,0.72227,0.26052,693.4,444.7,1.0,0.75479,0.26153,724.6,446.4,0.999,0.72115,0.27243,692.3,465.0,0.999,0.73055,0.27187,701.3,464.1,0.999,0.69688,0.28744,669.0,490.7,1.0,0.7836,0.2879,752.3,491.4,0.999,0.6258,0.2787,600.8,475.7,0.962,0.7266,0.26932,697.5,459.7,0.063,0.56619,0.2438,543.5,416.2,0.951,0.66782,0.2482,641.1,423.7,0.308,0.54661,0.23963,524.7,409.1,0.938,0.66116,0.24246,634.7,413.9,0.395,0.55033,0.2341,528.3,399.6,0.938,0.66131,0.24215,634.9,413.3,0.391,0.55822,0.23542,535.9,401.9,0.895,0.66346,0.24534,636.9,418.8,0.378,0.70629,0.39051,678.0,666.6,1.0,0.76775,0.39639,737.0,676.6,1.0,0.61334,0.44162,588.8,753.8,0.754,0.74876,0.46626,718.8,795.9,0.489,0.5746,0.5119,551.6,873.8,0.873,0.73113,0.53834,701.9,918.9,0.677,0.57942,0.52649,556.2,898.7,0.86,0.72679,0.55424,697.7,946.1,0.688,0.53721,0.51086,515.7,872.0,0.761,0.72273,0.53973,693.8,921.3,0.547
1495,41.288,960,1707,0.72548,0.26617,696.5,454.3,0.999,0.72958,0.26026,700.4,444.3,0.999,0.72643,0.25961,697.4,443.2,0.999,0.72403,0.25954,695.1,443.0,0.999,0.74107,0.25979,711.4,443.5,0.999,0.74605,0.25935,716.2,442.7,0.999,0.75039,0.2591,720.4,442.3,1.0,0.72232,0.26037,693.4,444.5,1.0,0.75481,0.26109,724.6,445.7,0.999,0.72091,0.27222,692.1,464.7,0.999,0.73038,0.27168,701.2,463.8,0.999,0.69691,0.28766,669.0,491.0,1.0,0.78599,0.28827,754.5,492.1,0.999,0.6264,0.27964,601.3,477.3,0.961,0.738,0.27969,708.5,477.4,0.061,0.56615,0.2438,543.5,416.2,0.947,0.66755,0.24854,640.8,424.3,0.302,0.54649,0.23961,524.6,409.0,0.933,0.66135,0.24283,634.9,414.5,0.39,0.55029,0.23391,528.3,399.3,0.933,0.66142,0.24247,635.0,413.9,0.386,0.55816,0.23518,535.8,401.5,0.887,0.66352,0.24564,637.0,419.3,0.373,0.70636,0.39078,678.1,667.1,1.0,0.76784,0.39668,737.1,677.1,1.0,0.61336,0.44161,588.8,753.8,0.75,0.74761,0.46634,717.7,796.0,0.5,0.57463,0.51092,551.6,872.1,0.871,0.73103,0.53883,701.8,919.8,0.689,0.57927,0.52569,556.1,897.4,0.858,0.72674,0.55392,697.7,945.5,0.699,0.53739,0.50861,515.9,868.2,0.753,0.72266,0.53968,693.8,921.2,0.554
1496,41.316,960,1707,0.71497,0.27179,686.4,463.9,0.999,0.71791,0.26603,689.2,454.1,0.999,0.71593,0.2657,687.3,453.5,0.999,0.71388,0.26236,685.3,447.9,0.999,0.72948,0.26422,700.3,451.0,0.999,0.73419,0.26449,704.8,451.5,0.999,0.7388,0.26469,709.2,451.8,0.999,0.71729,0.2623,688.6,447.7,0.999,0.74997,0.26361,720.0,450.0,0.999,0.71415,0.27612,685.6,471.3,0.999,0.72304,0.27543,694.1,470.2,0.998,0.69693,0.28813,669.1,491.8,1.0,0.78733,0.28842,755.8,492.3,0.999,0.62682,0.27983,601.8,477.7,0.961,0.73751,0.27389,708.0,467.5,0.06,0.56615,0.24378,543.5,416.1,0.943,0.66768,0.24881,641.0,424.7,0.298,0.54648,0.2396,524.6,409.0,0.929,0.66141,0.24308,635.0,414.9,0.387,0.55029,0.23379,528.3,399.1,0.929,0.66147,0.24263,635.0,414.2,0.382,0.55815,0.23502,535.8,401.2,0.88,0.6636,0.2458,637.1,419.6,0.368,0.70663,0.39122,678.4,667.8,1.0,0.76802,0.39706,737.3,677.8,1.0,0.61356,0.44147,589.0,753.6,0.75,0.74698,0.46738,717.1,797.8,0.505,0.57465,0.51042,551.7,871.3,0.87,0.731,0.53987,701.8,921.5,0.701,0.5791,0.52534,555.9,896.8,0.857,0.72687,0.55502,697.8,947.4,0.711,0.53801,0.50602,516.5,863.8,0.747,0.72137,0.53921,692.5,920.4,0.563
1497,41.343,960,1707,0.71654,0.27057,687.9,461.9,0.999,0.71801,0.26504,689.3,452.4,0.999,0.71607,0.26449,687.4,451.5,0.999,0.71446,0.26178,685.9,446.9,0.999,0.73029,0.26385,701.1,450.4,0.999,0.73554,0.26434,706.1,451.2,0.999,0.74172,0.26381,712.1,450.3,0.999,0.71745,0.2622,688.8,447.6,0.999,0.75247,0.26335,722.4,449.5,0.999,0.71463,0.2754,686.0,470.1,0.999,0.72355,0.27474,694.6,469.0,0.998,0.69721,0.28828,669.3,492.1,1.0,0.78823,0.28858,756.7,492.6,0.999,0.62681,0.28001,601.7,478.0,0.961,0.7435,0.28232,713.8,481.9,0.059,0.56613,0.24404,543.5,416.6,0.942,0.66775,0.24938,641.0,425.7,0.294,0.54608,0.24013,524.2,409.9,0.927,0.66235,0.24352,635.9,415.7,0.383,0.55019,0.2342,528.2,399.8,0.927,0.66206,0.24278,635.6,414.4,0.378,0.55812,0.23536,535.8,401.8,0.877,0.66414,0.24584,637.6,419.6,0.365,0.70664,0.3914,678.4,668.1,1.0,0.76799,0.39723,737.3,678.1,1.0,0.61358,0.44146,589.0,753.6,0.751,0.74657,0.46717,716.7,797.5,0.522,0.57475,0.50995,551.8,870.5,0.869,0.73138,0.53973,702.1,921.3,0.713,0.57899,0.52507,555.8,896.3,0.855,0.7274,0.5553,698.3,947.9,0.722,0.53805,0.50411,516.5,860.5,0.742,0.72157,0.53855,692.7,919.3,0.573
1498,41.371,960,1707,0.72081,0.26979,692.0,460.5,0.999,0.72292,0.26406,694.0,450.8,0.999,0.71995,0.26389,691.2,450.5,0.999,0.71764,0.26162,688.9,446.6,0.999,0.73371,0.2634,704.4,449.6,0.999,0.73816,0.26393,708.6,450.5,0.999,0.7433,0.26355,713.6,449.9,0.999,0.71806,0.26198,689.3,447.2,1.0,0.75293,0.26315,722.8,449.2,0.999,0.7169,0.27492,688.2,469.3,0.999,0.7261,0.27433,697.1,468.3,0.998,0.69785,0.28837,669.9,492.3,1.0,0.78829,0.28866,756.8,492.7,0.999,0.62679,0.28013,601.7,478.2,0.962,0.73987,0.28083,710.3,479.4,0.059,0.56609,0.24421,543.4,416.9,0.943,0.66791,0.24944,641.2,425.8,0.297,0.54468,0.24013,522.9,409.9,0.929,0.66319,0.24358,636.7,415.8,0.388,0.55019,0.2339,528.2,399.3,0.928,0.66223,0.24289,635.7,414.6,0.382,0.55813,0.23517,535.8,401.4,0.879,0.66424,0.24595,637.7,419.8,0.369,0.70649,0.39183,678.2,668.9,1.0,0.76726,0.39778,736.6,679.0,1.0,0.61358,0.44163,589.0,753.9,0.756,0.74644,0.46739,716.6,797.8,0.538,0.57468,0.50989,551.7,870.4,0.871,0.73212,0.54024,702.8,922.2,0.727,0.57874,0.52504,555.6,896.2,0.855,0.72946,0.55599,700.3,949.1,0.735,0.53804,0.50438,516.5,861.0,0.743,0.72219,0.53815,693.3,918.6,0.587
1499,41.399,960,1707,0.7224,0.26922,693.5,459.6,0.999,0.72434,0.26345,695.4,449.7,0.999,0.72058,0.26364,691.8,450.0,0.999,0.71788,0.26139,689.2,446.2,0.999,0.73605,0.26295,706.6,448.8,0.999,0.74042,0.26359,710.8,450.0,0.999,0.74497,0.26342,715.2,449.7,1.0,0.71833,0.26184,689.6,447.0,1.0,0.75325,0.26296,723.1,448.9,0.999,0.71776,0.27437,689.0,468.4,0.999,0.72726,0.27393,698.2,467.6,0.998,0.69828,0.28835,670.3,492.2,1.0,0.78815,0.28851,756.6,492.5,0.999,0.62682,0.28014,601.8,478.2,0.963,0.73559,0.28001,706.2,478.0,0.059,0.56609,0.24426,543.4,417.0,0.943,0.66795,0.2494,641.2,425.7,0.295,0.54439,0.24012,522.6,409.9,0.929,0.66318,0.24356,636.7,415.7,0.387,0.55018,0.23374,528.2,399.0,0.929,0.66223,0.24276,635.7,414.4,0.38,0.55813,0.23505,535.8,401.2,0.88,0.66427,0.24584,637.7,419.7,0.367,0.70626,0.39203,678.0,669.2,1.0,0.76657,0.39802,735.9,679.4,1.0,0.61368,0.44173,589.1,754.0,0.761,0.74582,0.46846,716.0,799.7,0.55,0.57486,0.50983,551.9,870.3,0.872,0.73306,0.54029,703.7,922.3,0.737,0.57877,0.52496,555.6,896.1,0.855,0.73053,0.55603,701.3,949.1,0.744,0.53762,0.50551,516.1,862.9,0.742,0.72371,0.53796,694.8,918.3,0.594
1500,41.426,960,1707,0.72248,0.26797,693.6,457.4,0.999,0.72469,0.2619,695.7,447.1,0.999,0.72117,0.26227,692.3,447.7,0.999,0.71851,0.26088,689.8,445.3,0.999,0.73622,0.26043,706.8,444.6,0.999,0.7406,0.26026,711.0,444.3,0.999,0.74498,0.25975,715.2,443.4,1.0,0.71802,0.26136,689.3,446.1,1.0,0.75324,0.26077,723.1,445.1,0.999,0.71816,0.27325,689.4,466.4,0.999,0.72753,0.27221,698.4,464.7,0.999,0.69856,0.28837,670.6,492.3,1.0,0.78808,0.28829,756.6,492.1,0.999,0.62685,0.28122,601.8,480.0,0.963,0.72926,0.27924,700.1,476.7,0.062,0.56662,0.24471,544.0,417.7,0.944,0.66805,0.24944,641.3,425.8,0.316,0.54479,0.24076,523.0,411.0,0.93,0.66319,0.24363,636.7,415.9,0.408,0.55077,0.23414,528.7,399.7,0.93,0.66219,0.24272,635.7,414.3,0.402,0.55869,0.23557,536.3,402.1,0.881,0.66417,0.2458,637.6,419.6,0.388,0.70579,0.39193,677.6,669.0,1.0,0.76592,0.39802,735.3,679.4,1.0,0.61394,0.4419,589.4,754.3,0.758,0.74433,0.46864,714.6,800.0,0.556,0.57488,0.50997,551.9,870.5,0.871,0.7343,0.54029,704.9,922.3,0.744,0.57856,0.52506,555.4,896.3,0.854,0.7325,0.55592,703.2,949.0,0.751,0.53841,0.50621,516.9,864.1,0.74,0.72427,0.53833,695.3,918.9,0.6
1501,41.454,960,1707,0.72117,0.26776,692.3,457.1,0.999,0.72312,0.2616,694.2,446.5,0.999,0.72047,0.26185,691.6,447.0,0.999,0.71831,0.26084,689.6,445.3,0.999,0.73256,0.26025,703.3,444.2,0.999,0.73661,0.26017,707.1,444.1,0.999,0.74063,0.25959,711.0,443.1,1.0,0.71804,0.26142,689.3,446.2,1.0,0.75088,0.26066,720.8,445.0,0.999,0.71819,0.27314,689.5,466.2,0.999,0.72654,0.27214,697.5,464.5,0.999,0.70115,0.28836,673.1,492.2,1.0,0.78801,0.28789,756.5,491.4,0.999,0.62685,0.28305,601.8,483.2,0.965,0.71834,0.27892,689.6,476.1,0.068,0.56889,0.24595,546.1,419.8,0.947,0.66809,0.24946,641.4,425.8,0.335,0.54761,0.2422,525.7,413.4,0.934,0.66321,0.24339,636.7,415.5,0.427,0.55439,0.23544,532.2,401.9,0.933,0.66204,0.2421,635.6,413.3,0.421,0.56196,0.23669,539.5,404.0,0.886,0.66373,0.24504,637.2,418.3,0.406,0.7058,0.39188,677.6,668.9,1.0,0.76561,0.398,735.0,679.4,1.0,0.6146,0.44214,590.0,754.7,0.76,0.74276,0.46852,713.0,799.8,0.565,0.57566,0.51002,552.6,870.6,0.873,0.73563,0.53998,706.2,921.7,0.752,0.57911,0.52505,555.9,896.3,0.856,0.73566,0.55552,706.2,948.3,0.76,0.54076,0.50752,519.1,866.3,0.745,0.72417,0.53858,695.2,919.4,0.612
1502,41.481,960,1707,0.71696,0.26783,688.3,457.2,0.999,0.71946,0.26165,690.7,446.6,0.999,0.71772,0.26187,689.0,447.0,0.999,0.71616,0.26135,687.5,446.1,0.999,0.72666,0.26037,697.6,444.5,0.999,0.73007,0.26017,700.9,444.1,0.999,0.73341,0.25965,704.1,443.2,1.0,0.71736,0.26182,688.7,446.9,1.0,0.74418,0.26065,714.4,444.9,0.999,0.7159,0.27334,687.3,466.6,0.999,0.72152,0.2724,692.7,465.0,0.999,0.70232,0.28845,674.2,492.4,1.0,0.78795,0.28681,756.4,489.6,0.999,0.62847,0.28863,603.3,492.7,0.966,0.7184,0.27815,689.7,474.8,0.075,0.57421,0.24994,551.2,426.7,0.948,0.66815,0.2495,641.4,425.9,0.365,0.55339,0.2439,531.3,416.3,0.936,0.66315,0.24341,636.6,415.5,0.455,0.5606,0.23811,538.2,406.5,0.936,0.66152,0.24191,635.1,412.9,0.448,0.56766,0.24002,545.0,409.7,0.89,0.6629,0.24474,636.4,417.8,0.432,0.70591,0.38992,677.7,665.6,1.0,0.76548,0.39738,734.9,678.3,1.0,0.61687,0.44232,592.2,755.0,0.764,0.74187,0.46823,712.2,799.3,0.581,0.57623,0.51016,553.2,870.8,0.878,0.73704,0.53971,707.6,921.3,0.765,0.57964,0.52491,556.5,896.0,0.862,0.74081,0.55523,711.2,947.8,0.772,0.54166,0.50912,520.0,869.1,0.754,0.71867,0.5415,689.9,924.3,0.629
1503,41.509,960,1707,0.71494,0.26706,686.3,455.9,0.999,0.71739,0.26157,688.7,446.5,0.999,0.71569,0.26168,687.1,446.7,0.999,0.71403,0.26132,685.5,446.1,0.999,0.72432,0.26011,695.3,444.0,0.999,0.72738,0.2598,698.3,443.5,0.999,0.73021,0.2592,701.0,442.5,1.0,0.71688,0.26214,688.2,447.5,1.0,0.74053,0.26049,710.9,444.7,0.999,0.71355,0.27321,685.0,466.4,0.999,0.71869,0.2718,689.9,464.0,0.999,0.69898,0.28984,671.0,494.8,1.0,0.78785,0.28588,756.3,488.0,0.999,0.62845,0.29372,603.3,501.4,0.967,0.71933,0.27039,690.6,461.6,0.085,0.58291,0.25534,559.6,435.9,0.95,0.66868,0.24919,641.9,425.4,0.394,0.56159,0.24687,539.1,421.4,0.937,0.66314,0.24311,636.6,415.0,0.482,0.56749,0.24271,544.8,414.3,0.937,0.66127,0.24169,634.8,412.6,0.475,0.5748,0.24582,551.8,419.6,0.892,0.66259,0.24456,636.1,417.5,0.459,0.70403,0.38979,675.9,665.4,1.0,0.76421,0.39736,733.6,678.3,1.0,0.61832,0.44301,593.6,756.2,0.776,0.74065,0.4681,711.0,799.0,0.61,0.57773,0.50988,554.6,870.4,0.884,0.73881,0.53966,709.3,921.2,0.782,0.58076,0.5243,557.5,895.0,0.869,0.74507,0.55446,715.3,946.5,0.787,0.5465,0.50953,524.6,869.8,0.765,0.71879,0.54356,690.0,927.9,0.653
1504,41.537,960,1707,0.71534,0.26583,686.7,453.8,0.999,0.71796,0.26071,689.2,445.0,0.999,0.71623,0.2611,687.6,445.7,0.999,0.71452,0.2611,685.9,445.7,1.0,0.72494,0.25925,695.9,442.5,0.999,0.72796,0.25899,698.8,442.1,0.999,0.73074,0.25849,701.5,441.2,1.0,0.71723,0.26212,688.5,447.4,1.0,0.74087,0.26029,711.2,444.3,0.999,0.71376,0.2727,685.2,465.5,0.999,0.71876,0.27129,690.0,463.1,0.999,0.69881,0.2911,670.9,496.9,1.0,0.78822,0.28561,756.7,487.5,0.999,0.63073,0.3009,605.5,513.6,0.969,0.72076,0.26742,691.9,456.5,0.103,0.60445,0.26411,580.3,450.8,0.951,0.67121,0.24833,644.4,423.9,0.43,0.59092,0.25574,567.3,436.5,0.939,0.66332,0.24138,636.8,412.0,0.514,0.59827,0.25229,574.3,430.7,0.938,0.66128,0.24107,634.8,411.5,0.507,0.60496,0.25578,580.8,436.6,0.896,0.66279,0.2444,636.3,417.2,0.492,0.70278,0.38963,674.7,665.1,1.0,0.7635,0.39736,733.0,678.3,1.0,0.61912,0.4432,594.4,756.5,0.794,0.7397,0.46784,710.1,798.6,0.643,0.57885,0.50951,555.7,869.7,0.893,0.73876,0.53953,709.2,921.0,0.801,0.58126,0.52363,558.0,893.8,0.879,0.74351,0.55436,713.8,946.3,0.805,0.54779,0.51014,525.9,870.8,0.782,0.71891,0.54284,690.2,926.6,0.682
1505,41.564,960,1707,0.71581,0.26539,687.2,453.0,0.999,0.71834,0.26027,689.6,444.3,0.999,0.71639,0.26076,687.7,445.1,0.999,0.71522,0.26095,686.6,445.4,1.0,0.72583,0.25892,696.8,442.0,1.0,0.72898,0.25871,699.8,441.6,1.0,0.73194,0.25828,702.7,440.9,1.0,0.71989,0.26211,691.1,447.4,1.0,0.74175,0.26027,712.1,444.3,1.0,0.7139,0.27256,685.3,465.3,0.999,0.71927,0.27126,690.5,463.0,0.999,0.70072,0.29331,672.7,500.7,1.0,0.78826,0.28565,756.7,487.6,0.999,0.63168,0.30659,606.4,523.4,0.971,0.7212,0.26751,692.4,456.6,0.126,0.61794,0.272,593.2,464.3,0.953,0.67331,0.24796,646.4,423.3,0.47,0.60648,0.26391,582.2,450.5,0.941,0.66343,0.24032,636.9,410.2,0.549,0.61361,0.26041,589.1,444.5,0.94,0.66133,0.24084,634.9,411.1,0.543,0.61899,0.2636,594.2,450.0,0.901,0.66352,0.24444,637.0,417.3,0.528,0.70066,0.38957,672.6,665.0,1.0,0.76174,0.39735,731.3,678.3,1.0,0.61926,0.44337,594.5,756.8,0.81,0.73926,0.46724,709.7,797.6,0.674,0.57943,0.50752,556.3,866.3,0.901,0.73858,0.53937,709.0,920.7,0.819,0.58162,0.52021,558.4,888.0,0.888,0.74254,0.55421,712.8,946.0,0.821,0.54856,0.50976,526.6,870.2,0.798,0.71891,0.54251,690.2,926.1,0.709
1506,41.592,960,1707,0.71613,0.26534,687.5,452.9,0.999,0.71878,0.26006,690.0,443.9,0.999,0.71679,0.26054,688.1,444.7,0.999,0.71538,0.26079,686.8,445.2,1.0,0.72596,0.25882,696.9,441.8,1.0,0.72909,0.25862,699.9,441.5,1.0,0.73215,0.25818,702.9,440.7,1.0,0.72056,0.26195,691.7,447.2,1.0,0.74235,0.26017,712.7,444.1,1.0,0.71413,0.27256,685.6,465.3,0.999,0.71958,0.27126,690.8,463.0,0.999,0.70915,0.29347,680.8,501.0,1.0,0.78821,0.28547,756.7,487.3,0.999,0.639,0.30959,613.4,528.5,0.973,0.72206,0.26782,693.2,457.2,0.16,0.62384,0.27631,598.9,471.7,0.956,0.67349,0.24756,646.5,422.6,0.516,0.61278,0.26923,588.3,459.6,0.944,0.66327,0.24033,636.7,410.2,0.588,0.62031,0.26515,595.5,452.6,0.944,0.6611,0.2409,634.7,411.2,0.582,0.62568,0.26829,600.7,458.0,0.906,0.66353,0.24448,637.0,417.3,0.569,0.70051,0.38957,672.5,665.0,1.0,0.76041,0.39728,730.0,678.2,1.0,0.6199,0.44348,595.1,757.0,0.826,0.7389,0.46662,709.3,796.5,0.702,0.58182,0.50456,558.5,861.3,0.909,0.73922,0.53894,709.7,920.0,0.835,0.5863,0.51618,562.8,881.1,0.896,0.74425,0.55324,714.5,944.4,0.837,0.54919,0.50929,527.2,869.4,0.814,0.7185,0.54267,689.8,926.3,0.734
1507,41.619,960,1707,0.71852,0.26468,689.8,451.8,1.0,0.71935,0.2597,690.6,443.3,0.999,0.71737,0.26033,688.7,444.4,0.999,0.71595,0.26076,687.3,445.1,1.0,0.72628,0.25836,697.2,441.0,1.0,0.72933,0.25812,700.2,440.6,1.0,0.73239,0.25764,703.1,439.8,1.0,0.72097,0.26191,692.1,447.1,1.0,0.74285,0.25996,713.1,443.8,1.0,0.71722,0.2724,688.5,465.0,0.999,0.72271,0.27093,693.8,462.5,0.999,0.71375,0.29499,685.2,503.5,1.0,0.78822,0.28536,756.7,487.1,1.0,0.65049,0.31113,624.5,531.1,0.974,0.72269,0.26623,693.8,454.5,0.195,0.63418,0.28007,608.8,478.1,0.958,0.67341,0.24706,646.5,421.7,0.56,0.62236,0.27442,597.5,468.4,0.948,0.6618,0.24029,635.3,410.2,0.627,0.62922,0.27031,604.0,461.4,0.947,0.65982,0.24094,633.4,411.3,0.621,0.63508,0.2727,609.7,465.5,0.912,0.66339,0.2445,636.9,417.4,0.609,0.69997,0.38958,672.0,665.0,1.0,0.75961,0.39721,729.2,678.0,1.0,0.62031,0.44348,595.5,757.0,0.837,0.73891,0.46598,709.3,795.4,0.722,0.58437,0.50408,561.0,860.5,0.915,0.73909,0.53743,709.5,917.4,0.847,0.58847,0.51577,564.9,880.4,0.904,0.74357,0.55157,713.8,941.5,0.849,0.55803,0.5099,535.7,870.4,0.827,0.72079,0.54245,692.0,926.0,0.753
1508,41.647,960,1707,0.72291,0.26382,694.0,450.3,1.0,0.72249,0.25927,693.6,442.6,1.0,0.72046,0.26004,691.6,443.9,1.0,0.71887,0.26064,690.1,444.9,1.0,0.72954,0.25779,700.4,440.0,1.0,0.73264,0.25749,703.3,439.5,1.0,0.73578,0.25697,706.4,438.6,1.0,0.72256,0.26201,693.7,447.3,1.0,0.7459,0.25978,716.1,443.4,1.0,0.72105,0.27201,692.2,464.3,0.999,0.72714,0.27035,698.1,461.5,0.999,0.71525,0.29673,686.6,506.5,1.0,0.78872,0.28531,757.2,487.0,1.0,0.64949,0.31317,623.5,534.6,0.975,0.72305,0.26632,694.1,454.6,0.222,0.6425,0.28483,616.8,486.2,0.959,0.67343,0.24678,646.5,421.3,0.6,0.63401,0.27858,608.6,475.5,0.95,0.66026,0.24037,633.9,410.3,0.661,0.64066,0.27523,615.0,469.8,0.949,0.65883,0.24096,632.5,411.3,0.656,0.64539,0.2776,619.6,473.9,0.917,0.66339,0.24452,636.9,417.4,0.645,0.70008,0.38928,672.1,664.5,1.0,0.7591,0.397,728.7,677.7,1.0,0.62132,0.4435,596.5,757.1,0.849,0.73863,0.46502,709.1,793.8,0.743,0.5849,0.50438,561.5,861.0,0.922,0.73898,0.53676,709.4,916.2,0.86,0.59033,0.51645,566.7,881.6,0.911,0.74307,0.55055,713.3,939.8,0.861,0.55616,0.5109,533.9,872.1,0.841,0.72071,0.54375,691.9,928.2,0.773
1509,41.675,960,1707,0.72784,0.26365,698.7,450.1,1.0,0.72643,0.25906,697.4,442.2,1.0,0.72399,0.25983,695.0,443.5,1.0,0.72194,0.26047,693.1,444.6,1.0,0.73483,0.25767,705.4,439.8,1.0,0.73859,0.2574,709.0,439.4,1.0,0.74243,0.25692,712.7,438.6,1.0,0.72315,0.26199,694.2,447.2,1.0,0.7517,0.25977,721.6,443.4,1.0,0.7249,0.27163,695.9,463.7,0.999,0.73255,0.27017,703.3,461.2,0.999,0.71361,0.29876,685.1,510.0,1.0,0.78967,0.28643,758.1,488.9,1.0,0.64675,0.31491,620.9,537.6,0.973,0.72333,0.26652,694.4,454.9,0.244,0.65075,0.29068,624.7,496.2,0.953,0.67351,0.24614,646.6,420.2,0.633,0.64427,0.28383,618.5,484.5,0.946,0.65892,0.24039,632.6,410.4,0.69,0.64992,0.28053,623.9,478.9,0.945,0.65825,0.24098,631.9,411.4,0.685,0.65536,0.28404,629.1,484.9,0.914,0.66343,0.24436,636.9,417.1,0.674,0.69867,0.38988,670.7,665.5,1.0,0.75847,0.39745,728.1,678.4,1.0,0.62127,0.44359,596.4,757.2,0.858,0.73843,0.46517,708.9,794.0,0.763,0.58551,0.50434,562.1,860.9,0.926,0.73804,0.53706,708.5,916.8,0.871,0.59242,0.5166,568.7,881.8,0.917,0.74214,0.55058,712.5,939.8,0.873,0.55492,0.51077,532.7,871.9,0.85,0.7189,0.54479,690.1,930.0,0.789
1510,41.702,960,1707,0.72893,0.26363,699.8,450.0,1.0,0.72814,0.25901,699.0,442.1,1.0,0.72583,0.25982,696.8,443.5,1.0,0.72379,0.26043,694.8,444.6,1.0,0.7361,0.25757,706.7,439.7,1.0,0.73958,0.25727,710.0,439.2,1.0,0.74319,0.25677,713.5,438.3,1.0,0.72417,0.26207,695.2,447.4,1.0,0.75271,0.25976,722.6,443.4,1.0,0.72609,0.27161,697.0,463.6,1.0,0.73281,0.27017,703.5,461.2,0.999,0.71323,0.29925,684.7,510.8,1.0,0.79062,0.28661,759.0,489.3,1.0,0.64524,0.31672,619.4,540.6,0.972,0.72351,0.26679,694.6,455.4,0.264,0.65295,0.28938,626.8,494.0,0.951,0.67486,0.24544,647.9,419.0,0.666,0.64864,0.2835,622.7,483.9,0.945,0.6587,0.2399,632.4,409.5,0.718,0.65524,0.28126,629.0,480.1,0.945,0.65816,0.24076,631.8,411.0,0.713,0.65971,0.2841,633.3,485.0,0.914,0.66382,0.24386,637.3,416.3,0.704,0.69839,0.39075,670.5,667.0,1.0,0.75817,0.39807,727.8,679.5,1.0,0.62146,0.44341,596.6,756.9,0.868,0.73789,0.46511,708.4,793.9,0.78,0.58527,0.5044,561.9,861.0,0.932,0.73708,0.53706,707.6,916.8,0.882,0.59248,0.51692,568.8,882.4,0.923,0.73876,0.55065,709.2,940.0,0.883,0.55425,0.51126,532.1,872.7,0.861,0.71992,0.54456,691.1,929.6,0.805
1511,41.73,960,1707,0.73162,0.26305,702.4,449.0,1.0,0.73141,0.25823,702.2,440.8,1.0,0.72918,0.25898,700.0,442.1,1.0,0.72727,0.25955,698.2,443.1,1.0,0.73961,0.25677,710.0,438.3,1.0,0.7434,0.25639,713.7,437.7,1.0,0.7472,0.25582,717.3,436.7,1.0,0.72577,0.26172,696.7,446.8,1.0,0.75655,0.25904,726.3,442.2,1.0,0.72939,0.27066,700.2,462.0,1.0,0.73621,0.26931,706.8,459.7,0.999,0.71342,0.29937,684.9,511.0,1.0,0.79199,0.28664,760.3,489.3,1.0,0.64585,0.31922,620.0,544.9,0.971,0.72358,0.26988,694.6,460.7,0.27,0.65787,0.29293,631.6,500.0,0.946,0.6748,0.24499,647.8,418.2,0.692,0.65488,0.28686,628.7,489.7,0.942,0.65802,0.23992,631.7,409.5,0.741,0.66202,0.2858,635.5,487.9,0.942,0.65688,0.24061,630.6,410.7,0.737,0.66522,0.28739,638.6,490.6,0.912,0.66315,0.24331,636.6,415.3,0.728,0.6985,0.39087,670.6,667.2,1.0,0.7583,0.39824,728.0,679.8,1.0,0.6217,0.44347,596.8,757.0,0.878,0.73788,0.46544,708.4,794.5,0.796,0.5856,0.50403,562.2,860.4,0.937,0.7364,0.53731,706.9,917.2,0.892,0.59316,0.51611,569.4,881.0,0.929,0.73674,0.55093,707.3,940.4,0.893,0.55409,0.51235,531.9,874.6,0.87,0.71719,0.54436,688.5,929.2,0.82
1512,41.758,960,1707,0.73216,0.26299,702.9,448.9,1.0,0.73275,0.25814,703.4,440.6,1.0,0.7309,0.25886,701.7,441.9,1.0,0.7293,0.25941,700.1,442.8,1.0,0.73997,0.25676,710.4,438.3,1.0,0.7435,0.25639,713.8,437.7,1.0,0.74715,0.25584,717.3,436.7,1.0,0.72747,0.26175,698.4,446.8,1.0,0.75685,0.25905,726.6,442.2,1.0,0.73043,0.27048,701.2,461.7,1.0,0.73641,0.2692,707.0,459.5,1.0,0.7146,0.29937,686.0,511.0,1.0,0.79224,0.28684,760.6,489.6,1.0,0.64729,0.32074,621.4,547.5,0.971,0.7228,0.27058,693.9,461.9,0.285,0.66255,0.29625,636.1,505.7,0.944,0.6745,0.24374,647.5,416.1,0.718,0.66192,0.29122,635.4,497.1,0.941,0.65813,0.23902,631.8,408.0,0.764,0.66986,0.29001,643.1,495.0,0.942,0.65692,0.23995,630.6,409.6,0.76,0.6716,0.29136,644.7,497.4,0.913,0.66286,0.24233,636.3,413.7,0.753,0.6989,0.39087,670.9,667.2,1.0,0.75837,0.39822,728.0,679.8,1.0,0.62185,0.44347,597.0,757.0,0.887,0.73783,0.46534,708.3,794.3,0.811,0.58568,0.50384,562.3,860.1,0.941,0.7359,0.53746,706.5,917.4,0.9,0.59335,0.51595,569.6,880.7,0.934,0.73546,0.55117,706.0,940.8,0.901,0.55471,0.51247,532.5,874.8,0.88,0.71786,0.54402,689.2,928.6,0.834
1513,41.785,960,1707,0.73233,0.26301,703.0,449.0,1.0,0.7331,0.25815,703.8,440.7,1.0,0.73127,0.25887,702.0,441.9,1.0,0.72966,0.25942,700.5,442.8,1.0,0.74025,0.25682,710.6,438.4,1.0,0.74372,0.25649,714.0,437.8,1.0,0.74732,0.256,717.4,437.0,1.0,0.72839,0.26214,699.3,447.5,1.0,0.75667,0.25923,726.4,442.5,1.0,0.73071,0.27049,701.5,461.7,1.0,0.73673,0.26921,707.3,459.5,1.0,0.71566,0.29917,687.0,510.7,1.0,0.79256,0.28685,760.9,489.6,1.0,0.65186,0.32117,625.8,548.2,0.969,0.72305,0.26872,694.1,458.7,0.305,0.66732,0.29807,640.6,508.8,0.942,0.6731,0.24321,646.2,415.2,0.743,0.66628,0.2933,639.6,500.7,0.942,0.65757,0.23901,631.3,408.0,0.786,0.67374,0.29158,646.8,497.7,0.942,0.65635,0.23991,630.1,409.5,0.782,0.67604,0.29294,649.0,500.0,0.915,0.66193,0.2421,635.5,413.3,0.775,0.69975,0.39082,671.8,667.1,1.0,0.75841,0.39814,728.1,679.6,1.0,0.62185,0.44356,597.0,757.1,0.894,0.73762,0.4651,708.1,793.9,0.823,0.58647,0.50335,563.0,859.2,0.944,0.73595,0.53745,706.5,917.4,0.908,0.59407,0.51497,570.3,879.0,0.938,0.73549,0.55119,706.1,940.9,0.908,0.5546,0.51383,532.4,877.1,0.887,0.7174,0.54465,688.7,929.7,0.845
1514,41.813,960,1707,0.73265,0.26319,703.3,449.3,1.0,0.7336,0.25821,704.3,440.8,1.0,0.73176,0.25888,702.5,441.9,1.0,0.73011,0.25941,700.9,442.8,1.0,0.7407,0.25703,711.1,438.8,1.0,0.74414,0.25678,714.4,438.3,1.0,0.74775,0.25636,717.8,437.6,1.0,0.72902,0.26233,699.9,447.8,1.0,0.75695,0.25949,726.7,443.0,1.0,0.7312,0.27056,701.9,461.9,1.0,0.73725,0.26934,707.8,459.8,1.0,0.71577,0.29897,687.1,510.4,1.0,0.79281,0.28688,761.1,489.7,1.0,0.65677,0.32169,630.5,549.1,0.967,0.72389,0.26788,694.9,457.3,0.322,0.66753,0.3014,640.8,514.5,0.936,0.67168,0.24337,644.8,415.4,0.764,0.66349,0.29767,636.9,508.1,0.937,0.65735,0.23906,631.1,408.1,0.803,0.67178,0.29551,644.9,504.4,0.938,0.65594,0.23995,629.7,409.6,0.8,0.67518,0.29669,648.2,506.5,0.912,0.6611,0.24217,634.7,413.4,0.793,0.70044,0.3908,672.4,667.1,1.0,0.75833,0.3981,728.0,679.6,1.0,0.62199,0.44361,597.1,757.3,0.898,0.73721,0.46504,707.7,793.8,0.834,0.58637,0.50329,562.9,859.1,0.947,0.73591,0.53737,706.5,917.3,0.914,0.59373,0.51443,570.0,878.1,0.942,0.7351,0.55121,705.7,940.9,0.914,0.55298,0.5146,530.9,878.4,0.892,0.71604,0.54481,687.4,930.0,0.853
1515,41.84,960,1707,0.73506,0.2631,705.7,449.1,1.0,0.73603,0.25801,706.6,440.4,1.0,0.73407,0.25862,704.7,441.5,1.0,0.73229,0.25909,703.0,442.3,1.0,0.74329,0.25699,713.6,438.7,1.0,0.74676,0.25676,716.9,438.3,1.0,0.75037,0.25636,720.4,437.6,1.0,0.73025,0.26232,701.0,447.8,1.0,0.75872,0.25952,728.4,443.0,1.0,0.73294,0.27034,703.6,461.5,1.0,0.73951,0.26918,709.9,459.5,1.0,0.71632,0.29883,687.7,510.1,1.0,0.79276,0.28726,761.0,490.4,1.0,0.66103,0.32225,634.6,550.1,0.965,0.72395,0.26787,695.0,457.3,0.329,0.66449,0.30101,637.9,513.8,0.93,0.67021,0.24351,643.4,415.7,0.782,0.65865,0.29808,632.3,508.8,0.934,0.65684,0.23923,630.6,408.4,0.819,0.66566,0.29587,639.0,505.0,0.935,0.65543,0.24009,629.2,409.8,0.816,0.67019,0.29687,643.4,506.7,0.909,0.66047,0.24221,634.1,413.4,0.81,0.70067,0.3907,672.6,666.9,1.0,0.75818,0.39796,727.8,679.3,1.0,0.62234,0.44364,597.4,757.3,0.9,0.73714,0.46503,707.7,793.8,0.836,0.58676,0.50334,563.3,859.2,0.948,0.73587,0.53734,706.4,917.2,0.917,0.59401,0.51445,570.2,878.2,0.944,0.73492,0.55123,705.5,940.9,0.919,0.55309,0.51452,531.0,878.3,0.895,0.7155,0.54478,686.9,929.9,0.858
1516,41.868,960,1707,0.7359,0.26284,706.5,448.7,1.0,0.73658,0.25777,707.1,440.0,1.0,0.73454,0.25832,705.2,441.0,1.0,0.73269,0.25875,703.4,441.7,1.0,0.74387,0.25681,714.1,438.4,1.0,0.74725,0.25659,717.4,438.0,1.0,0.75072,0.2562,720.7,437.3,1.0,0.73064,0.26223,701.4,447.6,1.0,0.75909,0.25947,728.7,442.9,1.0,0.73336,0.27009,704.0,461.0,1.0,0.74003,0.26886,710.4,458.9,1.0,0.71635,0.29869,687.7,509.9,1.0,0.79298,0.2873,761.3,490.4,1.0,0.66306,0.32396,636.5,553.0,0.963,0.72389,0.26817,694.9,457.8,0.337,0.66412,0.29975,637.6,511.7,0.926,0.66951,0.24354,642.7,415.7,0.801,0.65674,0.29708,630.5,507.1,0.931,0.65672,0.23926,630.4,408.4,0.835,0.66433,0.29514,637.8,503.8,0.933,0.65548,0.24011,629.3,409.9,0.832,0.67031,0.29638,643.5,505.9,0.908,0.66052,0.24222,634.1,413.5,0.827,0.70074,0.39048,672.7,666.6,1.0,0.7581,0.39771,727.8,678.9,1.0,0.62281,0.44364,597.9,757.3,0.905,0.73718,0.465,707.7,793.8,0.841,0.58711,0.50346,563.6,859.4,0.95,0.73568,0.5376,706.2,917.7,0.922,0.59407,0.51461,570.3,878.4,0.947,0.73457,0.55197,705.2,942.2,0.924,0.55418,0.51437,532.0,878.0,0.899,0.71542,0.54447,686.8,929.4,0.864
1517,41.896,960,1707,0.73621,0.26286,706.8,448.7,1.0,0.7367,0.25781,707.2,440.1,1.0,0.73461,0.25841,705.2,441.1,1.0,0.73272,0.25892,703.4,442.0,1.0,0.74412,0.25681,714.4,438.4,1.0,0.7475,0.25659,717.6,438.0,1.0,0.75094,0.25621,720.9,437.4,1.0,0.73115,0.26252,701.9,448.1,1.0,0.75924,0.25959,728.9,443.1,1.0,0.7337,0.27017,704.4,461.2,1.0,0.74052,0.26887,710.9,459.0,1.0,0.71624,0.29865,687.6,509.8,1.0,0.79309,0.28738,761.4,490.6,1.0,0.66337,0.32405,636.8,553.2,0.964,0.7247,0.26752,695.7,456.7,0.352,0.66314,0.29834,636.6,509.3,0.927,0.66928,0.24363,642.5,415.9,0.817,0.65379,0.29571,627.6,504.8,0.934,0.6562,0.23935,630.0,408.6,0.849,0.66152,0.29438,635.1,502.5,0.935,0.65534,0.24022,629.1,410.1,0.847,0.66708,0.29688,640.4,506.8,0.911,0.66053,0.24233,634.1,413.7,0.842,0.70077,0.39044,672.7,666.5,1.0,0.75796,0.39771,727.6,678.9,1.0,0.62285,0.4439,597.9,757.7,0.91,0.73731,0.46487,707.8,793.5,0.85,0.58712,0.50351,563.6,859.5,0.953,0.73578,0.53755,706.3,917.6,0.927,0.59396,0.51474,570.2,878.7,0.95,0.73459,0.55199,705.2,942.2,0.929,0.55381,0.51426,531.7,877.8,0.904,0.71713,0.54382,688.4,928.3,0.872
1518,41.923,960,1707,0.73618,0.26286,706.7,448.7,1.0,0.73657,0.25784,707.1,440.1,1.0,0.73448,0.25843,705.1,441.1,1.0,0.73257,0.25893,703.3,442.0,1.0,0.74413,0.25689,714.4,438.5,1.0,0.7476,0.25669,717.7,438.2,1.0,0.75111,0.25634,721.1,437.6,1.0,0.73121,0.26251,702.0,448.1,1.0,0.75935,0.25968,729.0,443.3,1.0,0.7337,0.27018,704.4,461.2,1.0,0.74084,0.26888,711.2,459.0,1.0,0.71624,0.2986,687.6,509.7,1.0,0.79327,0.28739,761.5,490.6,1.0,0.66441,0.32397,637.8,553.0,0.964,0.72666,0.26686,697.6,455.5,0.364,0.66304,0.29777,636.5,508.3,0.927,0.66903,0.24369,642.3,416.0,0.832,0.65222,0.29598,626.1,505.2,0.934,0.6558,0.23957,629.6,409.0,0.862,0.66121,0.29451,634.8,502.7,0.936,0.65521,0.24033,629.0,410.2,0.859,0.66668,0.29732,640.0,507.5,0.912,0.66049,0.24253,634.1,414.0,0.855,0.70079,0.39032,672.8,666.3,1.0,0.75792,0.3977,727.6,678.9,1.0,0.6229,0.44392,598.0,757.8,0.914,0.73729,0.46469,707.8,793.2,0.856,0.58672,0.50355,563.3,859.6,0.954,0.73588,0.53717,706.4,916.9,0.931,0.59374,0.51473,570.0,878.6,0.952,0.73463,0.55155,705.2,941.5,0.932,0.55274,0.51478,530.6,878.7,0.907,0.72103,0.54386,692.2,928.4,0.876
1519,41.951,960,1707,0.73673,0.2629,707.3,448.8,1.0,0.73672,0.2579,707.3,440.2,1.0,0.73446,0.25848,705.1,441.2,1.0,0.73246,0.25897,703.2,442.1,1.0,0.74486,0.25694,715.1,438.6,1.0,0.74853,0.25674,718.6,438.2,1.0,0.75213,0.25639,722.0,437.7,1.0,0.73124,0.26251,702.0,448.1,1.0,0.76014,0.2598,729.7,443.5,1.0,0.73409,0.27021,704.7,461.2,1.0,0.74196,0.26889,712.3,459.0,1.0,0.7163,0.2988,687.6,510.0,1.0,0.79348,0.28743,761.7,490.6,1.0,0.66811,0.32369,641.4,552.5,0.963,0.72795,0.26581,698.8,453.7,0.37,0.66156,0.29731,635.1,507.5,0.923,0.66892,0.24375,642.2,416.1,0.845,0.65162,0.29481,625.6,503.2,0.932,0.6557,0.23961,629.5,409.0,0.873,0.65674,0.29417,630.5,502.1,0.934,0.65511,0.24035,628.9,410.3,0.871,0.66358,0.29601,637.0,505.3,0.91,0.66036,0.24263,633.9,414.2,0.867,0.70098,0.38994,672.9,665.6,1.0,0.75792,0.39749,727.6,678.5,1.0,0.62334,0.44379,598.4,757.6,0.915,0.7372,0.4645,707.7,792.9,0.854,0.58633,0.50278,562.9,858.2,0.955,0.73588,0.53585,706.4,914.7,0.932,0.59363,0.51344,569.9,876.4,0.954,0.73465,0.55005,705.3,938.9,0.934,0.55272,0.51587,530.6,880.6,0.909,0.72081,0.54426,692.0,929.0,0.878
1520,41.979,960,1707,0.73761,0.26291,708.1,448.8,1.0,0.73737,0.25796,707.9,440.3,1.0,0.73493,0.25855,705.5,441.3,1.0,0.73277,0.25905,703.5,442.2,1.0,0.74577,0.25696,715.9,438.6,1.0,0.74943,0.25675,719.4,438.3,1.0,0.75295,0.2564,722.8,437.7,1.0,0.73178,0.26253,702.5,448.1,1.0,0.76108,0.2599,730.6,443.6,1.0,0.73468,0.27023,705.3,461.3,1.0,0.74278,0.2689,713.1,459.0,1.0,0.71623,0.29911,687.6,510.6,1.0,0.79371,0.28775,762.0,491.2,1.0,0.66906,0.32331,642.3,551.9,0.959,0.72898,0.26532,699.8,452.9,0.369,0.66163,0.29581,635.2,505.0,0.91,0.66894,0.2437,642.2,416.0,0.855,0.65139,0.2903,625.3,495.5,0.923,0.65572,0.23949,629.5,408.8,0.882,0.65431,0.28537,628.1,487.1,0.925,0.65512,0.24033,628.9,410.2,0.88,0.66181,0.28843,635.3,492.3,0.9,0.66036,0.24265,634.0,414.2,0.876,0.70099,0.38995,672.9,665.6,1.0,0.75793,0.39748,727.6,678.5,1.0,0.6234,0.44379,598.5,757.5,0.913,0.73715,0.46419,707.7,792.4,0.852,0.58631,0.50175,562.9,856.5,0.954,0.73597,0.53564,706.5,914.3,0.934,0.59361,0.5126,569.9,875.0,0.955,0.73466,0.54993,705.3,938.7,0.936,0.55309,0.5158,531.0,880.5,0.908,0.72069,0.54448,691.9,929.4,0.877
1521,42.006,960,1707,0.73761,0.26312,708.1,449.1,1.0,0.73747,0.25824,708.0,440.8,1.0,0.73498,0.25893,705.6,442.0,1.0,0.73277,0.25955,703.5,443.1,1.0,0.74599,0.25709,716.1,438.9,1.0,0.74973,0.25687,719.7,438.5,1.0,0.75333,0.25654,723.2,437.9,1.0,0.73225,0.26288,703.0,448.7,1.0,0.76183,0.26012,731.4,444.0,1.0,0.73475,0.27051,705.4,461.8,1.0,0.74283,0.26904,713.1,459.3,1.0,0.71629,0.29927,687.6,510.9,1.0,0.79375,0.28794,762.0,491.5,1.0,0.67182,0.32059,645.0,547.3,0.957,0.73045,0.26457,701.2,451.6,0.371,0.66129,0.29327,634.8,500.6,0.905,0.66895,0.24352,642.2,415.7,0.865,0.65107,0.28621,625.0,488.6,0.921,0.65574,0.23925,629.5,408.4,0.891,0.65185,0.2808,625.8,479.3,0.923,0.65513,0.24021,628.9,410.0,0.889,0.65944,0.28416,633.1,485.1,0.897,0.66037,0.24259,634.0,414.1,0.885,0.70084,0.38995,672.8,665.6,1.0,0.75793,0.39744,727.6,678.4,1.0,0.62354,0.44362,598.6,757.3,0.914,0.73706,0.46365,707.6,791.5,0.852,0.58629,0.5018,562.8,856.6,0.955,0.73606,0.53559,706.6,914.3,0.936,0.59356,0.51279,569.8,875.3,0.957,0.73467,0.54998,705.3,938.8,0.938,0.55296,0.51439,530.8,878.1,0.91,0.72115,0.54431,692.3,929.1,0.879
1522,42.034,960,1707,0.73786,0.26318,708.3,449.2,1.0,0.73777,0.25829,708.3,440.9,1.0,0.73526,0.25899,705.9,442.1,1.0,0.73301,0.25961,703.7,443.2,1.0,0.74629,0.25718,716.4,439.0,1.0,0.75001,0.25699,720.0,438.7,1.0,0.75359,0.25672,723.4,438.2,1.0,0.73251,0.26294,703.2,448.8,1.0,0.76208,0.26041,731.6,444.5,1.0,0.73495,0.27059,705.6,461.9,1.0,0.74299,0.26911,713.3,459.4,1.0,0.71626,0.29932,687.6,510.9,1.0,0.7938,0.28836,762.1,492.2,1.0,0.67257,0.32117,645.7,548.2,0.954,0.73031,0.26472,701.1,451.9,0.374,0.66358,0.29411,637.0,502.0,0.896,0.66897,0.24343,642.2,415.5,0.874,0.65219,0.28823,626.1,492.0,0.915,0.65579,0.23917,629.6,408.3,0.899,0.65322,0.28428,627.1,485.3,0.918,0.65527,0.24021,629.1,410.0,0.897,0.66022,0.28756,633.8,490.9,0.891,0.66055,0.24261,634.1,414.1,0.894,0.70086,0.38994,672.8,665.6,1.0,0.75794,0.39741,727.6,678.4,1.0,0.62378,0.44354,598.8,757.1,0.913,0.73705,0.46359,707.6,791.4,0.851,0.58633,0.50165,562.9,856.3,0.955,0.73636,0.53557,706.9,914.2,0.938,0.59335,0.51292,569.6,875.6,0.957,0.73469,0.54996,705.3,938.8,0.94,0.55293,0.51329,530.8,876.2,0.91,0.72349,0.54436,694.5,929.2,0.88
1523,42.061,960,1707,0.73773,0.26321,708.2,449.3,1.0,0.73769,0.25836,708.2,441.0,1.0,0.73523,0.25907,705.8,442.2,1.0,0.73301,0.25972,703.7,443.3,1.0,0.74615,0.25721,716.3,439.0,1.0,0.74985,0.25701,719.9,438.7,1.0,0.75343,0.25675,723.3,438.3,1.0,0.73267,0.26302,703.4,449.0,1.0,0.76194,0.26052,731.5,444.7,1.0,0.73492,0.27066,705.5,462.0,1.0,0.74281,0.26914,713.1,459.4,1.0,0.71611,0.29944,687.5,511.1,1.0,0.79383,0.28843,762.1,492.3,1.0,0.6761,0.31707,649.1,541.2,0.956,0.73072,0.26478,701.5,452.0,0.38,0.66335,0.28864,636.8,492.7,0.898,0.67017,0.2434,643.4,415.5,0.883,0.65199,0.27973,625.9,477.5,0.916,0.6563,0.23909,630.0,408.1,0.907,0.64838,0.27254,622.4,465.2,0.919,0.65596,0.24022,629.7,410.1,0.905,0.65984,0.27552,633.4,470.3,0.893,0.66124,0.24261,634.8,414.1,0.901,0.70096,0.38994,672.9,665.6,1.0,0.75813,0.39736,727.8,678.3,1.0,0.62417,0.44338,599.2,756.8,0.914,0.73705,0.46357,707.6,791.3,0.852,0.58632,0.50172,562.9,856.4,0.956,0.73635,0.53558,706.9,914.2,0.939,0.59298,0.51301,569.3,875.7,0.959,0.73468,0.54997,705.3,938.8,0.941,0.55288,0.51327,530.8,876.2,0.911,0.72409,0.5444,695.1,929.3,0.882
1524,42.089,960,1707,0.7381,0.26336,708.6,449.6,1.0,0.7382,0.25841,708.7,441.1,1.0,0.73572,0.2591,706.3,442.3,1.0,0.73347,0.25974,704.1,443.4,1.0,0.74675,0.25732,716.9,439.2,1.0,0.75049,0.25717,720.5,439.0,1.0,0.75403,0.25697,723.9,438.7,1.0,0.73284,0.26302,703.5,449.0,1.0,0.76217,0.2607,731.7,445.0,1.0,0.7352,0.27079,705.8,462.2,1.0,0.74309,0.26933,713.4,459.7,1.0,0.71589,0.29945,687.3,511.2,1.0,0.79383,0.28849,762.1,492.5,1.0,0.6774,0.31461,650.3,537.0,0.954,0.73064,0.26553,701.4,453.3,0.378,0.66281,0.28868,636.3,492.8,0.889,0.67035,0.24346,643.5,415.6,0.89,0.65199,0.28487,625.9,486.3,0.91,0.65698,0.2391,630.7,408.1,0.913,0.64857,0.27611,622.6,471.3,0.913,0.65632,0.24026,630.1,410.1,0.911,0.6597,0.279,633.3,476.3,0.886,0.66137,0.24271,634.9,414.3,0.908,0.70097,0.38984,672.9,665.5,1.0,0.75836,0.39725,728.0,678.1,1.0,0.62502,0.44327,600.0,756.7,0.912,0.73704,0.46328,707.6,790.8,0.849,0.58652,0.50174,563.1,856.5,0.956,0.7365,0.53529,707.0,913.7,0.939,0.59283,0.51302,569.1,875.7,0.96,0.73516,0.54982,705.8,938.5,0.942,0.55286,0.51249,530.7,874.8,0.912,0.72412,0.54459,695.2,929.6,0.881
1525,42.117,960,1707,0.73853,0.2634,709.0,449.6,1.0,0.73904,0.25841,709.5,441.1,1.0,0.7366,0.2591,707.1,442.3,1.0,0.73438,0.25973,705.0,443.4,1.0,0.74758,0.25736,717.7,439.3,1.0,0.75126,0.25723,721.2,439.1,1.0,0.75468,0.25708,724.5,438.8,1.0,0.73329,0.26297,704.0,448.9,1.0,0.76227,0.26078,731.8,445.1,1.0,0.7357,0.2708,706.3,462.3,1.0,0.74342,0.26936,713.7,459.8,1.0,0.71587,0.29934,687.2,511.0,1.0,0.7938,0.28855,762.0,492.5,1.0,0.67802,0.31102,650.9,530.9,0.954,0.73058,0.26614,701.4,454.3,0.381,0.66274,0.28814,636.2,491.9,0.888,0.6705,0.24375,643.7,416.1,0.898,0.65124,0.28199,625.2,481.4,0.909,0.65774,0.23915,631.4,408.2,0.919,0.64676,0.27579,620.9,470.8,0.912,0.65653,0.2403,630.3,410.2,0.918,0.65626,0.27882,630.0,475.9,0.885,0.6614,0.24283,634.9,414.5,0.915,0.7009,0.38982,672.9,665.4,1.0,0.75838,0.39724,728.0,678.1,1.0,0.62559,0.44311,600.6,756.4,0.911,0.73705,0.46312,707.6,790.5,0.849,0.58703,0.50157,563.5,856.2,0.956,0.73682,0.53521,707.3,913.6,0.941,0.59285,0.51282,569.1,875.4,0.961,0.73585,0.54978,706.4,938.5,0.943,0.55307,0.51234,530.9,874.6,0.913,0.72436,0.54474,695.4,929.9,0.882
1526,42.144,960,1707,0.73861,0.2634,709.1,449.6,1.0,0.73938,0.25837,709.8,441.0,1.0,0.73694,0.25903,707.5,442.2,1.0,0.73472,0.25961,705.3,443.1,1.0,0.74796,0.25736,718.0,439.3,1.0,0.7516,0.25723,721.5,439.1,1.0,0.75494,0.2571,724.7,438.9,1.0,0.73364,0.26281,704.3,448.6,1.0,0.76221,0.26078,731.7,445.1,1.0,0.73569,0.2708,706.3,462.3,1.0,0.74341,0.26936,713.7,459.8,1.0,0.71594,0.29926,687.3,510.8,1.0,0.79363,0.28854,761.9,492.5,1.0,0.67887,0.30913,651.7,527.7,0.954,0.73021,0.26689,701.0,455.6,0.384,0.66111,0.28848,634.7,492.4,0.884,0.6705,0.24434,643.7,417.1,0.905,0.65048,0.28234,624.5,482.0,0.906,0.65794,0.23956,631.6,408.9,0.925,0.64506,0.27704,619.3,472.9,0.909,0.65657,0.24059,630.3,410.7,0.924,0.65395,0.27997,627.8,477.9,0.882,0.6614,0.24324,634.9,415.2,0.921,0.7009,0.38944,672.9,664.8,1.0,0.75839,0.39691,728.1,677.5,1.0,0.62593,0.44286,600.9,756.0,0.913,0.73705,0.46309,707.6,790.5,0.853,0.58731,0.50154,563.8,856.1,0.958,0.73705,0.53521,707.6,913.6,0.943,0.59324,0.51266,569.5,875.1,0.962,0.73631,0.54976,706.9,938.4,0.946,0.55275,0.51233,530.6,874.5,0.915,0.72451,0.54478,695.5,929.9,0.886
1527,42.172,960,1707,0.73863,0.26339,709.1,449.6,1.0,0.73957,0.25834,710.0,441.0,1.0,0.73721,0.25893,707.7,442.0,1.0,0.73504,0.25944,705.6,442.9,1.0,0.74806,0.25736,718.1,439.3,1.0,0.75166,0.25724,721.6,439.1,1.0,0.75498,0.2571,724.8,438.9,1.0,0.73408,0.26267,704.7,448.4,1.0,0.76218,0.26077,731.7,445.1,1.0,0.73573,0.27077,706.3,462.2,1.0,0.7434,0.26936,713.7,459.8,1.0,0.71593,0.2992,687.3,510.7,1.0,0.79363,0.28863,761.9,492.7,1.0,0.67854,0.30884,651.4,527.2,0.952,0.72988,0.26715,700.7,456.0,0.383,0.66095,0.28872,634.5,492.8,0.875,0.67047,0.24448,643.6,417.3,0.91,0.65035,0.28239,624.3,482.0,0.899,0.65794,0.23962,631.6,409.0,0.93,0.64521,0.27783,619.4,474.3,0.903,0.65656,0.24061,630.3,410.7,0.928,0.65371,0.28069,627.6,479.1,0.875,0.66136,0.24331,634.9,415.3,0.925,0.70112,0.38891,673.1,663.9,1.0,0.7586,0.39665,728.3,677.1,1.0,0.62598,0.44281,600.9,755.9,0.914,0.73702,0.463,707.5,790.3,0.856,0.58737,0.50156,563.9,856.2,0.959,0.7374,0.53522,707.9,913.6,0.944,0.59384,0.51245,570.1,874.8,0.964,0.73709,0.54977,707.6,938.5,0.948,0.55208,0.51253,530.0,874.9,0.917,0.72422,0.54486,695.2,930.1,0.888
1528,42.199,960,1707,0.73862,0.26339,709.1,449.6,1.0,0.73961,0.25833,710.0,441.0,1.0,0.73727,0.2589,707.8,441.9,1.0,0.73512,0.25939,705.7,442.8,1.0,0.74808,0.25737,718.2,439.3,1.0,0.75165,0.25724,721.6,439.1,1.0,0.75496,0.2571,724.8,438.9,1.0,0.73415,0.26263,704.8,448.3,1.0,0.76216,0.26077,731.7,445.1,1.0,0.73573,0.27077,706.3,462.2,1.0,0.74339,0.26936,713.7,459.8,1.0,0.71537,0.29919,686.8,510.7,1.0,0.79364,0.28864,761.9,492.7,1.0,0.67783,0.30895,650.7,527.4,0.949,0.7298,0.26717,700.6,456.1,0.376,0.66085,0.28888,634.4,493.1,0.861,0.67045,0.24455,643.6,417.5,0.913,0.65021,0.2829,624.2,482.9,0.888,0.65794,0.23966,631.6,409.1,0.933,0.64534,0.27833,619.5,475.1,0.893,0.65655,0.24062,630.3,410.7,0.932,0.65364,0.28117,627.5,480.0,0.864,0.66129,0.24334,634.8,415.4,0.929,0.70109,0.3889,673.0,663.9,1.0,0.7586,0.39665,728.3,677.1,1.0,0.62606,0.44281,601.0,755.9,0.915,0.737,0.46299,707.5,790.3,0.858,0.58741,0.50158,563.9,856.2,0.959,0.73761,0.53522,708.1,913.6,0.946,0.59404,0.51239,570.3,874.7,0.965,0.73735,0.54982,707.9,938.5,0.95,0.55152,0.51254,529.5,874.9,0.918,0.72414,0.54486,695.2,930.1,0.891
1529,42.227,960,1707,0.73859,0.26339,709.0,449.6,1.0,0.73958,0.25833,710.0,441.0,1.0,0.73726,0.2589,707.8,441.9,1.0,0.73512,0.25938,705.7,442.8,1.0,0.74802,0.25737,718.1,439.3,1.0,0.75161,0.25726,721.5,439.1,1.0,0.75493,0.25712,724.7,438.9,1.0,0.73415,0.26263,704.8,448.3,1.0,0.76202,0.2608,731.5,445.2,1.0,0.73572,0.27077,706.3,462.2,1.0,0.74336,0.26936,713.6,459.8,1.0,0.71421,0.29918,685.6,510.7,1.0,0.79376,0.28864,762.0,492.7,1.0,0.67742,0.30948,650.3,528.3,0.943,0.72976,0.26715,700.6,456.0,0.37,0.66084,0.28874,634.4,492.9,0.838,0.67045,0.24455,643.6,417.4,0.915,0.64717,0.28319,621.3,483.4,0.869,0.65794,0.23964,631.6,409.1,0.935,0.64539,0.27844,619.6,475.3,0.874,0.65653,0.2406,630.3,410.7,0.934,0.65367,0.28123,627.5,480.1,0.845,0.66126,0.24333,634.8,415.4,0.931,0.70091,0.38889,672.9,663.8,1.0,0.75854,0.39664,728.2,677.1,1.0,0.62612,0.44296,601.1,756.1,0.913,0.737,0.46299,707.5,790.3,0.856,0.58742,0.50174,563.9,856.5,0.958,0.73775,0.53526,708.2,913.7,0.946,0.59403,0.5125,570.3,874.8,0.965,0.73738,0.54994,707.9,938.7,0.95,0.55145,0.51259,529.4,875.0,0.916,0.72411,0.54492,695.1,930.2,0.89
1530,42.255,960,1707,0.73882,0.26348,709.3,449.8,1.0,0.7397,0.25842,710.1,441.1,1.0,0.73738,0.25896,707.9,442.0,1.0,0.73522,0.25942,705.8,442.8,1.0,0.74807,0.25757,718.1,439.7,1.0,0.75162,0.2575,721.6,439.5,1.0,0.75493,0.2574,724.7,439.4,1.0,0.73419,0.26266,704.8,448.4,1.0,0.76202,0.26099,731.5,445.5,1.0,0.73594,0.27087,706.5,462.4,1.0,0.74363,0.26949,713.9,460.0,1.0,0.7138,0.29905,685.2,510.5,1.0,0.79413,0.28873,762.4,492.9,1.0,0.67711,0.3099,650.0,529.0,0.936,0.72973,0.26722,700.5,456.1,0.366,0.66257,0.28895,636.1,493.2,0.816,0.67046,0.24455,643.6,417.4,0.918,0.64778,0.28334,621.9,483.7,0.853,0.65797,0.23963,631.7,409.0,0.938,0.6485,0.27853,622.6,475.4,0.859,0.65653,0.24059,630.3,410.7,0.936,0.65625,0.28135,630.0,480.3,0.83,0.66126,0.24333,634.8,415.4,0.934,0.70084,0.38887,672.8,663.8,1.0,0.75818,0.39664,727.9,677.1,1.0,0.62613,0.44333,601.1,756.8,0.911,0.73704,0.46311,707.6,790.5,0.852,0.58739,0.50233,563.9,857.5,0.957,0.73774,0.53546,708.2,914.0,0.945,0.59382,0.5132,570.1,876.0,0.965,0.73718,0.55009,707.7,939.0,0.95,0.55137,0.51259,529.3,875.0,0.914,0.72406,0.545,695.1,930.3,0.887
1531,42.282,960,1707,0.7385,0.26397,709.0,450.6,1.0,0.7393,0.25904,709.7,442.2,1.0,0.73714,0.25961,707.7,443.1,1.0,0.73509,0.2601,705.7,444.0,1.0,0.74708,0.25813,717.2,440.6,1.0,0.75033,0.25805,720.3,440.5,1.0,0.75341,0.25793,723.3,440.3,1.0,0.73419,0.26334,704.8,449.5,1.0,0.76058,0.26153,730.2,446.4,1.0,0.73593,0.27154,706.5,463.5,1.0,0.74345,0.27012,713.7,461.1,1.0,0.71311,0.29894,684.6,510.3,1.0,0.79425,0.28862,762.5,492.7,1.0,0.67851,0.31288,651.4,534.1,0.918,0.72983,0.2668,700.6,455.4,0.364,0.67071,0.2968,643.9,506.6,0.773,0.67053,0.24417,643.7,416.8,0.917,0.66192,0.29648,635.4,506.1,0.817,0.65797,0.23948,631.7,408.8,0.938,0.6631,0.29169,636.6,497.9,0.824,0.65653,0.24048,630.3,410.5,0.937,0.66947,0.29338,642.7,500.8,0.795,0.66126,0.24312,634.8,415.0,0.934,0.70081,0.38868,672.8,663.5,1.0,0.7576,0.39655,727.3,676.9,1.0,0.62611,0.4436,601.1,757.2,0.906,0.73717,0.46324,707.7,790.7,0.842,0.58704,0.50341,563.6,859.3,0.954,0.73765,0.53547,708.1,914.0,0.941,0.59307,0.51416,569.3,877.7,0.963,0.73662,0.55009,707.2,939.0,0.948,0.55147,0.51252,529.4,874.9,0.909,0.72427,0.54479,695.3,930.0,0.88
1532,42.31,960,1707,0.73804,0.26427,708.5,451.1,1.0,0.73875,0.25944,709.2,442.9,1.0,0.7368,0.25998,707.3,443.8,1.0,0.73491,0.26045,705.5,444.6,1.0,0.74604,0.25858,716.2,441.4,1.0,0.74915,0.25852,719.2,441.3,1.0,0.75219,0.25841,722.1,441.1,1.0,0.73418,0.26371,704.8,450.2,1.0,0.75944,0.26203,729.1,447.3,1.0,0.73592,0.27178,706.5,463.9,1.0,0.74324,0.27048,713.5,461.7,1.0,0.71286,0.29886,684.4,510.1,1.0,0.79425,0.28862,762.5,492.7,1.0,0.67827,0.31481,651.1,537.4,0.91,0.72998,0.2649,700.8,452.2,0.363,0.67004,0.30029,643.2,512.6,0.76,0.67057,0.24381,643.7,416.2,0.917,0.6624,0.3011,635.9,514.0,0.807,0.65797,0.23934,631.7,408.6,0.938,0.66511,0.29819,638.5,509.0,0.815,0.65653,0.24039,630.3,410.3,0.937,0.66716,0.30078,640.5,513.4,0.785,0.66124,0.24294,634.8,414.7,0.934,0.70084,0.3883,672.8,662.8,1.0,0.75722,0.39627,726.9,676.4,1.0,0.62597,0.44367,600.9,757.4,0.9,0.73725,0.46339,707.8,791.0,0.831,0.58654,0.50387,563.1,860.1,0.952,0.73743,0.53551,707.9,914.1,0.937,0.5926,0.51454,568.9,878.3,0.962,0.73623,0.55009,706.8,939.0,0.945,0.55151,0.51254,529.4,874.9,0.906,0.72422,0.54471,695.3,929.8,0.873
1533,42.338,960,1707,0.73766,0.26444,708.2,451.4,1.0,0.73844,0.25962,708.9,443.2,1.0,0.73665,0.26012,707.2,444.0,1.0,0.73487,0.26055,705.5,444.8,1.0,0.74537,0.25885,715.6,441.9,1.0,0.74839,0.25881,718.5,441.8,1.0,0.75137,0.25871,721.3,441.6,1.0,0.7342,0.26375,704.8,450.2,1.0,0.75849,0.26227,728.1,447.7,1.0,0.73591,0.27191,706.5,464.1,1.0,0.74302,0.27073,713.3,462.1,1.0,0.71287,0.2987,684.4,509.9,1.0,0.79428,0.28872,762.5,492.8,1.0,0.67875,0.31573,651.6,538.9,0.905,0.72981,0.26492,700.6,452.2,0.36,0.66947,0.30108,642.7,513.9,0.751,0.67056,0.24376,643.7,416.1,0.918,0.66092,0.30107,634.5,513.9,0.801,0.65792,0.23935,631.6,408.6,0.939,0.66311,0.30028,636.6,512.6,0.809,0.65638,0.24038,630.1,410.3,0.938,0.66583,0.30197,639.2,515.5,0.779,0.66113,0.24286,634.7,414.6,0.935,0.70083,0.38824,672.8,662.7,1.0,0.75648,0.39624,726.2,676.4,1.0,0.62592,0.4438,600.9,757.6,0.9,0.73723,0.4635,707.7,791.2,0.827,0.58659,0.50374,563.1,859.9,0.952,0.73743,0.53548,707.9,914.1,0.936,0.59316,0.51429,569.4,877.9,0.962,0.73623,0.55,706.8,938.9,0.945,0.55124,0.51263,529.2,875.1,0.907,0.72428,0.54456,695.3,929.6,0.872
1534,42.365,960,1707,0.74008,0.26426,710.5,451.1,1.0,0.74019,0.25951,710.6,443.0,1.0,0.73821,0.25995,708.7,443.7,1.0,0.73623,0.26032,706.8,444.4,1.0,0.74798,0.25881,718.1,441.8,1.0,0.75129,0.25878,721.2,441.7,1.0,0.75449,0.25869,724.3,441.6,1.0,0.7348,0.26337,705.4,449.6,1.0,0.76113,0.26221,730.7,447.6,1.0,0.73802,0.27148,708.5,463.4,1.0,0.74577,0.27036,715.9,461.5,1.0,0.71365,0.29816,685.1,509.0,1.0,0.79461,0.28889,762.8,493.1,1.0,0.67894,0.31307,651.8,534.4,0.902,0.729,0.26547,699.8,453.2,0.353,0.66897,0.29964,642.2,511.5,0.748,0.67056,0.24385,643.7,416.3,0.919,0.66007,0.29886,633.7,510.1,0.8,0.65802,0.23953,631.7,408.9,0.941,0.66283,0.29682,636.3,506.7,0.809,0.65638,0.2404,630.1,410.4,0.939,0.66509,0.29881,638.5,510.1,0.779,0.6611,0.24286,634.7,414.6,0.936,0.70075,0.38825,672.7,662.7,1.0,0.75612,0.39624,725.9,676.4,1.0,0.62588,0.44396,600.8,757.8,0.898,0.73712,0.46357,707.6,791.3,0.824,0.58643,0.50401,563.0,860.4,0.953,0.73742,0.53559,707.9,914.2,0.936,0.59346,0.51427,569.7,877.9,0.963,0.73629,0.54998,706.8,938.8,0.945,0.55012,0.51272,528.1,875.2,0.908,0.72425,0.5453,695.3,930.8,0.871
1535,42.393,960,1707,0.74088,0.26426,711.2,451.1,1.0,0.74086,0.25948,711.2,442.9,1.0,0.73875,0.25989,709.2,443.6,1.0,0.7367,0.26021,707.2,444.2,1.0,0.74913,0.25881,719.2,441.8,1.0,0.75263,0.25878,722.5,441.7,1.0,0.75605,0.25869,725.8,441.6,1.0,0.73495,0.26323,705.5,449.3,1.0,0.76212,0.26219,731.6,447.6,1.0,0.73864,0.27139,709.1,463.3,1.0,0.74659,0.27032,716.7,461.4,1.0,0.7137,0.29801,685.2,508.7,1.0,0.79475,0.28907,763.0,493.4,1.0,0.67887,0.31125,651.7,531.3,0.893,0.72812,0.26651,699.0,454.9,0.341,0.66867,0.29914,641.9,510.6,0.731,0.67051,0.24428,643.7,417.0,0.914,0.65949,0.29768,633.1,508.1,0.788,0.65818,0.24004,631.8,409.7,0.938,0.66197,0.29495,635.5,503.5,0.797,0.65637,0.24064,630.1,410.8,0.936,0.66454,0.29708,638.0,507.1,0.766,0.66107,0.24302,634.6,414.8,0.934,0.70026,0.3884,672.3,663.0,1.0,0.7556,0.39628,725.4,676.4,1.0,0.62584,0.44427,600.8,758.4,0.884,0.73699,0.46377,707.5,791.7,0.812,0.58744,0.50268,563.9,858.1,0.947,0.73734,0.53568,707.9,914.4,0.931,0.59415,0.51276,570.4,875.3,0.959,0.73609,0.54999,706.7,938.8,0.941,0.55321,0.51258,531.1,875.0,0.898,0.72532,0.54507,696.3,930.4,0.861
1536,42.42,960,1707,0.74203,0.26426,712.3,451.1,1.0,0.7418,0.25948,712.1,442.9,1.0,0.73955,0.25986,710.0,443.6,1.0,0.73737,0.26015,707.9,444.1,1.0,0.75049,0.25882,720.5,441.8,1.0,0.75412,0.2588,724.0,441.8,1.0,0.75769,0.25871,727.4,441.6,1.0,0.73515,0.26313,705.7,449.2,1.0,0.76388,0.26218,733.3,447.5,1.0,0.73932,0.27134,709.8,463.2,1.0,0.74768,0.27031,717.8,461.4,1.0,0.71386,0.29795,685.3,508.6,1.0,0.79486,0.28914,763.1,493.6,1.0,0.67764,0.30836,650.5,526.4,0.897,0.72765,0.26786,698.5,457.2,0.337,0.665,0.2898,638.4,494.7,0.741,0.67054,0.2447,643.7,417.7,0.917,0.64903,0.28612,623.1,488.4,0.796,0.65845,0.24045,632.1,410.4,0.941,0.65358,0.28065,627.4,479.1,0.805,0.6565,0.2409,630.2,411.2,0.939,0.66391,0.28135,637.4,480.3,0.774,0.66113,0.24329,634.7,415.3,0.937,0.69955,0.38849,671.6,663.2,1.0,0.75527,0.39629,725.1,676.5,1.0,0.62584,0.44435,600.8,758.5,0.883,0.73697,0.46401,707.5,792.1,0.812,0.58788,0.50256,564.4,857.9,0.947,0.73704,0.53572,707.6,914.5,0.931,0.59417,0.51274,570.4,875.3,0.959,0.7358,0.55005,706.4,938.9,0.942,0.55366,0.51188,531.5,873.8,0.897,0.72543,0.54463,696.4,929.7,0.86
1537,42.448,960,1707,0.74279,0.26415,713.1,450.9,1.0,0.74253,0.25932,712.8,442.7,1.0,0.74016,0.25965,710.6,443.2,1.0,0.73785,0.25988,708.3,443.6,1.0,0.75134,0.25875,721.3,441.7,1.0,0.75492,0.25875,724.7,441.7,1.0,0.75844,0.25868,728.1,441.6,1.0,0.7353,0.26282,705.9,448.6,1.0,0.76481,0.26214,734.2,447.5,1.0,0.73966,0.27109,710.1,462.8,1.0,0.74828,0.27009,718.3,461.0,1.0,0.71383,0.29795,685.3,508.6,1.0,0.79499,0.28916,763.2,493.6,1.0,0.67647,0.30677,649.4,523.7,0.902,0.72754,0.26833,698.4,458.0,0.336,0.6633,0.28794,636.8,491.5,0.754,0.67055,0.2448,643.7,417.9,0.92,0.64454,0.28283,618.8,482.8,0.806,0.65859,0.24057,632.2,410.6,0.943,0.64907,0.27702,623.1,472.9,0.815,0.65659,0.24104,630.3,411.5,0.942,0.65765,0.27961,631.3,477.3,0.784,0.66116,0.24343,634.7,415.5,0.939,0.69898,0.38898,671.0,664.0,1.0,0.75507,0.39636,724.9,676.6,1.0,0.62594,0.44437,600.9,758.5,0.884,0.7369,0.46429,707.4,792.5,0.815,0.58835,0.50172,564.8,856.4,0.947,0.73701,0.53643,707.5,915.7,0.932,0.59441,0.51217,570.6,874.3,0.96,0.73579,0.55069,706.4,940.0,0.943,0.55382,0.51164,531.7,873.4,0.898,0.72574,0.54434,696.7,929.2,0.861
1538,42.476,960,1707,0.74352,0.26405,713.8,450.7,1.0,0.74316,0.2592,713.4,442.4,1.0,0.74069,0.25949,711.1,442.9,1.0,0.73828,0.25968,708.7,443.3,1.0,0.7521,0.25871,722.0,441.6,1.0,0.75565,0.25873,725.4,441.6,1.0,0.75912,0.25866,728.8,441.5,1.0,0.73544,0.26258,706.0,448.2,1.0,0.76537,0.26211,734.8,447.4,1.0,0.74009,0.27093,710.5,462.5,1.0,0.74893,0.26993,719.0,460.8,1.0,0.71383,0.29794,685.3,508.6,1.0,0.79513,0.28915,763.3,493.6,1.0,0.67635,0.30672,649.3,523.6,0.903,0.72748,0.26877,698.4,458.8,0.335,0.66296,0.28804,636.4,491.7,0.755,0.67055,0.24497,643.7,418.2,0.922,0.64771,0.2849,621.8,486.3,0.807,0.65868,0.24063,632.3,410.8,0.945,0.64932,0.28133,623.4,480.2,0.816,0.65661,0.24118,630.3,411.7,0.944,0.65763,0.28401,631.3,484.8,0.785,0.66115,0.24359,634.7,415.8,0.941,0.69873,0.38942,670.8,664.7,1.0,0.75493,0.39651,724.7,676.8,1.0,0.62599,0.44431,600.9,758.4,0.878,0.73692,0.46431,707.4,792.6,0.812,0.58947,0.50068,565.9,854.7,0.944,0.73699,0.53666,707.5,916.1,0.93,0.59514,0.51161,571.3,873.3,0.959,0.73572,0.55098,706.3,940.5,0.942,0.55429,0.51132,532.1,872.8,0.893,0.72662,0.54396,697.6,928.5,0.857
1539,42.503,960,1707,0.74489,0.26374,715.1,450.2,1.0,0.74401,0.2589,714.3,441.9,1.0,0.74133,0.25917,711.7,442.4,1.0,0.73874,0.25934,709.2,442.7,1.0,0.75338,0.2585,723.2,441.3,1.0,0.75692,0.25853,726.6,441.3,1.0,0.76041,0.25847,730.0,441.2,1.0,0.73552,0.26227,706.1,447.7,1.0,0.7665,0.26191,735.8,447.1,1.0,0.74085,0.27046,711.2,461.7,1.0,0.75054,0.26948,720.5,460.0,1.0,0.71358,0.29787,685.0,508.5,1.0,0.79546,0.28887,763.6,493.1,1.0,0.67627,0.3072,649.2,524.4,0.9,0.72742,0.26903,698.3,459.2,0.335,0.66298,0.29277,636.5,499.8,0.752,0.67054,0.24514,643.7,418.4,0.923,0.64995,0.29153,624.0,497.6,0.804,0.65879,0.24076,632.4,411.0,0.945,0.64949,0.29145,623.5,497.5,0.813,0.65663,0.24135,630.4,412.0,0.944,0.66072,0.29055,634.3,496.0,0.78,0.66115,0.24375,634.7,416.1,0.942,0.69864,0.38977,670.7,665.3,1.0,0.7549,0.39663,724.7,677.1,1.0,0.62599,0.4443,600.9,758.4,0.859,0.73693,0.46429,707.5,792.5,0.803,0.58973,0.50048,566.1,854.3,0.935,0.73697,0.53664,707.5,916.1,0.924,0.59546,0.51137,571.6,872.9,0.954,0.73557,0.55098,706.1,940.5,0.937,0.55495,0.51094,532.8,872.2,0.879,0.72725,0.54366,698.2,928.0,0.845
1540,42.531,960,1707,0.74665,0.26368,716.8,450.1,1.0,0.74515,0.25884,715.3,441.8,1.0,0.74228,0.25908,712.6,442.3,1.0,0.73953,0.25924,710.0,442.5,1.0,0.75492,0.25845,724.7,441.2,1.0,0.75854,0.25848,728.2,441.2,1.0,0.76218,0.2584,731.7,441.1,1.0,0.73578,0.26213,706.4,447.4,1.0,0.7681,0.26176,737.4,446.8,1.0,0.74254,0.27024,712.8,461.3,1.0,0.75278,0.26931,722.7,459.7,1.0,0.71343,0.29786,684.9,508.4,1.0,0.79593,0.28883,764.1,493.0,1.0,0.67598,0.3073,648.9,524.6,0.893,0.72731,0.26959,698.2,460.2,0.334,0.66356,0.29464,637.0,503.0,0.734,0.67053,0.24527,643.7,418.7,0.92,0.65388,0.29365,627.7,501.3,0.787,0.65897,0.24078,632.6,411.0,0.941,0.65196,0.29238,625.9,499.1,0.795,0.65667,0.24142,630.4,412.1,0.94,0.66085,0.29329,634.4,500.6,0.757,0.66116,0.24384,634.7,416.2,0.937,0.69846,0.38998,670.5,665.7,1.0,0.75487,0.3967,724.7,677.2,1.0,0.62597,0.44434,600.9,758.5,0.836,0.73694,0.46423,707.5,792.4,0.791,0.5897,0.50055,566.1,854.4,0.922,0.73697,0.53653,707.5,915.9,0.914,0.59552,0.51141,571.7,873.0,0.945,0.7355,0.55099,706.1,940.5,0.93,0.55507,0.51074,532.9,871.8,0.856,0.72825,0.54289,699.1,926.7,0.827
1541,42.558,960,1707,0.74798,0.26367,718.1,450.1,1.0,0.74614,0.25882,716.3,441.8,1.0,0.74314,0.25906,713.4,442.2,1.0,0.74025,0.25921,710.6,442.5,1.0,0.75598,0.25845,725.7,441.2,1.0,0.75951,0.25847,729.1,441.2,1.0,0.76311,0.2584,732.6,441.1,1.0,0.73591,0.26211,706.5,447.4,1.0,0.76895,0.26176,738.2,446.8,1.0,0.74356,0.27021,713.8,461.2,1.0,0.75396,0.2693,723.8,459.7,1.0,0.71336,0.29786,684.8,508.5,1.0,0.796,0.28879,764.2,493.0,1.0,0.67568,0.30681,648.7,523.7,0.889,0.72751,0.26981,698.4,460.6,0.328,0.66211,0.29473,635.6,503.1,0.728,0.67057,0.24535,643.8,418.8,0.919,0.65396,0.29387,627.8,501.6,0.782,0.65923,0.24078,632.9,411.0,0.941,0.65089,0.29224,624.9,498.9,0.79,0.65681,0.2415,630.5,412.2,0.939,0.66084,0.29308,634.4,500.3,0.75,0.66123,0.24395,634.8,416.4,0.936,0.69833,0.39009,670.4,665.9,1.0,0.75486,0.39676,724.7,677.3,1.0,0.62596,0.44435,600.9,758.5,0.819,0.73701,0.46424,707.5,792.5,0.774,0.58966,0.50078,566.1,854.8,0.914,0.73695,0.53641,707.5,915.7,0.905,0.59528,0.51163,571.5,873.4,0.94,0.73525,0.55099,705.8,940.5,0.924,0.5551,0.51076,532.9,871.9,0.842,0.72882,0.54225,699.7,925.6,0.812
1542,42.586,960,1707,0.7482,0.26376,718.3,450.2,1.0,0.74624,0.25892,716.4,442.0,1.0,0.74328,0.25914,713.6,442.4,1.0,0.74044,0.25928,710.8,442.6,1.0,0.75596,0.25861,725.7,441.4,1.0,0.75948,0.25864,729.1,441.5,1.0,0.76306,0.25858,732.5,441.4,1.0,0.73614,0.26214,706.7,447.5,1.0,0.76917,0.26185,738.4,447.0,1.0,0.7441,0.27024,714.3,461.3,1.0,0.75426,0.26937,724.1,459.8,1.0,0.71346,0.29783,684.9,508.4,1.0,0.79642,0.28881,764.6,493.0,1.0,0.67435,0.30647,647.4,523.1,0.888,0.72848,0.26977,699.3,460.5,0.324,0.66169,0.29465,635.2,503.0,0.725,0.67086,0.2454,644.0,418.9,0.918,0.65432,0.29366,628.1,501.3,0.78,0.6596,0.24077,633.2,411.0,0.94,0.65092,0.29185,624.9,498.2,0.788,0.6571,0.24152,630.8,412.3,0.939,0.66024,0.29308,633.8,500.3,0.748,0.66149,0.24402,635.0,416.5,0.935,0.69829,0.39008,670.4,665.9,1.0,0.75483,0.39678,724.6,677.3,1.0,0.62596,0.44439,600.9,758.6,0.811,0.73703,0.46428,707.5,792.5,0.769,0.58968,0.50081,566.1,854.9,0.91,0.73688,0.53635,707.4,915.5,0.902,0.59517,0.51168,571.4,873.4,0.938,0.73511,0.55096,705.7,940.5,0.921,0.55656,0.51085,534.3,872.0,0.836,0.72926,0.54221,700.1,925.5,0.805
1543,42.614,960,1707,0.74801,0.26382,718.1,450.3,1.0,0.74617,0.259,716.3,442.1,1.0,0.74327,0.25922,713.5,442.5,1.0,0.74049,0.25936,710.9,442.7,1.0,0.75578,0.25871,725.5,441.6,1.0,0.7593,0.25877,728.9,441.7,1.0,0.76285,0.25874,732.3,441.7,1.0,0.73653,0.2622,707.1,447.6,1.0,0.769,0.26203,738.2,447.3,1.0,0.74411,0.27039,714.3,461.6,1.0,0.75401,0.26953,723.9,460.1,1.0,0.71426,0.29777,685.7,508.3,1.0,0.79643,0.28916,764.6,493.6,1.0,0.67449,0.30595,647.5,522.3,0.888,0.72959,0.26976,700.4,460.5,0.326,0.6615,0.29496,635.0,503.5,0.728,0.67093,0.24546,644.1,419.0,0.918,0.65431,0.29464,628.1,502.9,0.781,0.65962,0.24077,633.2,411.0,0.94,0.65385,0.29256,627.7,499.4,0.79,0.65724,0.24155,630.9,412.3,0.938,0.66181,0.29417,635.3,502.2,0.75,0.66177,0.24408,635.3,416.7,0.935,0.69814,0.39015,670.2,666.0,1.0,0.75473,0.3969,724.5,677.5,1.0,0.62598,0.44444,600.9,758.7,0.81,0.73704,0.4644,707.6,792.7,0.772,0.5897,0.50031,566.1,854.0,0.909,0.73687,0.53633,707.4,915.5,0.902,0.59523,0.51142,571.4,873.0,0.936,0.7351,0.55093,705.7,940.4,0.92,0.5565,0.51104,534.2,872.3,0.833,0.72933,0.54238,700.2,925.8,0.805
1544,42.641,960,1707,0.74829,0.26369,718.4,450.1,1.0,0.74655,0.25883,716.7,441.8,1.0,0.74378,0.25905,714.0,442.2,1.0,0.74111,0.25917,711.5,442.4,1.0,0.75601,0.2586,725.8,441.4,1.0,0.7595,0.25867,729.1,441.6,1.0,0.76299,0.25864,732.5,441.5,1.0,0.73723,0.26195,707.7,447.2,1.0,0.76898,0.26196,738.2,447.2,1.0,0.74467,0.2703,714.9,461.4,1.0,0.7543,0.26945,724.1,459.9,1.0,0.71558,0.29742,687.0,507.7,1.0,0.79637,0.28947,764.5,494.1,1.0,0.6752,0.30568,648.2,521.8,0.884,0.72958,0.26969,700.4,460.4,0.321,0.66125,0.29504,634.8,503.6,0.727,0.67089,0.24564,644.1,419.3,0.915,0.65421,0.29519,628.0,503.9,0.781,0.65957,0.24082,633.2,411.1,0.938,0.65483,0.29303,628.6,500.2,0.79,0.65723,0.24157,630.9,412.4,0.937,0.6623,0.29455,635.8,502.8,0.749,0.66178,0.24414,635.3,416.7,0.933,0.69789,0.39024,670.0,666.1,1.0,0.75456,0.397,724.4,677.7,1.0,0.626,0.44445,601.0,758.7,0.803,0.73705,0.4645,707.6,792.9,0.765,0.58922,0.5004,565.6,854.2,0.906,0.73681,0.53633,707.3,915.5,0.899,0.59513,0.51153,571.3,873.2,0.934,0.73498,0.55093,705.6,940.4,0.917,0.55327,0.51117,531.1,872.6,0.83,0.73003,0.54254,700.8,926.1,0.799
1545,42.669,960,1707,0.74826,0.26334,718.3,449.5,1.0,0.74661,0.25849,716.7,441.3,1.0,0.74385,0.25871,714.1,441.6,1.0,0.74122,0.25884,711.6,441.8,1.0,0.75596,0.25822,725.7,440.8,1.0,0.75942,0.25827,729.0,440.9,1.0,0.76288,0.25822,732.4,440.8,1.0,0.73736,0.26149,707.9,446.4,1.0,0.76891,0.26168,738.2,446.7,1.0,0.74475,0.26992,715.0,460.8,1.0,0.75421,0.269,724.0,459.2,1.0,0.71573,0.29736,687.1,507.6,1.0,0.79594,0.28955,764.1,494.3,1.0,0.67778,0.30706,650.7,524.1,0.876,0.72958,0.26968,700.4,460.3,0.325,0.66231,0.29747,635.8,507.8,0.717,0.6709,0.24601,644.1,419.9,0.913,0.65513,0.29718,628.9,507.3,0.772,0.65959,0.24094,633.2,411.3,0.936,0.65772,0.29512,631.4,503.8,0.78,0.65734,0.24162,631.0,412.4,0.934,0.66478,0.29595,638.2,505.2,0.737,0.66188,0.24428,635.4,417.0,0.93,0.69734,0.39026,669.4,666.2,1.0,0.75448,0.39704,724.3,677.7,1.0,0.626,0.44446,601.0,758.7,0.787,0.73712,0.4648,707.6,793.4,0.761,0.58917,0.50061,565.6,854.5,0.895,0.7368,0.53657,707.3,915.9,0.894,0.59437,0.51202,570.6,874.0,0.926,0.73494,0.55109,705.5,940.7,0.914,0.55623,0.51,534.0,870.6,0.813,0.73016,0.54236,700.9,925.8,0.789
1546,42.697,960,1707,0.74818,0.26317,718.2,449.2,1.0,0.74658,0.25822,716.7,440.8,1.0,0.74381,0.25843,714.1,441.1,1.0,0.74118,0.25857,711.5,441.4,1.0,0.75576,0.2579,725.5,440.2,1.0,0.75916,0.25792,728.8,440.3,1.0,0.7625,0.25786,732.0,440.2,1.0,0.73745,0.26115,708.0,445.8,1.0,0.76855,0.2615,737.8,446.4,1.0,0.74467,0.26974,714.9,460.4,1.0,0.75417,0.26882,724.0,458.9,1.0,0.71571,0.29697,687.1,506.9,1.0,0.79531,0.28948,763.5,494.2,1.0,0.67706,0.30626,650.0,522.8,0.876,0.72976,0.26967,700.6,460.3,0.322,0.66231,0.29576,635.8,504.9,0.719,0.67133,0.24602,644.5,420.0,0.914,0.65547,0.29697,629.3,506.9,0.774,0.65968,0.2409,633.3,411.2,0.936,0.65549,0.2942,629.3,502.2,0.782,0.65758,0.24158,631.3,412.4,0.935,0.66231,0.29588,635.8,505.1,0.739,0.66228,0.24428,635.8,417.0,0.93,0.69682,0.39023,669.0,666.1,1.0,0.75441,0.39704,724.2,677.7,1.0,0.62608,0.44447,601.0,758.7,0.785,0.73713,0.46488,707.6,793.6,0.757,0.58915,0.50074,565.6,854.8,0.894,0.73676,0.53666,707.3,916.1,0.893,0.59385,0.51263,570.1,875.1,0.925,0.73489,0.55116,705.5,940.8,0.914,0.55646,0.50945,534.2,869.6,0.811,0.73028,0.54148,701.1,924.3,0.787
1547,42.724,960,1707,0.74789,0.26325,718.0,449.4,1.0,0.74651,0.25823,716.6,440.8,1.0,0.74379,0.25844,714.0,441.2,1.0,0.74117,0.25858,711.5,441.4,1.0,0.75532,0.25792,725.1,440.3,1.0,0.75866,0.25794,728.3,440.3,1.0,0.76188,0.25787,731.4,440.2,1.0,0.73746,0.26116,708.0,445.8,1.0,0.76807,0.26155,737.3,446.5,1.0,0.74447,0.26981,714.7,460.6,1.0,0.75372,0.26891,723.6,459.0,1.0,0.71498,0.29666,686.4,506.4,1.0,0.79504,0.28959,763.2,494.3,1.0,0.6737,0.30604,646.7,522.4,0.871,0.73028,0.27012,701.1,461.1,0.318,0.66238,0.29504,635.9,503.6,0.708,0.67167,0.24607,644.8,420.0,0.911,0.65634,0.29657,630.1,506.2,0.766,0.65988,0.2409,633.5,411.2,0.935,0.65543,0.29387,629.2,501.6,0.774,0.65797,0.24158,631.7,412.4,0.933,0.6623,0.29554,635.8,504.5,0.731,0.66265,0.24428,636.1,417.0,0.929,0.69618,0.39023,668.3,666.1,1.0,0.75405,0.39714,723.9,677.9,1.0,0.62608,0.44442,601.0,758.6,0.782,0.73713,0.46489,707.6,793.6,0.754,0.58925,0.5007,565.7,854.7,0.891,0.73668,0.53664,707.2,916.0,0.891,0.59386,0.51265,570.1,875.1,0.922,0.73482,0.55115,705.4,940.8,0.913,0.5567,0.50948,534.4,869.7,0.807,0.73124,0.54101,702.0,923.5,0.783
1548,42.752,960,1707,0.74734,0.26328,717.4,449.4,1.0,0.7463,0.25825,716.4,440.8,1.0,0.74371,0.25845,714.0,441.2,1.0,0.74115,0.25859,711.5,441.4,1.0,0.75464,0.25795,724.5,440.3,1.0,0.75796,0.25796,727.6,440.3,1.0,0.76115,0.25788,730.7,440.2,1.0,0.73748,0.26117,708.0,445.8,1.0,0.76772,0.26159,737.0,446.5,1.0,0.74426,0.26983,714.5,460.6,1.0,0.75314,0.26894,723.0,459.1,1.0,0.71498,0.2962,686.4,505.6,1.0,0.79475,0.28967,763.0,494.5,1.0,0.67308,0.30607,646.2,522.5,0.869,0.73019,0.27106,701.0,462.7,0.318,0.66255,0.29546,636.0,504.4,0.708,0.67221,0.24614,645.3,420.2,0.911,0.65639,0.29629,630.1,505.8,0.766,0.6605,0.24094,634.1,411.3,0.935,0.6586,0.29388,632.3,501.6,0.775,0.65882,0.24158,632.5,412.4,0.933,0.66475,0.2953,638.2,504.1,0.732,0.66328,0.24428,636.8,417.0,0.929,0.69616,0.39013,668.3,665.9,1.0,0.75372,0.39715,723.6,677.9,1.0,0.62591,0.44441,600.9,758.6,0.781,0.73707,0.46503,707.6,793.8,0.753,0.5896,0.50054,566.0,854.4,0.89,0.73625,0.53662,706.8,916.0,0.89,0.59422,0.51259,570.5,875.0,0.921,0.73471,0.55114,705.3,940.8,0.912,0.55646,0.50959,534.2,869.9,0.806,0.73034,0.54131,701.1,924.0,0.78
1549,42.779,960,1707,0.74708,0.26328,717.2,449.4,1.0,0.7461,0.25825,716.3,440.8,1.0,0.74356,0.25845,713.8,441.2,1.0,0.74104,0.25857,711.4,441.4,1.0,0.75437,0.25795,724.2,440.3,1.0,0.75769,0.25796,727.4,440.3,1.0,0.76085,0.25788,730.4,440.2,1.0,0.73747,0.26107,708.0,445.6,1.0,0.76716,0.26158,736.5,446.5,1.0,0.74404,0.26978,714.3,460.5,1.0,0.75292,0.26891,722.8,459.0,1.0,0.71498,0.29551,686.4,504.4,1.0,0.79465,0.28968,762.9,494.5,1.0,0.67319,0.30602,646.3,522.4,0.865,0.73019,0.27213,701.0,464.5,0.319,0.66369,0.29641,637.1,506.0,0.704,0.67274,0.24623,645.8,420.3,0.908,0.65809,0.29709,631.8,507.1,0.761,0.66101,0.24097,634.6,411.3,0.933,0.66362,0.29494,637.1,503.5,0.77,0.65923,0.24158,632.9,412.4,0.931,0.66735,0.29539,640.7,504.2,0.726,0.66355,0.2443,637.0,417.0,0.926,0.69616,0.38955,668.3,665.0,1.0,0.75356,0.39702,723.4,677.7,1.0,0.62588,0.4444,600.8,758.6,0.774,0.73705,0.46506,707.6,793.9,0.747,0.58961,0.50049,566.0,854.3,0.886,0.73594,0.53642,706.5,915.7,0.885,0.59423,0.51259,570.5,875.0,0.919,0.73465,0.5509,705.3,940.4,0.909,0.55575,0.50962,533.5,869.9,0.801,0.72808,0.54242,699.0,925.9,0.772
1550,42.807,960,1707,0.74599,0.26329,716.2,449.4,1.0,0.74545,0.25826,715.6,440.8,1.0,0.74305,0.25845,713.3,441.2,1.0,0.74066,0.25857,711.0,441.4,1.0,0.75333,0.25795,723.2,440.3,1.0,0.75661,0.25796,726.3,440.3,1.0,0.75973,0.25789,729.3,440.2,1.0,0.73747,0.26103,708.0,445.6,1.0,0.7663,0.26158,735.6,446.5,1.0,0.74319,0.26974,713.5,460.5,1.0,0.75179,0.26891,721.7,459.0,1.0,0.71503,0.29431,686.4,502.4,1.0,0.79466,0.28968,762.9,494.5,1.0,0.67168,0.30553,644.8,521.5,0.863,0.73058,0.27199,701.4,464.3,0.314,0.66527,0.29636,638.7,505.9,0.7,0.67376,0.24627,646.8,420.4,0.906,0.66142,0.2969,635.0,506.8,0.758,0.66193,0.24097,635.5,411.3,0.932,0.66803,0.29471,641.3,503.1,0.768,0.66009,0.24156,633.7,412.3,0.929,0.6706,0.29536,643.8,504.2,0.724,0.66437,0.2443,637.8,417.0,0.925,0.69616,0.38945,668.3,664.8,1.0,0.75307,0.39701,722.9,677.7,1.0,0.62573,0.44441,600.7,758.6,0.777,0.73697,0.46506,707.5,793.9,0.751,0.58957,0.50044,566.0,854.3,0.888,0.7357,0.53614,706.3,915.2,0.887,0.5942,0.51252,570.4,874.9,0.92,0.73464,0.55064,705.3,939.9,0.91,0.55362,0.50992,531.5,870.4,0.803,0.72652,0.54372,697.5,928.1,0.775
1551,42.835,960,1707,0.74598,0.26322,716.1,449.3,1.0,0.74543,0.25819,715.6,440.7,1.0,0.74303,0.25836,713.3,441.0,1.0,0.74064,0.25847,711.0,441.2,1.0,0.75333,0.25793,723.2,440.3,1.0,0.75661,0.25795,726.3,440.3,1.0,0.75972,0.25789,729.3,440.2,1.0,0.73755,0.26086,708.0,445.3,1.0,0.76629,0.26156,735.6,446.5,1.0,0.74317,0.26965,713.4,460.3,1.0,0.75176,0.26885,721.7,458.9,1.0,0.71528,0.29362,686.7,501.2,1.0,0.79458,0.28969,762.8,494.5,1.0,0.67156,0.30503,644.7,520.7,0.869,0.73218,0.27146,702.9,463.4,0.316,0.66512,0.29659,638.5,506.3,0.713,0.67639,0.24624,649.3,420.3,0.907,0.66113,0.29697,634.7,506.9,0.769,0.66361,0.24092,637.1,411.3,0.933,0.66643,0.29456,639.8,502.8,0.778,0.66178,0.24148,635.3,412.2,0.931,0.66991,0.29527,643.1,504.0,0.736,0.66619,0.24424,639.5,416.9,0.927,0.69617,0.38895,668.3,663.9,1.0,0.75267,0.3964,722.6,676.7,1.0,0.62554,0.44436,600.5,758.5,0.786,0.73679,0.46496,707.3,793.7,0.757,0.58957,0.50044,566.0,854.3,0.893,0.73527,0.53593,705.9,914.8,0.89,0.59421,0.51249,570.4,874.8,0.923,0.7346,0.55062,705.2,939.9,0.912,0.55263,0.50999,530.5,870.6,0.811,0.72532,0.54401,696.3,928.6,0.78
1552,42.862,960,1707,0.74721,0.26299,717.3,448.9,1.0,0.74632,0.25797,716.5,440.4,1.0,0.74387,0.25808,714.1,440.5,1.0,0.74141,0.25814,711.8,440.7,1.0,0.75438,0.25788,724.2,440.2,1.0,0.75766,0.25794,727.4,440.3,1.0,0.76089,0.25789,730.5,440.2,1.0,0.73796,0.2605,708.4,444.7,1.0,0.76743,0.26147,736.7,446.3,1.0,0.74389,0.26928,714.1,459.7,1.0,0.75251,0.26867,722.4,458.6,1.0,0.71625,0.29243,687.6,499.2,1.0,0.7947,0.28976,762.9,494.6,1.0,0.67382,0.30449,646.9,519.8,0.876,0.7346,0.2714,705.2,463.3,0.336,0.66477,0.29666,638.2,506.4,0.729,0.67872,0.24635,651.6,420.5,0.911,0.66091,0.29719,634.5,507.3,0.781,0.6657,0.24096,639.1,411.3,0.935,0.66589,0.29446,639.2,502.6,0.79,0.66411,0.24149,637.5,412.2,0.933,0.66944,0.29517,642.7,503.9,0.748,0.66847,0.24431,641.7,417.0,0.929,0.69618,0.38828,668.3,662.8,1.0,0.75245,0.39549,722.4,675.1,1.0,0.62554,0.44431,600.5,758.4,0.799,0.73666,0.46491,707.2,793.6,0.772,0.58948,0.50041,565.9,854.2,0.898,0.73505,0.53593,705.6,914.8,0.895,0.59408,0.51244,570.3,874.7,0.926,0.73456,0.55063,705.2,939.9,0.916,0.55273,0.51045,530.6,871.3,0.819,0.72472,0.54417,695.7,928.9,0.79
1553,42.89,960,1707,0.74742,0.26254,717.5,448.2,1.0,0.74647,0.2577,716.6,439.9,1.0,0.744,0.25777,714.2,440.0,1.0,0.74152,0.25784,711.9,440.1,1.0,0.75459,0.25768,724.4,439.9,1.0,0.75789,0.25776,727.6,440.0,1.0,0.76117,0.25776,730.7,440.0,1.0,0.73798,0.25999,708.5,443.8,1.0,0.76785,0.2613,737.1,446.0,1.0,0.74389,0.26861,714.1,458.5,1.0,0.75266,0.26815,722.5,457.7,1.0,0.71661,0.29059,687.9,496.0,1.0,0.79481,0.28976,763.0,494.6,1.0,0.67357,0.30534,646.6,521.2,0.88,0.73883,0.27129,709.3,463.1,0.334,0.66463,0.29666,638.0,506.4,0.736,0.68484,0.24641,657.4,420.6,0.908,0.66081,0.29708,634.4,507.1,0.786,0.66976,0.24096,643.0,411.3,0.933,0.66512,0.29442,638.5,502.6,0.794,0.66798,0.24149,641.3,412.2,0.93,0.66915,0.29494,642.4,503.5,0.751,0.67283,0.24438,645.9,417.2,0.925,0.6957,0.38806,667.9,662.4,1.0,0.75211,0.39519,722.0,674.6,1.0,0.62549,0.44431,600.5,758.4,0.802,0.73658,0.46482,707.1,793.4,0.777,0.58948,0.50136,565.9,855.8,0.899,0.73504,0.5357,705.6,914.4,0.896,0.59392,0.51327,570.2,876.2,0.926,0.73455,0.55053,705.2,939.8,0.916,0.55493,0.51011,532.7,870.8,0.818,0.72477,0.54389,695.8,928.4,0.79
1554,42.918,960,1707,0.74746,0.26254,717.6,448.2,1.0,0.74644,0.25769,716.6,439.9,1.0,0.74398,0.25776,714.2,440.0,1.0,0.74151,0.25783,711.8,440.1,1.0,0.75459,0.25762,724.4,439.8,1.0,0.75788,0.25766,727.6,439.8,1.0,0.76115,0.25763,730.7,439.8,1.0,0.738,0.25981,708.5,443.5,1.0,0.76795,0.26117,737.2,445.8,1.0,0.74409,0.26855,714.3,458.4,1.0,0.75289,0.26806,722.8,457.6,1.0,0.71788,0.28979,689.2,494.7,1.0,0.79588,0.28997,764.0,495.0,1.0,0.67058,0.30653,643.8,523.2,0.876,0.74216,0.2721,712.5,464.5,0.318,0.66723,0.29764,640.5,508.1,0.72,0.6957,0.24663,667.9,421.0,0.885,0.66372,0.29786,637.2,508.5,0.771,0.68031,0.24105,653.1,411.5,0.916,0.66828,0.29531,641.5,504.1,0.778,0.67754,0.24162,650.4,412.4,0.913,0.67332,0.29566,646.4,504.7,0.733,0.68263,0.24471,655.3,417.7,0.908,0.69525,0.38782,667.4,662.0,1.0,0.7517,0.39481,721.6,673.9,1.0,0.62541,0.44438,600.4,758.6,0.804,0.73625,0.46447,706.8,792.8,0.78,0.58899,0.50304,565.4,858.7,0.9,0.73507,0.53546,705.7,914.0,0.897,0.59302,0.51497,569.3,879.1,0.925,0.73478,0.55037,705.4,939.5,0.917,0.55492,0.50957,532.7,869.8,0.816,0.72483,0.54364,695.8,928.0,0.791
1555,42.945,960,1707,0.74749,0.26242,717.6,447.9,1.0,0.74646,0.2576,716.6,439.7,1.0,0.74403,0.25761,714.3,439.7,1.0,0.74162,0.25764,712.0,439.8,1.0,0.75457,0.25756,724.4,439.6,1.0,0.75787,0.25758,727.6,439.7,1.0,0.76114,0.25754,730.7,439.6,1.0,0.73831,0.25932,708.8,442.7,1.0,0.76812,0.26097,737.4,445.5,1.0,0.7444,0.26815,714.6,457.7,1.0,0.75311,0.26775,723.0,457.1,1.0,0.71853,0.2895,689.8,494.2,1.0,0.79652,0.29003,764.7,495.1,1.0,0.67021,0.30807,643.4,525.9,0.877,0.7469,0.27218,717.0,464.6,0.315,0.66855,0.29808,641.8,508.8,0.715,0.70275,0.24666,674.6,421.0,0.866,0.66325,0.29795,636.7,508.6,0.763,0.68667,0.24082,659.2,411.1,0.896,0.66869,0.29538,641.9,504.2,0.769,0.68361,0.24124,656.3,411.8,0.892,0.67295,0.2957,646.0,504.8,0.72,0.68823,0.24456,660.7,417.5,0.886,0.69522,0.38712,667.4,660.8,1.0,0.75163,0.3943,721.6,673.1,1.0,0.62545,0.44443,600.4,758.6,0.803,0.73599,0.4644,706.6,792.7,0.783,0.58875,0.50302,565.2,858.7,0.897,0.7349,0.53535,705.5,913.8,0.894,0.59271,0.51507,569.0,879.2,0.92,0.73478,0.55023,705.4,939.2,0.914,0.55419,0.50939,532.0,869.5,0.807,0.72367,0.54411,694.7,928.8,0.786
1556,42.973,960,1707,0.74713,0.26225,717.2,447.7,1.0,0.74645,0.25729,716.6,439.2,1.0,0.74407,0.25722,714.3,439.1,1.0,0.74187,0.25724,712.2,439.1,1.0,0.75414,0.25731,724.0,439.2,1.0,0.75743,0.25728,727.1,439.2,1.0,0.76072,0.25719,730.3,439.0,1.0,0.74022,0.25879,710.6,441.8,1.0,0.76811,0.26038,737.4,444.5,1.0,0.74439,0.26771,714.6,457.0,1.0,0.75271,0.26747,722.6,456.6,1.0,0.72034,0.28846,691.5,492.4,1.0,0.79769,0.2902,765.8,495.4,1.0,0.67031,0.30861,643.5,526.8,0.876,0.74687,0.2893,717.0,493.8,0.295,0.67019,0.29808,643.4,508.8,0.704,0.70673,0.24891,678.5,424.9,0.826,0.66439,0.2979,637.8,508.5,0.752,0.69103,0.24229,663.4,413.6,0.866,0.66964,0.2953,642.9,504.1,0.757,0.68797,0.24207,660.5,413.2,0.861,0.67351,0.29562,646.6,504.6,0.707,0.6931,0.24589,665.4,419.7,0.855,0.69543,0.38547,667.6,658.0,1.0,0.75169,0.39308,721.6,671.0,1.0,0.62545,0.44443,600.4,758.6,0.812,0.73591,0.46437,706.5,792.7,0.79,0.58881,0.50288,565.3,858.4,0.901,0.73471,0.53522,705.3,913.6,0.898,0.59288,0.515,569.2,879.1,0.922,0.73477,0.55005,705.4,938.9,0.916,0.55428,0.50941,532.1,869.6,0.812,0.72229,0.54411,693.4,928.8,0.794
1557,43.0,960,1707,0.74569,0.26292,715.9,448.8,1.0,0.74638,0.25761,716.5,439.7,1.0,0.74408,0.25748,714.3,439.5,1.0,0.74208,0.25746,712.4,439.5,1.0,0.75303,0.25768,722.9,439.9,1.0,0.75594,0.25761,725.7,439.7,1.0,0.75882,0.25753,728.5,439.6,1.0,0.74153,0.25881,711.9,441.8,1.0,0.76739,0.26055,736.7,444.8,1.0,0.74364,0.26799,713.9,457.5,1.0,0.75024,0.26803,720.2,457.5,1.0,0.72083,0.28797,692.0,491.6,1.0,0.79931,0.29132,767.3,497.3,1.0,0.67039,0.30901,643.6,527.5,0.874,0.75343,0.29581,723.3,504.9,0.274,0.67125,0.29817,644.4,509.0,0.682,0.71683,0.2514,688.2,429.1,0.765,0.66404,0.29784,637.5,508.4,0.729,0.70218,0.24557,674.1,419.2,0.811,0.67056,0.29524,643.7,504.0,0.734,0.6986,0.24531,670.7,418.7,0.806,0.67452,0.29557,647.5,504.5,0.683,0.70178,0.2481,673.7,423.5,0.801,0.69511,0.38512,667.3,657.4,1.0,0.75186,0.39311,721.8,671.0,1.0,0.62543,0.44443,600.4,758.6,0.824,0.73556,0.46422,706.1,792.4,0.803,0.58886,0.50283,565.3,858.3,0.906,0.73481,0.5351,705.4,913.4,0.904,0.59293,0.5149,569.2,878.9,0.924,0.73498,0.5499,705.6,938.7,0.921,0.55464,0.50909,532.5,869.0,0.818,0.72294,0.54413,694.0,928.8,0.805
1558,43.028,960,1707,0.74324,0.26382,713.5,450.3,1.0,0.74531,0.25815,715.5,440.7,1.0,0.74369,0.25795,713.9,440.3,1.0,0.74202,0.25791,712.3,440.2,1.0,0.75045,0.25819,720.4,440.7,1.0,0.75287,0.25803,722.8,440.5,1.0,0.75513,0.2579,724.9,440.2,1.0,0.74241,0.25908,712.7,442.2,1.0,0.76435,0.26068,733.8,445.0,1.0,0.7423,0.26883,712.6,458.9,1.0,0.74731,0.26888,717.4,459.0,1.0,0.72246,0.28805,693.6,491.7,1.0,0.80152,0.29315,769.5,500.4,1.0,0.67041,0.30895,643.6,527.4,0.873,0.76943,0.32218,738.7,550.0,0.249,0.67734,0.29814,650.2,508.9,0.642,0.73839,0.29998,708.9,512.1,0.691,0.66899,0.2976,642.2,508.0,0.689,0.73555,0.29553,706.1,504.5,0.734,0.67981,0.29518,652.6,503.9,0.692,0.72928,0.29193,700.1,498.3,0.73,0.68291,0.29555,655.6,504.5,0.644,0.72662,0.29326,697.6,500.6,0.725,0.69523,0.38478,667.4,656.8,1.0,0.75213,0.39306,722.0,671.0,1.0,0.6257,0.44443,600.7,758.6,0.84,0.7355,0.46398,706.1,792.0,0.819,0.58889,0.50284,565.3,858.3,0.914,0.73485,0.5348,705.5,912.9,0.912,0.59318,0.51489,569.5,878.9,0.93,0.73543,0.5492,706.0,937.5,0.926,0.55076,0.50902,528.7,868.9,0.831,0.72298,0.54462,694.1,929.7,0.819
1559,43.056,960,1707,0.74392,0.26499,714.2,452.3,1.0,0.74635,0.25915,716.5,442.4,1.0,0.74511,0.25898,715.3,442.1,1.0,0.74375,0.25896,714.0,442.0,1.0,0.75085,0.25921,720.8,442.5,1.0,0.75301,0.2591,722.9,442.3,1.0,0.75534,0.25902,725.1,442.2,1.0,0.74479,0.26019,715.0,444.1,1.0,0.76485,0.26185,734.3,447.0,1.0,0.74289,0.27029,713.2,461.4,1.0,0.74738,0.27032,717.5,461.4,1.0,0.72344,0.28817,694.5,491.9,1.0,0.8027,0.29369,770.6,501.3,1.0,0.6719,0.30887,645.0,527.2,0.88,0.76885,0.30601,738.1,522.4,0.235,0.67629,0.29817,649.2,509.0,0.652,0.73291,0.27769,703.6,474.0,0.641,0.66895,0.29742,642.2,507.7,0.693,0.7222,0.27176,693.3,463.9,0.688,0.67779,0.29506,650.7,503.7,0.696,0.72314,0.27037,694.2,461.5,0.683,0.6823,0.29551,655.0,504.4,0.648,0.72134,0.27274,692.5,465.6,0.68,0.69523,0.38433,667.4,656.1,1.0,0.7522,0.39293,722.1,670.7,1.0,0.62574,0.44404,600.7,758.0,0.853,0.7353,0.46378,705.9,791.7,0.833,0.58966,0.50254,566.1,857.8,0.92,0.73483,0.53478,705.4,912.9,0.918,0.59324,0.51466,569.5,878.5,0.934,0.73542,0.54933,706.0,937.7,0.931,0.55515,0.50871,532.9,868.4,0.843,0.72303,0.54495,694.1,930.2,0.832
1560,43.083,960,1707,0.74712,0.26586,717.2,453.8,1.0,0.74998,0.25972,720.0,443.4,1.0,0.74883,0.25954,718.9,443.0,1.0,0.74752,0.25951,717.6,443.0,1.0,0.75496,0.25983,724.8,443.5,1.0,0.75739,0.25975,727.1,443.4,1.0,0.75994,0.25968,729.5,443.3,1.0,0.7477,0.26067,717.8,445.0,1.0,0.77008,0.26266,739.3,448.4,1.0,0.74577,0.27125,715.9,463.0,1.0,0.75092,0.27131,720.9,463.1,1.0,0.72446,0.28788,695.5,491.4,1.0,0.80446,0.29494,772.3,503.5,1.0,0.67747,0.3091,650.4,527.6,0.889,0.77465,0.31692,743.7,541.0,0.215,0.67235,0.2983,645.5,509.2,0.664,0.73763,0.29491,708.1,503.4,0.584,0.66424,0.29745,637.7,507.8,0.7,0.7329,0.28961,703.6,494.4,0.632,0.67045,0.29503,643.6,503.6,0.702,0.72637,0.28644,697.3,489.0,0.627,0.67734,0.29549,650.2,504.4,0.653,0.72382,0.28838,694.9,492.3,0.624,0.69501,0.38324,667.2,654.2,1.0,0.75242,0.39261,722.3,670.2,1.0,0.62578,0.44403,600.7,758.0,0.866,0.7351,0.46371,705.7,791.6,0.844,0.58938,0.5039,565.8,860.2,0.927,0.73484,0.53397,705.4,911.5,0.923,0.59303,0.51571,569.3,880.3,0.939,0.73683,0.54859,707.4,936.4,0.934,0.55086,0.50941,528.8,869.6,0.854,0.72195,0.54603,693.1,932.1,0.84
1561,43.111,960,1707,0.75037,0.26689,720.4,455.6,1.0,0.75274,0.26074,722.6,445.1,1.0,0.75173,0.2606,721.7,444.8,1.0,0.75049,0.26061,720.5,444.9,1.0,0.75763,0.26094,727.3,445.4,1.0,0.76009,0.26092,729.7,445.4,1.0,0.76269,0.26092,732.2,445.4,1.0,0.75108,0.26184,721.0,447.0,1.0,0.77283,0.26371,741.9,450.2,1.0,0.74886,0.27205,718.9,464.4,1.0,0.75424,0.27242,724.1,465.0,1.0,0.72629,0.28758,697.2,490.9,1.0,0.80699,0.29598,774.7,505.2,1.0,0.67901,0.30917,651.9,527.8,0.895,0.78281,0.32366,751.5,552.5,0.195,0.66993,0.29829,643.1,509.2,0.659,0.7518,0.30526,721.7,521.1,0.527,0.66239,0.29714,635.9,507.2,0.691,0.75051,0.30085,720.5,513.6,0.572,0.66833,0.29461,641.6,502.9,0.694,0.74196,0.29692,712.3,506.8,0.568,0.6773,0.29507,650.2,503.7,0.643,0.73811,0.29846,708.6,509.5,0.565,0.69552,0.38226,667.7,652.5,1.0,0.75292,0.392,722.8,669.1,1.0,0.62625,0.44359,601.2,757.2,0.877,0.73479,0.46291,705.4,790.2,0.853,0.58975,0.50387,566.2,860.1,0.932,0.7348,0.53163,705.4,907.5,0.926,0.59447,0.51541,570.7,879.8,0.943,0.7393,0.54633,709.7,932.6,0.937,0.5472,0.50956,525.3,869.8,0.863,0.72044,0.5485,691.6,936.3,0.845
1562,43.138,960,1707,0.75012,0.26784,720.1,457.2,1.0,0.75224,0.26207,722.2,447.4,1.0,0.75115,0.26204,721.1,447.3,1.0,0.74991,0.26211,719.9,447.4,1.0,0.75758,0.2621,727.3,447.4,1.0,0.75972,0.26208,729.3,447.4,1.0,0.76195,0.26208,731.5,447.4,1.0,0.75077,0.2633,720.7,449.5,1.0,0.77257,0.26454,741.7,451.6,1.0,0.74858,0.27299,718.6,466.0,1.0,0.75412,0.27322,724.0,466.4,1.0,0.72703,0.2876,697.9,490.9,1.0,0.8089,0.29669,776.5,506.4,1.0,0.67898,0.3097,651.8,528.7,0.895,0.7808,0.3263,749.6,557.0,0.177,0.66977,0.29828,643.0,509.2,0.631,0.74875,0.30704,718.8,524.1,0.476,0.66236,0.29713,635.9,507.2,0.662,0.74691,0.30241,717.0,516.2,0.518,0.66793,0.29461,641.2,502.9,0.664,0.73885,0.29848,709.3,509.5,0.514,0.67697,0.29508,649.9,503.7,0.613,0.7355,0.29994,706.1,512.0,0.511,0.6958,0.38191,668.0,651.9,1.0,0.75379,0.39176,723.6,668.7,1.0,0.62635,0.44354,601.3,757.1,0.887,0.73436,0.46195,705.0,788.5,0.862,0.58969,0.50378,566.1,860.0,0.937,0.73453,0.53118,705.1,906.7,0.93,0.59468,0.51539,570.9,879.8,0.946,0.7403,0.54549,710.7,931.2,0.94,0.54772,0.50871,525.8,868.4,0.868,0.71851,0.54889,689.8,937.0,0.849
1563,43.166,960,1707,0.74965,0.26934,719.7,459.8,1.0,0.75182,0.26426,721.7,451.1,1.0,0.75097,0.26422,720.9,451.0,1.0,0.74973,0.26428,719.7,451.1,1.0,0.75597,0.26431,725.7,451.2,1.0,0.75755,0.26427,727.3,451.1,1.0,0.75918,0.26425,728.8,451.1,1.0,0.75042,0.26557,720.4,453.3,1.0,0.77026,0.26633,739.4,454.6,1.0,0.74851,0.27405,718.6,467.8,1.0,0.7535,0.27434,723.4,468.3,1.0,0.72728,0.28754,698.2,490.8,1.0,0.81159,0.29754,779.1,507.9,1.0,0.67877,0.30913,651.6,527.7,0.887,0.78406,0.33076,752.7,564.6,0.16,0.66886,0.29828,642.1,509.2,0.585,0.76397,0.31967,733.4,545.7,0.429,0.66107,0.29713,634.6,507.2,0.616,0.76498,0.31751,734.4,542.0,0.467,0.66623,0.2948,639.6,503.2,0.617,0.75666,0.3141,726.4,536.2,0.463,0.67619,0.29534,649.1,504.2,0.568,0.75221,0.3146,722.1,537.0,0.461,0.69635,0.38182,668.5,651.8,1.0,0.75477,0.39158,724.6,668.4,1.0,0.62652,0.44354,601.5,757.1,0.892,0.73436,0.46185,705.0,788.4,0.866,0.59067,0.50232,567.0,857.5,0.938,0.73426,0.53104,704.9,906.5,0.931,0.59713,0.51356,573.2,876.6,0.946,0.74023,0.54431,710.6,929.1,0.94,0.54797,0.50841,526.0,867.9,0.864,0.71803,0.54874,689.3,936.7,0.846
1564,43.194,960,1707,0.75177,0.27209,721.7,464.5,1.0,0.75345,0.26701,723.3,455.8,1.0,0.75228,0.26697,722.2,455.7,1.0,0.75091,0.267,720.9,455.8,1.0,0.75795,0.26698,727.6,455.7,1.0,0.75965,0.26691,729.3,455.6,1.0,0.76147,0.26686,731.0,455.5,1.0,0.75135,0.26829,721.3,458.0,1.0,0.77252,0.26905,741.6,459.3,1.0,0.75017,0.27662,720.2,472.2,1.0,0.75547,0.27711,725.3,473.0,0.999,0.72736,0.28752,698.3,490.8,1.0,0.81378,0.29807,781.2,508.8,1.0,0.67867,0.30875,651.5,527.0,0.879,0.78466,0.32904,753.3,561.7,0.145,0.66944,0.29824,642.7,509.1,0.545,0.76301,0.31793,732.5,542.7,0.386,0.66155,0.29704,635.1,507.0,0.574,0.76391,0.31548,733.4,538.5,0.421,0.66721,0.2948,640.5,503.2,0.576,0.75632,0.31236,726.1,533.2,0.417,0.67759,0.29536,650.5,504.2,0.528,0.75175,0.31304,721.7,534.4,0.415,0.69676,0.38135,668.9,651.0,1.0,0.75624,0.39132,726.0,668.0,1.0,0.6272,0.44295,602.1,756.1,0.893,0.73452,0.46189,705.1,788.5,0.865,0.59076,0.50159,567.1,856.2,0.935,0.73423,0.53113,704.9,906.6,0.927,0.59737,0.51259,573.5,875.0,0.944,0.74047,0.54441,710.9,929.3,0.938,0.54885,0.50839,526.9,867.8,0.852,0.71677,0.54941,688.1,937.8,0.833
1565,43.221,960,1707,0.75392,0.27444,723.8,468.5,1.0,0.7554,0.26953,725.2,460.1,1.0,0.75421,0.26941,724.0,459.9,1.0,0.75284,0.26935,722.7,459.8,1.0,0.7602,0.26972,729.8,460.4,1.0,0.7622,0.26973,731.7,460.4,1.0,0.76433,0.26977,733.8,460.5,1.0,0.75317,0.27066,723.0,462.0,1.0,0.7744,0.27188,743.4,464.1,1.0,0.75221,0.2783,722.1,475.1,0.999,0.75767,0.27888,727.4,476.0,0.999,0.72756,0.28744,698.5,490.7,1.0,0.81678,0.2994,784.1,511.1,1.0,0.67765,0.30865,650.5,526.9,0.879,0.7883,0.32973,756.8,562.8,0.131,0.66949,0.29782,642.7,508.4,0.518,0.76693,0.3179,736.2,542.7,0.348,0.66211,0.29604,635.6,505.3,0.545,0.76832,0.31549,737.6,538.5,0.379,0.66877,0.29411,642.0,502.1,0.546,0.76037,0.31225,730.0,533.0,0.376,0.67894,0.29503,651.8,503.6,0.499,0.75558,0.31285,725.4,534.0,0.374,0.69687,0.38145,669.0,651.1,1.0,0.75675,0.39136,726.5,668.1,1.0,0.62721,0.44283,602.1,755.9,0.896,0.73453,0.4619,705.1,788.5,0.868,0.59091,0.50041,567.3,854.2,0.933,0.73423,0.53114,704.9,906.7,0.926,0.59747,0.51129,573.6,872.8,0.941,0.74044,0.54434,710.8,929.2,0.937,0.54906,0.50818,527.1,867.5,0.838,0.71682,0.54935,688.1,937.7,0.825
1566,43.249,960,1707,0.75555,0.27378,725.3,467.3,1.0,0.75633,0.26888,726.1,459.0,1.0,0.75515,0.26879,724.9,458.8,1.0,0.75377,0.26878,723.6,458.8,1.0,0.76112,0.26909,730.7,459.3,1.0,0.76317,0.26915,732.6,459.4,1.0,0.76524,0.26926,734.6,459.6,1.0,0.75412,0.27015,724.0,461.1,1.0,0.7753,0.27163,744.3,463.7,1.0,0.75404,0.27811,723.9,474.7,0.999,0.75935,0.27863,729.0,475.6,0.999,0.72981,0.28725,700.6,490.3,1.0,0.81735,0.30119,784.7,514.1,1.0,0.6765,0.30869,649.4,526.9,0.867,0.78799,0.33147,756.5,565.8,0.118,0.6729,0.2979,646.0,508.5,0.481,0.76462,0.31953,734.0,545.4,0.313,0.66312,0.29611,636.6,505.5,0.508,0.76511,0.31702,734.5,541.2,0.342,0.67237,0.29449,645.5,502.7,0.509,0.75725,0.31357,727.0,535.3,0.339,0.67965,0.29538,652.5,504.2,0.463,0.75297,0.31409,722.8,536.2,0.337,0.69708,0.38156,669.2,651.3,1.0,0.75713,0.39145,726.8,668.2,1.0,0.62716,0.44278,602.1,755.8,0.892,0.73506,0.46268,705.7,789.8,0.862,0.59126,0.49976,567.6,853.1,0.927,0.73431,0.53182,704.9,907.8,0.92,0.59878,0.51,574.8,870.6,0.933,0.74037,0.54474,710.8,929.9,0.931,0.5522,0.50863,530.1,868.2,0.815,0.71763,0.54836,688.9,936.1,0.806
1567,43.277,960,1707,0.75673,0.27321,726.5,466.4,1.0,0.75727,0.26821,727.0,457.8,1.0,0.75609,0.26813,725.8,457.7,1.0,0.75472,0.26814,724.5,457.7,1.0,0.76259,0.2684,732.1,458.2,1.0,0.76503,0.26847,734.4,458.3,1.0,0.76741,0.2686,736.7,458.5,1.0,0.75516,0.26955,725.0,460.1,1.0,0.77777,0.27115,746.7,462.9,1.0,0.75539,0.27778,725.2,474.2,0.999,0.76125,0.27824,730.8,475.0,0.999,0.73158,0.28717,702.3,490.2,1.0,0.81849,0.30275,785.7,516.8,1.0,0.67646,0.30901,649.4,527.5,0.866,0.79407,0.3327,762.3,567.9,0.107,0.67365,0.29791,646.7,508.5,0.455,0.77527,0.31594,744.3,539.3,0.282,0.66317,0.29618,636.6,505.6,0.481,0.7705,0.31172,739.7,532.1,0.308,0.67325,0.29467,646.3,503.0,0.482,0.76436,0.31405,733.8,536.1,0.306,0.67952,0.29555,652.3,504.5,0.437,0.75961,0.31446,729.2,536.8,0.304,0.69704,0.38165,669.2,651.5,1.0,0.75716,0.3918,726.9,668.8,1.0,0.6271,0.44278,602.0,755.8,0.894,0.73491,0.46269,705.5,789.8,0.859,0.59115,0.49983,567.5,853.2,0.925,0.73428,0.53183,704.9,907.8,0.916,0.59875,0.50983,574.8,870.3,0.931,0.74131,0.54485,711.7,930.1,0.929,0.55288,0.51002,530.8,870.6,0.805,0.71435,0.54855,685.8,936.4,0.792
1568,43.304,960,1707,0.7569,0.27369,726.6,467.2,1.0,0.7576,0.26868,727.3,458.6,1.0,0.75663,0.26856,726.4,458.4,1.0,0.75545,0.26852,725.2,458.4,1.0,0.76258,0.26894,732.1,459.1,1.0,0.765,0.26901,734.4,459.2,1.0,0.76734,0.26913,736.6,459.4,1.0,0.75661,0.27006,726.3,461.0,1.0,0.77832,0.27166,747.2,463.7,1.0,0.75628,0.27815,726.0,474.8,0.999,0.76202,0.27871,731.5,475.8,0.999,0.73342,0.28709,704.1,490.1,1.0,0.82017,0.30525,787.4,521.1,1.0,0.67656,0.30905,649.5,527.5,0.861,0.79388,0.33367,762.1,569.6,0.097,0.67809,0.29818,651.0,509.0,0.426,0.77972,0.31797,748.5,542.8,0.254,0.6695,0.2965,642.7,506.1,0.453,0.77357,0.31438,742.6,536.6,0.278,0.67766,0.29532,650.6,504.1,0.454,0.76862,0.31733,737.9,541.7,0.276,0.68581,0.29615,658.4,505.5,0.41,0.76389,0.31762,733.3,542.2,0.275,0.69783,0.38113,669.9,650.6,1.0,0.75772,0.39182,727.4,668.8,1.0,0.62709,0.44243,602.0,755.2,0.896,0.73489,0.46214,705.5,788.9,0.855,0.5909,0.4996,567.3,852.8,0.925,0.73435,0.53181,705.0,907.8,0.911,0.59872,0.50963,574.8,869.9,0.931,0.74182,0.5449,712.1,930.2,0.928,0.5514,0.5093,529.3,869.4,0.8,0.71421,0.54823,685.6,935.8,0.782
1569,43.332,960,1707,0.75726,0.2738,727.0,467.4,1.0,0.75796,0.26858,727.6,458.5,1.0,0.75705,0.26845,726.8,458.2,1.0,0.75594,0.2684,725.7,458.2,1.0,0.76276,0.26884,732.3,458.9,1.0,0.76514,0.26889,734.5,459.0,1.0,0.76742,0.26896,736.7,459.1,1.0,0.75751,0.27012,727.2,461.1,1.0,0.77843,0.27157,747.3,463.6,1.0,0.75683,0.27827,726.6,475.0,0.999,0.76266,0.27893,732.2,476.1,0.998,0.73438,0.2869,705.0,489.7,1.0,0.82239,0.30568,789.5,521.8,1.0,0.67657,0.30907,649.5,527.6,0.862,0.80685,0.33579,774.6,573.2,0.089,0.67746,0.29877,650.4,510.0,0.402,0.78639,0.32407,754.9,553.2,0.229,0.66896,0.29738,642.2,507.6,0.43,0.78262,0.3217,751.3,549.1,0.251,0.67578,0.29658,648.7,506.3,0.431,0.77682,0.31892,745.8,544.4,0.249,0.68567,0.29728,658.2,507.5,0.386,0.77745,0.32021,746.4,546.6,0.248,0.69822,0.3812,670.3,650.7,1.0,0.75829,0.39188,728.0,668.9,1.0,0.6274,0.44205,602.3,754.6,0.892,0.73484,0.46127,705.4,787.4,0.845,0.59075,0.49965,567.1,852.9,0.922,0.73469,0.53175,705.3,907.7,0.903,0.59864,0.50975,574.7,870.2,0.93,0.74175,0.54491,712.1,930.2,0.924,0.55168,0.50723,529.6,865.8,0.789,0.71624,0.54618,687.6,932.3,0.764
1570,43.359,960,1707,0.76135,0.27362,730.9,467.1,1.0,0.76208,0.26836,731.6,458.1,1.0,0.761,0.26824,730.6,457.9,1.0,0.75977,0.2682,729.4,457.8,1.0,0.76792,0.26869,737.2,458.7,1.0,0.7708,0.26882,740.0,458.9,1.0,0.7737,0.26897,742.7,459.1,1.0,0.76049,0.27,730.1,460.9,1.0,0.78426,0.2718,752.9,464.0,1.0,0.76026,0.27817,729.9,474.8,0.999,0.76674,0.27895,736.1,476.2,0.998,0.73541,0.28669,706.0,489.4,1.0,0.82398,0.30665,791.0,523.5,1.0,0.67806,0.30907,650.9,527.6,0.873,0.82423,0.34218,791.3,584.1,0.103,0.6771,0.29877,650.0,510.0,0.383,0.79021,0.33501,758.6,571.9,0.207,0.66862,0.29741,641.9,507.7,0.41,0.78389,0.33219,752.5,567.0,0.226,0.67565,0.29666,648.6,506.4,0.41,0.78105,0.32941,749.8,562.3,0.225,0.68509,0.29737,657.7,507.6,0.365,0.78372,0.33081,752.4,564.7,0.224,0.69826,0.38133,670.3,650.9,1.0,0.75833,0.39213,728.0,669.4,1.0,0.62806,0.44178,602.9,754.1,0.9,0.73468,0.46103,705.3,787.0,0.853,0.59072,0.4993,567.1,852.3,0.928,0.73572,0.53176,706.3,907.7,0.908,0.59859,0.50963,574.6,869.9,0.935,0.74181,0.54495,712.1,930.2,0.929,0.54966,0.50598,527.7,863.7,0.801,0.71888,0.54498,690.1,930.3,0.769
1571,43.387,960,1707,0.76478,0.27351,734.2,466.9,0.999,0.76465,0.26828,734.1,458.0,1.0,0.76315,0.26813,732.6,457.7,1.0,0.76159,0.26807,731.1,457.6,1.0,0.77151,0.26873,740.7,458.7,1.0,0.77464,0.26893,743.7,459.1,1.0,0.77779,0.26914,746.7,459.4,1.0,0.76156,0.26987,731.1,460.7,1.0,0.78814,0.27216,756.6,464.6,1.0,0.76283,0.27806,732.3,474.7,0.999,0.77012,0.27894,739.3,476.1,0.998,0.73632,0.28652,706.9,489.1,1.0,0.82426,0.30665,791.3,523.5,1.0,0.67834,0.30907,651.2,527.6,0.88,0.83124,0.34572,798.0,590.1,0.11,0.68214,0.29869,654.9,509.9,0.356,0.79226,0.33866,760.6,578.1,0.186,0.67481,0.29716,647.8,507.2,0.381,0.7842,0.33548,752.8,572.7,0.204,0.67672,0.29868,649.7,509.8,0.381,0.78113,0.33336,749.9,569.0,0.202,0.68432,0.29954,656.9,511.3,0.339,0.78349,0.33476,752.2,571.4,0.202,0.69822,0.38146,670.3,651.1,1.0,0.75831,0.39228,728.0,669.6,1.0,0.62876,0.44148,603.6,753.6,0.907,0.73462,0.46091,705.2,786.8,0.862,0.59071,0.49921,567.1,852.1,0.932,0.73691,0.53177,707.4,907.7,0.912,0.59854,0.50944,574.6,869.6,0.938,0.74205,0.54466,712.4,929.7,0.933,0.54973,0.50554,527.7,863.0,0.803,0.72082,0.54332,692.0,927.4,0.772
1572,43.415,960,1707,0.76969,0.2734,738.9,466.7,0.999,0.76816,0.26816,737.4,457.7,0.999,0.76598,0.26801,735.3,457.5,1.0,0.76381,0.26795,733.3,457.4,1.0,0.77629,0.26865,745.2,458.6,1.0,0.77964,0.2689,748.5,459.0,1.0,0.78312,0.26917,751.8,459.5,1.0,0.76206,0.26975,731.6,460.5,1.0,0.79291,0.27242,761.2,465.0,1.0,0.76618,0.27802,735.5,474.6,0.998,0.77469,0.27901,743.7,476.3,0.998,0.73724,0.28641,707.7,488.9,1.0,0.82577,0.30688,792.7,523.8,1.0,0.67841,0.30896,651.3,527.4,0.879,0.83551,0.34781,802.1,593.7,0.116,0.69795,0.29821,670.0,509.0,0.325,0.79417,0.3422,762.4,584.1,0.168,0.69895,0.29656,671.0,506.2,0.348,0.78511,0.34042,753.7,581.1,0.184,0.70857,0.29733,680.2,507.5,0.347,0.78188,0.3373,750.6,575.8,0.182,0.71121,0.29895,682.8,510.3,0.309,0.78524,0.33818,753.8,577.3,0.182,0.69809,0.3815,670.2,651.2,1.0,0.7583,0.39245,728.0,669.9,1.0,0.62908,0.44122,603.9,753.2,0.912,0.73417,0.46129,704.8,787.4,0.867,0.58985,0.49895,566.3,851.7,0.935,0.73717,0.53194,707.7,908.0,0.915,0.59818,0.50939,574.3,869.5,0.941,0.74201,0.54467,712.3,929.8,0.936,0.54608,0.50546,524.2,862.8,0.802,0.72107,0.54307,692.2,927.0,0.767
1573,43.442,960,1707,0.76911,0.27349,738.3,466.8,0.999,0.76819,0.26831,737.5,458.0,0.999,0.7663,0.26815,735.6,457.7,0.999,0.76434,0.2681,733.8,457.7,0.999,0.77571,0.26898,744.7,459.2,1.0,0.77897,0.26937,747.8,459.8,1.0,0.78219,0.26977,750.9,460.5,1.0,0.76335,0.27009,732.8,461.0,1.0,0.79215,0.27309,760.5,466.2,1.0,0.76634,0.27815,735.7,474.8,0.998,0.77439,0.27935,743.4,476.9,0.997,0.73838,0.28635,708.8,488.8,1.0,0.82727,0.3084,794.2,526.4,1.0,0.67974,0.30865,652.6,526.9,0.884,0.84139,0.35091,807.7,599.0,0.123,0.69282,0.29826,665.1,509.1,0.3,0.7969,0.34514,765.0,589.2,0.151,0.69041,0.29678,662.8,506.6,0.321,0.78802,0.34339,756.5,586.2,0.166,0.6994,0.29729,671.4,507.5,0.321,0.78359,0.34062,752.2,581.4,0.164,0.71019,0.29875,681.8,510.0,0.285,0.78715,0.34142,755.7,582.8,0.164,0.69813,0.38078,670.2,650.0,1.0,0.75836,0.39243,728.0,669.9,1.0,0.62942,0.44101,604.2,752.8,0.917,0.73326,0.4611,703.9,787.1,0.872,0.58877,0.49893,565.2,851.7,0.937,0.73771,0.53111,708.2,906.6,0.916,0.59825,0.50933,574.3,869.4,0.944,0.74199,0.54353,712.3,927.8,0.939,0.54134,0.50735,519.7,866.0,0.8,0.72258,0.54312,693.7,927.1,0.761
1574,43.47,960,1707,0.77051,0.27374,739.7,467.3,0.999,0.76994,0.26868,739.1,458.6,0.999,0.76808,0.26856,737.4,458.4,0.999,0.76616,0.26851,735.5,458.3,0.999,0.77727,0.26943,746.2,459.9,1.0,0.78039,0.26991,749.2,460.7,1.0,0.78343,0.27036,752.1,461.5,1.0,0.76526,0.27067,734.6,462.0,1.0,0.79268,0.27383,761.0,467.4,1.0,0.76769,0.27858,737.0,475.5,0.997,0.77564,0.27982,744.6,477.7,0.997,0.73982,0.28637,710.2,488.8,1.0,0.82898,0.30948,795.8,528.3,1.0,0.68332,0.30778,656.0,525.4,0.877,0.84575,0.35123,811.9,599.5,0.137,0.71856,0.29817,689.8,509.0,0.273,0.79937,0.34504,767.4,589.0,0.136,0.72036,0.30026,691.5,512.5,0.293,0.79026,0.34363,758.7,586.6,0.149,0.72927,0.29877,700.1,510.0,0.292,0.78663,0.34129,755.2,582.6,0.148,0.73092,0.29973,701.7,511.6,0.26,0.79026,0.34179,758.7,583.4,0.148,0.69846,0.3802,670.5,649.0,1.0,0.75853,0.3924,728.2,669.8,1.0,0.62991,0.44081,604.7,752.5,0.922,0.73298,0.46111,703.7,787.1,0.877,0.58724,0.49895,563.8,851.7,0.941,0.73776,0.53112,708.3,906.6,0.919,0.59786,0.50949,573.9,869.7,0.947,0.74181,0.54361,712.1,927.9,0.942,0.53786,0.50838,516.3,867.8,0.802,0.72359,0.54312,694.6,927.1,0.757
1575,43.497,960,1707,0.77112,0.27623,740.3,471.5,0.999,0.77162,0.27165,740.8,463.7,0.999,0.77003,0.27137,739.2,463.2,0.999,0.76833,0.2711,737.6,462.8,0.999,0.77855,0.27278,747.4,465.6,0.999,0.78158,0.27336,750.3,466.6,0.999,0.78453,0.27382,753.2,467.4,0.999,0.76825,0.27341,737.5,466.7,0.999,0.79357,0.27736,761.8,473.5,0.999,0.76857,0.28037,737.8,478.6,0.996,0.77618,0.28193,745.1,481.3,0.996,0.74201,0.28637,712.3,488.8,1.0,0.83076,0.31164,797.5,532.0,1.0,0.68458,0.30675,657.2,523.6,0.877,0.84701,0.35264,813.1,602.0,0.139,0.70994,0.29812,681.5,508.9,0.249,0.80235,0.34508,770.3,589.1,0.123,0.70942,0.29947,681.0,511.2,0.268,0.79287,0.34256,761.2,584.7,0.135,0.7175,0.29815,688.8,508.9,0.267,0.78973,0.34054,758.1,581.3,0.133,0.71801,0.30009,689.3,512.3,0.238,0.79338,0.34137,761.6,582.7,0.133,0.69852,0.3798,670.6,648.3,1.0,0.75858,0.39241,728.2,669.8,1.0,0.63001,0.44083,604.8,752.5,0.925,0.73299,0.46154,703.7,787.8,0.879,0.58708,0.49984,563.6,853.2,0.941,0.73857,0.53126,709.0,906.9,0.918,0.59648,0.51079,572.6,871.9,0.948,0.74179,0.54372,712.1,928.1,0.944,0.53887,0.50841,517.3,867.9,0.793,0.72368,0.54454,694.7,929.5,0.744
1576,43.525,960,1707,0.77323,0.27852,742.3,475.4,0.998,0.77507,0.27447,744.1,468.5,0.999,0.77367,0.2742,742.7,468.1,0.999,0.77215,0.27386,741.3,467.5,0.999,0.78171,0.27568,750.4,470.6,0.999,0.78465,0.27631,753.3,471.7,0.999,0.78764,0.27682,756.1,472.5,0.999,0.77229,0.27634,741.4,471.7,0.999,0.79598,0.28047,764.1,478.8,0.999,0.77082,0.28209,740.0,481.5,0.995,0.77813,0.28376,747.0,484.4,0.995,0.74381,0.28639,714.1,488.9,1.0,0.83176,0.31317,798.5,534.6,1.0,0.68491,0.30666,657.5,523.5,0.875,0.84716,0.35415,813.3,604.5,0.14,0.70779,0.29812,679.5,508.9,0.228,0.80592,0.34751,773.7,593.2,0.111,0.70793,0.29889,679.6,510.2,0.245,0.79742,0.34446,765.5,588.0,0.121,0.71694,0.29764,688.3,508.1,0.245,0.79472,0.34267,762.9,584.9,0.12,0.71571,0.30023,687.1,512.5,0.218,0.79858,0.34338,766.6,586.2,0.12,0.6991,0.37988,671.1,648.5,1.0,0.75859,0.39255,728.2,670.1,1.0,0.63002,0.44067,604.8,752.2,0.928,0.73308,0.46219,703.8,789.0,0.88,0.58673,0.50008,563.3,853.6,0.941,0.7387,0.53157,709.2,907.4,0.915,0.59586,0.5113,572.0,872.8,0.949,0.74129,0.54423,711.6,929.0,0.944,0.53828,0.50881,516.8,868.5,0.783,0.72361,0.54486,694.7,930.1,0.728
1577,43.553,960,1707,0.77504,0.27846,744.0,475.3,0.998,0.77731,0.27434,746.2,468.3,0.999,0.7761,0.27412,745.1,467.9,0.999,0.77474,0.27386,743.7,467.5,0.999,0.78324,0.27551,751.9,470.3,0.999,0.786,0.27619,754.6,471.5,0.999,0.78884,0.27679,757.3,472.5,0.999,0.775,0.27654,744.0,472.1,0.999,0.79722,0.28084,765.3,479.4,0.999,0.77248,0.28235,741.6,482.0,0.995,0.77962,0.28413,748.4,485.0,0.995,0.74508,0.28642,715.3,488.9,1.0,0.8327,0.31393,799.4,535.9,1.0,0.68641,0.30643,659.0,523.1,0.868,0.85008,0.35555,816.1,606.9,0.143,0.7217,0.29854,692.8,509.6,0.208,0.80517,0.34788,773.0,593.8,0.1,0.72017,0.30154,691.4,514.7,0.224,0.79541,0.34413,763.6,587.4,0.109,0.73449,0.2977,705.1,508.2,0.223,0.79244,0.34229,760.7,584.3,0.108,0.72875,0.30149,699.6,514.6,0.199,0.79583,0.34372,764.0,586.7,0.108,0.69949,0.37995,671.5,648.6,1.0,0.75866,0.39266,728.3,670.3,1.0,0.63006,0.44063,604.9,752.2,0.93,0.7328,0.46236,703.5,789.3,0.88,0.58682,0.50047,563.3,854.3,0.941,0.73867,0.53174,709.1,907.7,0.912,0.59422,0.51285,570.4,875.4,0.95,0.73971,0.54441,710.1,929.3,0.945,0.53894,0.50866,517.4,868.3,0.777,0.72367,0.54485,694.7,930.1,0.713
1578,43.58,960,1707,0.77513,0.27858,744.1,475.5,0.998,0.77779,0.27455,746.7,468.7,0.998,0.77669,0.27437,745.6,468.4,0.999,0.77542,0.27412,744.4,467.9,0.999,0.78372,0.27567,752.4,470.6,0.999,0.78653,0.27636,755.1,471.7,0.999,0.78936,0.27694,757.8,472.7,0.999,0.77584,0.27701,744.8,472.9,0.999,0.79772,0.2811,765.8,479.8,0.999,0.77282,0.2826,741.9,482.4,0.994,0.77978,0.28438,748.6,485.4,0.994,0.74678,0.28663,716.9,489.3,1.0,0.83366,0.31457,800.3,537.0,1.0,0.68735,0.30645,659.9,523.1,0.864,0.85222,0.35616,818.1,608.0,0.153,0.71917,0.30038,690.4,512.7,0.19,0.80775,0.34901,775.4,595.8,0.09,0.7184,0.30505,689.7,520.7,0.204,0.79947,0.34566,767.5,590.0,0.099,0.72848,0.30236,699.3,516.1,0.204,0.79694,0.34396,765.1,587.1,0.098,0.72796,0.30357,698.8,518.2,0.181,0.80019,0.34491,768.2,588.8,0.097,0.69986,0.37982,671.9,648.3,1.0,0.75869,0.39273,728.3,670.4,1.0,0.63029,0.44065,605.1,752.2,0.932,0.73283,0.46252,703.5,789.5,0.877,0.58685,0.50047,563.4,854.3,0.941,0.73853,0.53225,709.0,908.5,0.907,0.59408,0.51279,570.3,875.3,0.951,0.73839,0.5451,708.9,930.5,0.945,0.53872,0.50894,517.2,868.8,0.769,0.72365,0.54628,694.7,932.5,0.695
1579,43.608,960,1707,0.77545,0.28004,744.4,478.0,0.998,0.7786,0.27637,747.5,471.8,0.998,0.77769,0.27609,746.6,471.3,0.998,0.77667,0.27569,745.6,470.6,0.998,0.78438,0.27769,753.0,474.0,0.999,0.78723,0.27839,755.7,475.2,0.999,0.79013,0.27893,758.5,476.1,0.999,0.77776,0.27846,746.6,475.3,0.999,0.79861,0.28263,766.7,482.4,0.999,0.77367,0.28379,742.7,484.4,0.993,0.78037,0.2856,749.2,487.5,0.993,0.74938,0.28682,719.4,489.6,1.0,0.83478,0.31659,801.4,540.4,1.0,0.69005,0.30634,662.4,522.9,0.854,0.85337,0.35848,819.2,611.9,0.153,0.71964,0.3021,690.9,515.7,0.173,0.8066,0.35173,774.3,600.4,0.081,0.71697,0.30668,688.3,523.5,0.186,0.79803,0.34999,766.1,597.4,0.089,0.72535,0.30536,696.3,521.2,0.185,0.79593,0.34684,764.1,592.1,0.088,0.72617,0.30577,697.1,521.9,0.165,0.79908,0.34784,767.1,593.8,0.088,0.7006,0.37983,672.6,648.4,1.0,0.75888,0.39282,728.5,670.5,1.0,0.63079,0.44046,605.6,751.9,0.932,0.73298,0.46289,703.7,790.2,0.876,0.58733,0.50045,563.8,854.3,0.939,0.73851,0.53343,709.0,910.6,0.903,0.59358,0.5127,569.8,875.2,0.95,0.73756,0.54683,708.1,933.4,0.945,0.54022,0.50839,518.6,867.8,0.757,0.72398,0.5459,695.0,931.8,0.68
1580,43.636,960,1707,0.77737,0.28275,746.3,482.7,0.998,0.78042,0.27881,749.2,475.9,0.998,0.77948,0.27848,748.3,475.4,0.998,0.77845,0.27802,747.3,474.6,0.998,0.78618,0.28004,754.7,478.0,0.999,0.78901,0.28063,757.4,479.0,0.999,0.79195,0.28112,760.3,479.9,0.999,0.77895,0.28022,747.8,478.3,0.999,0.80023,0.28458,768.2,485.8,0.999,0.77543,0.28602,744.4,488.2,0.992,0.78198,0.28777,750.7,491.2,0.992,0.7498,0.28728,719.8,490.4,1.0,0.83571,0.31859,802.3,543.8,1.0,0.6894,0.3069,661.8,523.9,0.834,0.85608,0.36058,821.8,615.5,0.153,0.7277,0.30409,698.6,519.1,0.156,0.80502,0.35318,772.8,602.9,0.073,0.72618,0.30868,697.1,526.9,0.169,0.79629,0.35167,764.4,600.3,0.08,0.73457,0.3086,705.2,526.8,0.168,0.79393,0.34844,762.2,594.8,0.079,0.73462,0.30857,705.2,526.7,0.15,0.7972,0.34942,765.3,596.5,0.079,0.70166,0.37978,673.6,648.3,1.0,0.75896,0.39288,728.6,670.6,1.0,0.63146,0.44043,606.2,751.8,0.929,0.73298,0.46285,703.7,790.1,0.872,0.59037,0.50048,566.8,854.3,0.932,0.7385,0.53341,709.0,910.5,0.894,0.59346,0.5128,569.7,875.4,0.946,0.73701,0.54708,707.5,933.9,0.943,0.54047,0.50833,518.9,867.7,0.732,0.72394,0.54583,695.0,931.7,0.656
1581,43.663,960,1707,0.77975,0.28366,748.6,484.2,0.997,0.78376,0.27998,752.4,477.9,0.998,0.78294,0.27955,751.6,477.2,0.998,0.78206,0.27897,750.8,476.2,0.998,0.78924,0.28129,757.7,480.2,0.999,0.79202,0.28187,760.3,481.2,0.999,0.79494,0.28234,763.1,481.9,0.999,0.78273,0.28104,751.4,479.7,0.999,0.80265,0.28564,770.5,487.6,0.999,0.7776,0.28654,746.5,489.1,0.991,0.78384,0.2884,752.5,492.3,0.991,0.7522,0.28743,722.1,490.6,1.0,0.83677,0.31823,803.3,543.2,1.0,0.68908,0.30691,661.5,523.9,0.828,0.85902,0.36001,824.7,614.5,0.16,0.72576,0.30557,696.7,521.6,0.143,0.81193,0.35397,779.5,604.2,0.066,0.7248,0.31137,695.8,531.5,0.154,0.80064,0.35371,768.6,603.8,0.073,0.73322,0.31189,703.9,532.4,0.154,0.79938,0.35044,767.4,598.2,0.072,0.73353,0.31165,704.2,532.0,0.137,0.80252,0.35086,770.4,598.9,0.072,0.7046,0.37886,676.4,646.7,1.0,0.76013,0.39276,729.7,670.4,1.0,0.63145,0.44055,606.2,752.0,0.932,0.733,0.46283,703.7,790.1,0.875,0.59209,0.50037,568.4,854.1,0.931,0.73832,0.53411,708.8,911.7,0.893,0.59433,0.51262,570.6,875.0,0.946,0.73777,0.5485,708.3,936.3,0.944,0.54015,0.50834,518.5,867.7,0.723,0.72263,0.54664,693.7,933.1,0.648
1582,43.691,960,1707,0.78713,0.28492,755.6,486.4,0.997,0.78975,0.28145,758.2,480.4,0.998,0.78865,0.28091,757.1,479.5,0.998,0.78758,0.28028,756.1,478.4,0.998,0.79524,0.28293,763.4,483.0,0.999,0.79786,0.28349,765.9,483.9,0.999,0.80069,0.28397,768.7,484.7,0.999,0.78692,0.28208,755.4,481.5,0.999,0.80679,0.28688,774.5,489.7,0.999,0.78352,0.28727,752.2,490.4,0.99,0.78994,0.28934,758.3,493.9,0.991,0.75419,0.28776,724.0,491.2,1.0,0.83759,0.31886,804.1,544.3,1.0,0.68952,0.30687,661.9,523.8,0.821,0.85787,0.36177,823.6,617.5,0.172,0.7328,0.30497,703.5,520.6,0.131,0.81572,0.35509,783.1,606.1,0.06,0.73258,0.31009,703.3,529.3,0.141,0.80438,0.35436,772.2,604.9,0.066,0.74932,0.31051,719.3,530.0,0.141,0.80358,0.35099,771.4,599.1,0.065,0.74646,0.31057,716.6,530.1,0.126,0.80692,0.35182,774.6,600.6,0.065,0.70707,0.37888,678.8,646.7,1.0,0.76088,0.39273,730.4,670.4,1.0,0.63144,0.44115,606.2,753.0,0.934,0.7332,0.46285,703.9,790.1,0.876,0.59207,0.50036,568.4,854.1,0.928,0.7373,0.53445,707.8,912.3,0.889,0.59429,0.51271,570.5,875.2,0.946,0.73803,0.54929,708.5,937.6,0.945,0.54011,0.50837,518.5,867.8,0.714,0.71795,0.54659,689.2,933.0,0.639
1583,43.718,960,1707,0.78821,0.28548,756.7,487.3,0.997,0.79112,0.28197,759.5,481.3,0.998,0.78992,0.28146,758.3,480.5,0.998,0.7887,0.28084,757.1,479.4,0.998,0.79674,0.28346,764.9,483.9,0.999,0.79936,0.28405,767.4,484.9,0.999,0.80214,0.28458,770.1,485.8,0.999,0.78815,0.2826,756.6,482.4,0.999,0.80816,0.28738,775.8,490.6,0.999,0.78444,0.28774,753.1,491.2,0.99,0.79101,0.29007,759.4,495.1,0.991,0.75666,0.28781,726.4,491.3,1.0,0.83887,0.31982,805.3,545.9,1.0,0.69026,0.30687,662.7,523.8,0.818,0.85561,0.36351,821.4,620.5,0.18,0.73266,0.30493,703.4,520.5,0.121,0.81789,0.35367,785.2,603.7,0.055,0.73348,0.30918,704.1,527.8,0.131,0.80842,0.35181,776.1,600.5,0.06,0.74915,0.30742,719.2,524.8,0.131,0.80688,0.34898,774.6,595.7,0.059,0.7436,0.30923,713.9,527.9,0.117,0.80912,0.35021,776.8,597.8,0.059,0.70769,0.37892,679.4,646.8,1.0,0.76117,0.39275,730.7,670.4,1.0,0.63148,0.4411,606.2,753.0,0.935,0.73316,0.46274,703.8,789.9,0.878,0.59303,0.50068,569.3,854.7,0.928,0.73717,0.53506,707.7,913.4,0.887,0.59428,0.51354,570.5,876.6,0.947,0.73851,0.55033,709.0,939.4,0.946,0.5423,0.50756,520.6,866.4,0.709,0.71657,0.54655,687.9,933.0,0.632
1584,43.746,960,1707,0.78911,0.28798,757.5,491.6,0.997,0.7919,0.2841,760.2,485.0,0.998,0.79078,0.28347,759.1,483.9,0.998,0.78964,0.28278,758.1,482.7,0.998,0.79754,0.28578,765.6,487.8,0.999,0.8002,0.28635,768.2,488.8,0.999,0.80293,0.28684,770.8,489.6,0.999,0.78921,0.28411,757.6,485.0,0.999,0.80938,0.28945,777.0,494.1,0.999,0.78588,0.28957,754.4,494.3,0.99,0.79233,0.29211,760.6,498.6,0.991,0.75998,0.28804,729.6,491.7,1.0,0.84053,0.32211,806.9,549.8,1.0,0.69189,0.30661,664.2,523.4,0.822,0.86058,0.36535,826.2,623.6,0.208,0.72917,0.30509,700.0,520.8,0.117,0.81787,0.36217,785.2,618.2,0.052,0.72902,0.30906,699.9,527.6,0.126,0.80689,0.36488,774.6,622.8,0.056,0.74305,0.30928,713.3,527.9,0.126,0.80564,0.36079,773.4,615.9,0.056,0.73899,0.31002,709.4,529.2,0.113,0.80824,0.35952,775.9,613.7,0.055,0.70836,0.37901,680.0,647.0,1.0,0.76174,0.3932,731.3,671.2,1.0,0.63155,0.4411,606.3,753.0,0.94,0.73316,0.46313,703.8,790.6,0.886,0.5933,0.50112,569.6,855.4,0.931,0.73712,0.53505,707.6,913.3,0.892,0.59441,0.51471,570.6,878.6,0.95,0.73991,0.55009,710.3,939.0,0.95,0.5423,0.50757,520.6,866.4,0.722,0.7149,0.54889,686.3,936.9,0.645
1585,43.774,960,1707,0.79061,0.29007,759.0,495.2,0.997,0.79341,0.28576,761.7,487.8,0.998,0.79233,0.28509,760.6,486.6,0.998,0.79127,0.2844,759.6,485.5,0.998,0.79878,0.28745,766.8,490.7,0.999,0.80132,0.28794,769.3,491.5,0.999,0.80399,0.28835,771.8,492.2,0.999,0.79082,0.28565,759.2,487.6,0.999,0.81068,0.29095,778.2,496.6,0.999,0.78772,0.29137,756.2,497.4,0.99,0.79401,0.29403,762.2,501.9,0.991,0.76223,0.28838,731.7,492.3,1.0,0.84153,0.32368,807.9,552.5,1.0,0.69631,0.30646,668.5,523.1,0.813,0.8629,0.36718,828.4,626.8,0.265,0.7324,0.31048,703.1,530.0,0.112,0.82183,0.37105,789.0,633.4,0.062,0.73314,0.31451,703.8,536.9,0.121,0.81371,0.37392,781.2,638.3,0.063,0.74537,0.31731,715.6,541.7,0.121,0.8112,0.36993,778.8,631.5,0.061,0.74382,0.31696,714.1,541.1,0.108,0.81234,0.36793,779.8,628.1,0.059,0.70832,0.37907,680.0,647.1,1.0,0.76189,0.39416,731.4,672.8,1.0,0.63167,0.44146,606.4,753.6,0.944,0.73325,0.46338,703.9,791.0,0.894,0.59383,0.50114,570.1,855.4,0.934,0.73671,0.53504,707.2,913.3,0.896,0.59559,0.51464,571.8,878.5,0.953,0.73989,0.55045,710.3,939.6,0.952,0.54274,0.50897,521.0,868.8,0.731,0.71407,0.54864,685.5,936.5,0.654
1586,43.801,960,1707,0.79605,0.29118,764.2,497.0,0.997,0.79824,0.28637,766.3,488.8,0.998,0.79665,0.28569,764.8,487.7,0.998,0.79511,0.285,763.3,486.5,0.998,0.80458,0.28805,772.4,491.7,0.999,0.80728,0.28857,775.0,492.6,0.999,0.81011,0.289,777.7,493.3,0.999,0.79314,0.28605,761.4,488.3,0.998,0.81522,0.29166,782.6,497.9,0.999,0.7916,0.29248,759.9,499.3,0.99,0.79881,0.2954,766.9,504.2,0.991,0.76179,0.28877,731.3,492.9,1.0,0.84363,0.32365,809.9,552.5,1.0,0.69827,0.30681,670.3,523.7,0.768,0.86897,0.36532,834.2,623.6,0.268,0.73441,0.31653,705.0,540.3,0.104,0.8331,0.37391,799.8,638.3,0.103,0.73469,0.3222,705.3,550.0,0.113,0.82876,0.3782,795.6,645.6,0.105,0.74656,0.32557,716.7,555.8,0.113,0.82366,0.37365,790.7,637.8,0.101,0.74678,0.32569,716.9,556.0,0.102,0.82301,0.37115,790.1,633.6,0.09,0.70783,0.37913,679.5,647.2,1.0,0.76192,0.3944,731.4,673.2,1.0,0.6319,0.44203,606.6,754.5,0.946,0.73326,0.46341,703.9,791.0,0.899,0.59385,0.50155,570.1,856.1,0.93,0.73549,0.53501,706.1,913.3,0.895,0.59585,0.51537,572.0,879.7,0.951,0.74024,0.55036,710.6,939.5,0.952,0.5445,0.50863,522.7,868.2,0.718,0.70607,0.54902,677.8,937.2,0.649
1587,43.829,960,1707,0.79748,0.29127,765.6,497.2,0.997,0.79967,0.28662,767.7,489.3,0.998,0.79814,0.28597,766.2,488.1,0.998,0.79665,0.28527,764.8,487.0,0.998,0.80583,0.28808,773.6,491.7,0.999,0.8085,0.2885,776.2,492.5,0.999,0.81138,0.28883,778.9,493.0,0.999,0.79445,0.2862,762.7,488.5,0.999,0.81658,0.29154,783.9,497.7,0.999,0.79317,0.2926,761.4,499.5,0.99,0.79996,0.29529,768.0,504.1,0.992,0.76237,0.28903,731.9,493.4,1.0,0.84482,0.3241,811.0,553.2,1.0,0.69878,0.30705,670.8,524.1,0.735,0.86996,0.36436,835.2,622.0,0.284,0.73532,0.31488,705.9,537.5,0.099,0.83564,0.37774,802.2,644.8,0.159,0.73483,0.32012,705.4,546.4,0.108,0.83445,0.38419,801.1,655.8,0.161,0.74715,0.32313,717.3,551.6,0.109,0.82745,0.37928,794.4,647.4,0.157,0.74764,0.3236,717.7,552.4,0.098,0.82559,0.37565,792.6,641.2,0.136,0.70751,0.37926,679.2,647.4,1.0,0.76196,0.39461,731.5,673.6,1.0,0.63218,0.44211,606.9,754.7,0.948,0.73326,0.46361,703.9,791.4,0.906,0.59386,0.50154,570.1,856.1,0.928,0.73541,0.53533,706.0,913.8,0.897,0.59589,0.51525,572.1,879.5,0.95,0.74047,0.55048,710.9,939.7,0.953,0.54654,0.50838,524.7,867.8,0.71,0.70582,0.5498,677.6,938.5,0.649
1588,43.856,960,1707,0.79666,0.2925,764.8,499.3,0.997,0.79879,0.28791,766.8,491.5,0.998,0.79734,0.28718,765.4,490.2,0.998,0.79593,0.28641,764.1,488.9,0.998,0.80484,0.28941,772.6,494.0,0.999,0.80752,0.28977,775.2,494.6,0.999,0.81047,0.29003,778.0,495.1,0.999,0.79386,0.28708,762.1,490.0,0.999,0.81619,0.29254,783.5,499.4,0.999,0.79283,0.29354,761.1,501.1,0.991,0.79961,0.29634,767.6,505.9,0.992,0.76215,0.28944,731.7,494.1,1.0,0.84648,0.32547,812.6,555.6,1.0,0.6984,0.30722,670.5,524.4,0.698,0.87074,0.36517,835.9,623.3,0.299,0.73778,0.31465,708.3,537.1,0.093,0.8365,0.37902,803.0,647.0,0.21,0.73722,0.3207,707.7,547.4,0.102,0.83646,0.38694,803.0,660.5,0.211,0.74979,0.32378,719.8,552.7,0.103,0.82836,0.38035,795.2,649.3,0.205,0.75037,0.3243,720.4,553.6,0.093,0.8263,0.37715,793.3,643.8,0.176,0.70737,0.38056,679.1,649.6,1.0,0.7619,0.39586,731.4,675.7,1.0,0.63205,0.4421,606.8,754.7,0.948,0.73342,0.46399,704.1,792.0,0.909,0.59357,0.50178,569.8,856.5,0.922,0.73478,0.5353,705.4,913.8,0.894,0.59563,0.51576,571.8,880.4,0.948,0.73998,0.55048,710.4,939.7,0.953,0.54892,0.50703,527.0,865.5,0.695,0.7071,0.54998,678.8,938.8,0.641
1589,43.884,960,1707,0.79815,0.29238,766.2,499.1,0.998,0.80061,0.28796,768.6,491.5,0.998,0.79925,0.28724,767.3,490.3,0.998,0.79792,0.28649,766.0,489.0,0.998,0.80646,0.28946,774.2,494.1,0.999,0.80908,0.28986,776.7,494.8,0.999,0.81193,0.2902,779.5,495.4,0.999,0.79587,0.28725,764.0,490.3,0.999,0.81746,0.29266,784.8,499.6,0.999,0.79432,0.29348,762.5,501.0,0.991,0.801,0.2962,769.0,505.6,0.993,0.76483,0.28971,734.2,494.5,1.0,0.84747,0.32599,813.6,556.5,1.0,0.69933,0.30727,671.4,524.5,0.667,0.87162,0.36711,836.8,626.6,0.342,0.74594,0.314,716.1,536.0,0.091,0.83917,0.39504,805.6,674.3,0.283,0.74386,0.3191,714.1,544.7,0.1,0.84053,0.40666,806.9,694.2,0.282,0.75739,0.32174,727.1,549.2,0.101,0.83203,0.40245,798.7,687.0,0.276,0.75998,0.32351,729.6,552.2,0.092,0.82904,0.39633,795.9,676.5,0.245,0.70857,0.38066,680.2,649.8,1.0,0.7625,0.39626,732.0,676.4,1.0,0.63203,0.44233,606.8,755.1,0.949,0.73407,0.46433,704.7,792.6,0.913,0.59353,0.50199,569.8,856.9,0.918,0.73461,0.53523,705.2,913.6,0.892,0.5962,0.51576,572.4,880.4,0.947,0.73993,0.5496,710.3,938.2,0.953,0.54873,0.50786,526.8,866.9,0.685,0.70798,0.55015,679.7,939.1,0.634
1590,43.912,960,1707,0.80006,0.29307,768.1,500.3,0.998,0.80208,0.28879,770.0,493.0,0.998,0.80069,0.288,768.7,491.6,0.998,0.7993,0.28722,767.3,490.3,0.998,0.80786,0.29052,775.5,495.9,0.999,0.81041,0.29101,778.0,496.7,0.999,0.81317,0.29142,780.6,497.5,0.999,0.79696,0.28794,765.1,491.5,0.999,0.81843,0.29364,785.7,501.2,0.999,0.79624,0.294,764.4,501.9,0.992,0.80297,0.29683,770.9,506.7,0.993,0.76734,0.29056,736.7,496.0,1.0,0.84806,0.32646,814.1,557.3,1.0,0.70122,0.30756,673.2,525.0,0.644,0.87277,0.36837,837.9,628.8,0.381,0.74996,0.3133,720.0,534.8,0.09,0.83976,0.402,806.2,686.2,0.346,0.74727,0.31828,717.4,543.3,0.1,0.84145,0.41471,807.8,707.9,0.342,0.76072,0.32037,730.3,546.9,0.101,0.83328,0.41127,800.0,702.0,0.336,0.76469,0.32144,734.1,548.7,0.092,0.83025,0.40457,797.0,690.6,0.301,0.70959,0.38097,681.2,650.3,1.0,0.76334,0.39686,732.8,677.4,1.0,0.63246,0.44233,607.2,755.1,0.951,0.73502,0.46472,705.6,793.3,0.917,0.5935,0.50198,569.8,856.9,0.918,0.73437,0.53521,705.0,913.6,0.893,0.5962,0.51569,572.4,880.3,0.949,0.7398,0.5494,710.2,937.8,0.955,0.54852,0.50787,526.6,866.9,0.684,0.70826,0.55003,679.9,938.9,0.634
1591,43.939,960,1707,0.80025,0.2946,768.2,502.9,0.998,0.80192,0.29052,769.8,495.9,0.998,0.8004,0.2897,768.4,494.5,0.998,0.79891,0.28889,766.9,493.1,0.998,0.80799,0.29234,775.7,499.0,0.999,0.81061,0.29284,778.2,499.9,0.999,0.81341,0.29323,780.9,500.5,0.999,0.79676,0.28939,764.9,494.0,0.999,0.81886,0.29511,786.1,503.8,0.999,0.79659,0.29523,764.7,504.0,0.992,0.80369,0.2983,771.5,509.2,0.994,0.76837,0.29108,737.6,496.9,1.0,0.85054,0.32921,816.5,562.0,1.0,0.70201,0.30769,673.9,525.2,0.634,0.87386,0.37218,838.9,635.3,0.428,0.74611,0.3134,716.3,535.0,0.099,0.84248,0.41058,808.8,700.9,0.408,0.74819,0.31649,718.3,540.3,0.109,0.84356,0.42239,809.8,721.0,0.403,0.76187,0.32031,731.4,546.8,0.11,0.83476,0.4198,801.4,716.6,0.397,0.76561,0.31818,735.0,543.1,0.1,0.83214,0.41408,798.9,706.8,0.362,0.71052,0.38218,682.1,652.4,1.0,0.76429,0.39836,733.7,680.0,1.0,0.63177,0.44268,606.5,755.6,0.953,0.7353,0.46485,705.9,793.5,0.922,0.5934,0.50224,569.7,857.3,0.919,0.73413,0.53552,704.8,914.1,0.895,0.59598,0.51615,572.1,881.1,0.95,0.7395,0.54958,709.9,938.1,0.957,0.54842,0.50638,526.5,864.4,0.685,0.70845,0.54995,680.1,938.8,0.64
1592,43.967,960,1707,0.80067,0.29593,768.6,505.2,0.998,0.80195,0.2918,769.9,498.1,0.998,0.80036,0.291,768.3,496.7,0.998,0.79882,0.2902,766.9,495.4,0.998,0.80836,0.29363,776.0,501.2,0.999,0.81118,0.29412,778.7,502.1,0.999,0.8142,0.29451,781.6,502.7,0.999,0.79681,0.29059,764.9,496.0,0.999,0.81958,0.29626,786.8,505.7,0.999,0.79722,0.29658,765.3,506.3,0.993,0.80461,0.29953,772.4,511.3,0.994,0.76802,0.29224,737.3,498.9,1.0,0.85126,0.32896,817.2,561.5,1.0,0.70201,0.30829,673.9,526.2,0.628,0.87442,0.37193,839.4,634.9,0.474,0.74408,0.31307,714.3,534.4,0.11,0.84602,0.41233,812.2,703.8,0.465,0.74969,0.31326,719.7,534.7,0.12,0.84583,0.4246,812.0,724.8,0.458,0.76915,0.31292,738.4,534.2,0.122,0.83764,0.42294,804.1,722.0,0.453,0.76753,0.3141,736.8,536.2,0.109,0.83567,0.41675,802.2,711.4,0.417,0.71293,0.38222,684.4,652.4,1.0,0.76641,0.39833,735.8,679.9,1.0,0.63173,0.44269,606.5,755.7,0.956,0.73581,0.4651,706.4,793.9,0.926,0.59276,0.50334,569.1,859.2,0.921,0.73392,0.53585,704.6,914.7,0.897,0.59426,0.51793,570.5,884.1,0.952,0.73906,0.54994,709.5,938.7,0.959,0.54651,0.5064,524.6,864.4,0.69,0.70782,0.5498,679.5,938.5,0.646
1593,43.995,960,1707,0.80153,0.29657,769.5,506.3,0.998,0.80266,0.2925,770.6,499.3,0.999,0.80104,0.29169,769.0,497.9,0.998,0.79949,0.29086,767.5,496.5,0.998,0.80929,0.29435,776.9,502.5,0.999,0.81219,0.29485,779.7,503.3,0.999,0.81528,0.29523,782.7,504.0,1.0,0.79753,0.29126,765.6,497.2,0.999,0.82052,0.29687,787.7,506.8,0.999,0.7982,0.2972,766.3,507.3,0.993,0.80585,0.30017,773.6,512.4,0.995,0.76996,0.29283,739.2,499.9,1.0,0.8527,0.32981,818.6,563.0,1.0,0.70281,0.30865,674.7,526.9,0.606,0.87555,0.37195,840.5,634.9,0.509,0.75702,0.31096,726.7,530.8,0.112,0.84807,0.41327,814.2,705.4,0.515,0.75448,0.31207,724.3,532.7,0.123,0.84698,0.42603,813.1,727.2,0.507,0.77502,0.31118,744.0,531.2,0.125,0.8393,0.42455,805.7,724.7,0.502,0.77321,0.31301,742.3,534.3,0.111,0.83773,0.41806,804.2,713.6,0.465,0.71557,0.38237,686.9,652.7,1.0,0.76838,0.39852,737.6,680.3,1.0,0.63201,0.4427,606.7,755.7,0.957,0.73657,0.4654,707.1,794.4,0.929,0.59242,0.50399,568.7,860.3,0.919,0.7338,0.53673,704.5,916.2,0.897,0.593,0.51888,569.3,885.7,0.952,0.73903,0.55029,709.5,939.3,0.96,0.5449,0.50613,523.1,864.0,0.687,0.7054,0.54976,677.2,938.4,0.648
1594,44.022,960,1707,0.80264,0.29731,770.5,507.5,0.998,0.80355,0.29311,771.4,500.3,0.999,0.80191,0.29226,769.8,498.9,0.998,0.80037,0.29141,768.4,497.4,0.998,0.81009,0.29512,777.7,503.8,0.999,0.81291,0.29565,780.4,504.7,0.999,0.81596,0.29603,783.3,505.3,1.0,0.7984,0.29176,766.5,498.0,0.999,0.82117,0.29734,788.3,507.6,0.999,0.79926,0.29788,767.3,508.5,0.994,0.80695,0.3011,774.7,514.0,0.995,0.77121,0.29315,740.4,500.4,1.0,0.85418,0.33062,820.0,564.4,1.0,0.70257,0.3087,674.5,526.9,0.591,0.87698,0.37321,841.9,637.1,0.544,0.75281,0.31234,722.7,533.2,0.114,0.84977,0.41558,815.8,709.4,0.561,0.75383,0.3121,723.7,532.8,0.126,0.84805,0.42744,814.1,729.6,0.553,0.77005,0.31217,739.3,532.9,0.128,0.83979,0.42522,806.2,725.9,0.547,0.77248,0.31263,741.6,533.7,0.113,0.83849,0.41916,804.9,715.5,0.511,0.71855,0.38311,689.8,654.0,1.0,0.77024,0.39897,739.4,681.0,1.0,0.63207,0.44277,606.8,755.8,0.959,0.7372,0.4659,707.7,795.3,0.932,0.59225,0.50458,568.6,861.3,0.922,0.73333,0.53727,704.0,917.1,0.899,0.59262,0.51984,568.9,887.4,0.954,0.73874,0.55087,709.2,940.3,0.962,0.54407,0.50606,522.3,863.8,0.694,0.7029,0.5496,674.8,938.2,0.654
1595,44.05,960,1707,0.80375,0.29841,771.6,509.4,0.998,0.80425,0.29406,772.1,502.0,0.999,0.80274,0.29324,770.6,500.6,0.998,0.80133,0.29245,769.3,499.2,0.999,0.81059,0.29599,778.2,505.3,0.999,0.81339,0.29652,780.9,506.2,0.999,0.81641,0.29694,783.8,506.9,1.0,0.79979,0.29276,767.8,499.7,0.999,0.82197,0.29844,789.1,509.4,0.999,0.80121,0.29907,769.2,510.5,0.994,0.80867,0.30227,776.3,516.0,0.996,0.77412,0.29375,743.2,501.4,1.0,0.85572,0.33243,821.5,567.5,1.0,0.7036,0.30869,675.5,526.9,0.554,0.87835,0.37464,843.2,639.5,0.559,0.74874,0.3156,718.8,538.7,0.109,0.85113,0.41612,817.1,710.3,0.6,0.75165,0.31441,721.6,536.7,0.121,0.84912,0.42803,815.2,730.7,0.59,0.76801,0.31858,737.3,543.8,0.123,0.84002,0.42535,806.4,726.1,0.585,0.77017,0.31971,739.4,545.8,0.108,0.83867,0.41924,805.1,715.6,0.547,0.722,0.38309,693.1,653.9,1.0,0.77274,0.39906,741.8,681.2,1.0,0.63219,0.44278,606.9,755.8,0.96,0.73817,0.46727,708.6,797.6,0.934,0.59176,0.50532,568.1,862.6,0.922,0.73317,0.53821,703.8,918.7,0.899,0.59158,0.52047,567.9,888.4,0.955,0.73856,0.5516,709.0,941.6,0.964,0.54225,0.50609,520.6,863.9,0.694,0.7001,0.54938,672.1,937.8,0.659
1596,44.077,960,1707,0.80355,0.29999,771.4,512.1,0.999,0.80407,0.29545,771.9,504.3,0.999,0.80261,0.29448,770.5,502.7,0.999,0.80129,0.29354,769.2,501.1,0.999,0.81042,0.29777,778.0,508.3,0.999,0.81325,0.29836,780.7,509.3,1.0,0.81631,0.29878,783.7,510.0,1.0,0.79995,0.29359,768.0,501.2,0.999,0.82248,0.29998,789.6,512.1,0.999,0.80124,0.30049,769.2,512.9,0.994,0.80867,0.30391,776.3,518.8,0.996,0.77609,0.29397,745.0,501.8,1.0,0.85624,0.33317,822.0,568.7,1.0,0.70415,0.30877,676.0,527.1,0.537,0.88063,0.37661,845.4,642.9,0.587,0.74446,0.31307,714.7,534.4,0.109,0.85202,0.41675,817.9,711.4,0.638,0.75039,0.30973,720.4,528.7,0.121,0.8494,0.42913,815.4,732.5,0.628,0.765,0.31405,734.4,536.1,0.123,0.8398,0.42648,806.2,728.0,0.622,0.76835,0.31646,737.6,540.2,0.108,0.83869,0.42074,805.1,718.2,0.584,0.72346,0.3832,694.5,654.1,1.0,0.77474,0.39957,743.7,682.1,1.0,0.63219,0.44283,606.9,755.9,0.962,0.73877,0.46761,709.2,798.2,0.937,0.59176,0.50566,568.1,863.2,0.923,0.73317,0.53896,703.8,920.0,0.903,0.59193,0.5209,568.3,889.2,0.956,0.73824,0.55261,708.7,943.3,0.966,0.54232,0.50601,520.6,863.8,0.699,0.70097,0.54924,672.9,937.6,0.671
1597,44.105,960,1707,0.8031,0.30044,771.0,512.9,0.999,0.80379,0.29592,771.6,505.1,0.999,0.8024,0.29495,770.3,503.5,0.999,0.80121,0.29404,769.2,501.9,0.999,0.81009,0.29824,777.7,509.1,0.999,0.81293,0.29883,780.4,510.1,1.0,0.81599,0.29927,783.3,510.8,1.0,0.80055,0.29421,768.5,502.2,0.999,0.82252,0.30063,789.6,513.2,1.0,0.80101,0.30103,769.0,513.9,0.995,0.80843,0.30452,776.1,519.8,0.996,0.77815,0.29421,747.0,502.2,1.0,0.85752,0.33481,823.2,571.5,1.0,0.7052,0.30876,677.0,527.1,0.531,0.88204,0.37864,846.8,646.3,0.608,0.74005,0.31151,710.4,531.8,0.118,0.85291,0.41771,818.8,713.0,0.672,0.73439,0.31006,705.0,529.3,0.131,0.84999,0.42926,816.0,732.8,0.662,0.7483,0.31407,718.4,536.1,0.133,0.8398,0.42643,806.2,727.9,0.656,0.75175,0.31658,721.7,540.4,0.116,0.83892,0.42139,805.4,719.3,0.62,0.72795,0.38323,698.8,654.2,1.0,0.77811,0.39981,747.0,682.5,1.0,0.63294,0.44276,607.6,755.8,0.965,0.73897,0.46752,709.4,798.0,0.942,0.59178,0.50582,568.1,863.4,0.927,0.73294,0.53903,703.6,920.1,0.91,0.59196,0.52105,568.3,889.4,0.959,0.73826,0.55265,708.7,943.4,0.968,0.54217,0.50603,520.5,863.8,0.717,0.70097,0.54995,672.9,938.8,0.694
1598,44.133,960,1707,0.80294,0.30285,770.8,517.0,0.999,0.80358,0.29798,771.4,508.7,0.999,0.80219,0.29689,770.1,506.8,0.999,0.80098,0.29591,768.9,505.1,0.999,0.80986,0.30083,777.5,513.5,0.999,0.81274,0.30163,780.2,514.9,1.0,0.81591,0.30233,783.3,516.1,1.0,0.80042,0.29569,768.4,504.7,0.999,0.82331,0.30365,790.4,518.3,1.0,0.80134,0.30295,769.3,517.1,0.995,0.80868,0.30718,776.3,524.4,0.997,0.78119,0.29422,749.9,502.2,1.0,0.85956,0.33659,825.2,574.6,1.0,0.70564,0.30873,677.4,527.0,0.518,0.88261,0.37911,847.3,647.1,0.619,0.73877,0.31086,709.2,530.6,0.121,0.85399,0.41834,819.8,714.1,0.7,0.72981,0.31022,700.6,529.6,0.134,0.85144,0.42999,817.4,734.0,0.689,0.74385,0.31412,714.1,536.2,0.137,0.8406,0.42729,807.0,729.4,0.684,0.74716,0.31657,717.3,540.4,0.119,0.83966,0.42269,806.1,721.5,0.647,0.72944,0.38381,700.3,655.2,1.0,0.77903,0.40089,747.9,684.3,1.0,0.63389,0.44234,608.5,755.1,0.967,0.73999,0.46762,710.4,798.2,0.945,0.59211,0.50588,568.4,863.5,0.93,0.73283,0.53891,703.5,919.9,0.915,0.59255,0.52117,568.8,889.6,0.961,0.73825,0.55264,708.7,943.3,0.97,0.54205,0.50682,520.4,865.1,0.727,0.70103,0.54976,673.0,938.4,0.709
1599,44.16,960,1707,0.80473,0.30325,772.5,517.6,0.999,0.80452,0.29851,772.3,509.6,0.999,0.80315,0.29741,771.0,507.7,0.999,0.802,0.29639,769.9,505.9,0.999,0.81115,0.30128,778.7,514.3,1.0,0.81423,0.30203,781.7,515.6,1.0,0.8176,0.30267,784.9,516.7,1.0,0.80167,0.29606,769.6,505.4,0.999,0.82521,0.30391,792.2,518.8,1.0,0.80348,0.30371,771.3,518.4,0.995,0.81082,0.30766,778.4,525.2,0.997,0.78217,0.29455,750.9,502.8,1.0,0.86012,0.33664,825.7,574.6,1.0,0.70723,0.30872,678.9,527.0,0.525,0.88266,0.37934,847.4,647.5,0.639,0.73299,0.31009,703.7,529.3,0.13,0.85438,0.41847,820.2,714.3,0.726,0.72362,0.31013,694.7,529.4,0.142,0.85125,0.43025,817.2,734.4,0.715,0.73538,0.31237,706.0,533.2,0.145,0.84064,0.42767,807.0,730.0,0.71,0.73254,0.31651,703.2,540.3,0.125,0.83974,0.42332,806.2,722.6,0.673,0.73034,0.38443,701.1,656.2,1.0,0.78052,0.40173,749.3,685.8,1.0,0.63427,0.44237,608.9,755.1,0.969,0.74026,0.46808,710.6,799.0,0.948,0.59224,0.50584,568.5,863.5,0.933,0.73255,0.53883,703.2,919.8,0.918,0.59259,0.52108,568.9,889.5,0.962,0.73805,0.55266,708.5,943.4,0.972,0.54223,0.50683,520.5,865.2,0.738,0.70045,0.54957,672.4,938.1,0.721
1600,44.188,960,1707,0.80498,0.30349,772.8,518.1,0.999,0.80481,0.29873,772.6,509.9,0.999,0.80346,0.29759,771.3,508.0,0.999,0.80236,0.29649,770.3,506.1,0.999,0.81141,0.30147,779.0,514.6,1.0,0.81444,0.30215,781.9,515.8,1.0,0.81774,0.3027,785.0,516.7,1.0,0.80215,0.29605,770.1,505.4,0.999,0.82536,0.30379,792.3,518.6,1.0,0.80364,0.30397,771.5,518.9,0.995,0.81069,0.30773,778.3,525.3,0.997,0.78365,0.29468,752.3,503.0,1.0,0.86105,0.33715,826.6,575.5,1.0,0.7089,0.30969,680.5,528.6,0.539,0.88298,0.38072,847.7,649.9,0.656,0.72531,0.30852,696.3,526.6,0.141,0.85439,0.41949,820.2,716.1,0.749,0.71781,0.30739,689.1,524.7,0.152,0.85193,0.43107,817.8,735.8,0.738,0.72734,0.30775,698.2,525.3,0.155,0.84128,0.42805,807.6,730.7,0.733,0.73113,0.30961,701.9,528.5,0.132,0.84015,0.42425,806.5,724.2,0.695,0.73225,0.38551,703.0,658.1,1.0,0.78208,0.40284,750.8,687.6,1.0,0.63613,0.44257,610.7,755.5,0.971,0.7402,0.46811,710.6,799.1,0.95,0.59399,0.50572,570.2,863.3,0.935,0.73255,0.53878,703.2,919.7,0.922,0.59334,0.52099,569.6,889.3,0.964,0.73815,0.5527,708.6,943.5,0.973,0.54466,0.50613,522.9,864.0,0.749,0.70024,0.5497,672.2,938.3,0.733
1601,44.216,960,1707,0.80712,0.30321,774.8,517.6,0.999,0.80665,0.29841,774.4,509.4,0.999,0.80546,0.29728,773.2,507.4,0.999,0.80454,0.29618,772.4,505.6,0.999,0.81308,0.30123,780.6,514.2,1.0,0.81621,0.30193,783.6,515.4,1.0,0.81974,0.3025,786.9,516.4,1.0,0.80519,0.29569,773.0,504.7,0.999,0.82864,0.30332,795.5,517.8,1.0,0.80581,0.30362,773.6,518.3,0.995,0.81245,0.30745,780.0,524.8,0.997,0.78706,0.29475,755.6,503.1,1.0,0.86295,0.33772,828.4,576.5,1.0,0.70989,0.30972,681.5,528.7,0.559,0.88307,0.38104,847.7,650.4,0.671,0.72362,0.30815,694.7,526.0,0.161,0.85474,0.41954,820.5,716.2,0.77,0.71672,0.30691,688.1,523.9,0.169,0.85213,0.43114,818.0,735.9,0.759,0.72618,0.30658,697.1,523.3,0.173,0.84193,0.4284,808.3,731.3,0.753,0.73131,0.30793,702.1,525.6,0.147,0.8407,0.42484,807.1,725.2,0.715,0.73505,0.38575,705.7,658.5,1.0,0.78493,0.4029,753.5,687.7,1.0,0.63786,0.4433,612.3,756.7,0.973,0.74038,0.46817,710.8,799.2,0.952,0.59415,0.50591,570.4,863.6,0.94,0.73256,0.53912,703.3,920.3,0.926,0.59336,0.52156,569.6,890.3,0.966,0.73878,0.55318,709.2,944.3,0.975,0.54201,0.50615,520.3,864.0,0.766,0.69906,0.54978,671.1,938.5,0.748
1602,44.243,960,1707,0.80778,0.30512,775.5,520.8,0.999,0.80741,0.30022,775.1,512.5,0.999,0.80608,0.29899,773.8,510.4,0.999,0.805,0.29781,772.8,508.4,0.999,0.81411,0.30321,781.5,517.6,1.0,0.8173,0.30397,784.6,518.9,1.0,0.82092,0.30457,788.1,519.9,1.0,0.80542,0.29733,773.2,507.5,0.999,0.82999,0.30539,796.8,521.3,1.0,0.8066,0.30536,774.3,521.2,0.995,0.81348,0.30939,780.9,528.1,0.997,0.78779,0.29539,756.3,504.2,1.0,0.8649,0.33958,830.3,579.7,1.0,0.71094,0.3097,682.5,528.7,0.573,0.88417,0.38357,848.8,654.8,0.669,0.72442,0.30825,695.4,526.2,0.178,0.85546,0.42009,821.2,717.1,0.784,0.71756,0.30711,688.9,524.2,0.185,0.85221,0.43146,818.1,736.5,0.771,0.72737,0.30664,698.3,523.4,0.189,0.84265,0.42885,808.9,732.1,0.765,0.73253,0.30799,703.2,525.7,0.161,0.84162,0.42533,808.0,726.0,0.724,0.73756,0.38653,708.1,659.8,1.0,0.787,0.40407,755.5,689.7,1.0,0.63994,0.44331,614.3,756.7,0.975,0.74034,0.46887,710.7,800.4,0.955,0.59462,0.50589,570.8,863.6,0.942,0.73258,0.53972,703.3,921.3,0.93,0.59418,0.5215,570.4,890.2,0.968,0.74013,0.55372,710.5,945.2,0.976,0.54175,0.50619,520.1,864.1,0.777,0.69688,0.55112,669.0,940.8,0.761
1603,44.271,960,1707,0.80766,0.3054,775.4,521.3,0.999,0.80738,0.30052,775.1,513.0,0.999,0.80597,0.29938,773.7,511.0,0.999,0.80483,0.29829,772.6,509.2,0.999,0.81378,0.30326,781.2,517.7,1.0,0.81693,0.30393,784.3,518.8,1.0,0.82049,0.30445,787.7,519.7,1.0,0.80504,0.29798,772.8,508.6,0.999,0.82935,0.30534,796.2,521.2,1.0,0.80628,0.30574,774.0,521.9,0.994,0.81335,0.30954,780.8,528.4,0.996,0.78927,0.29636,757.7,505.9,1.0,0.86451,0.34004,829.9,580.5,1.0,0.71188,0.31003,683.4,529.2,0.567,0.8846,0.384,849.2,655.5,0.654,0.72456,0.30831,695.6,526.3,0.173,0.85578,0.41956,821.5,716.2,0.786,0.71746,0.30732,688.8,524.6,0.179,0.85204,0.43075,818.0,735.3,0.772,0.72672,0.30676,697.7,523.6,0.184,0.84273,0.42837,809.0,731.2,0.765,0.73074,0.30796,701.5,525.7,0.156,0.84181,0.42457,808.1,724.7,0.719,0.73907,0.38846,709.5,663.1,1.0,0.78781,0.40588,756.3,692.8,1.0,0.64044,0.44334,614.8,756.8,0.975,0.74033,0.46936,710.7,801.2,0.952,0.59458,0.50627,570.8,864.2,0.942,0.73272,0.5398,703.4,921.4,0.929,0.59421,0.52158,570.4,890.3,0.968,0.74074,0.55374,711.1,945.2,0.976,0.54106,0.50712,519.4,865.7,0.778,0.69707,0.55303,669.2,944.0,0.759
1604,44.298,960,1707,0.80739,0.30511,775.1,520.8,0.999,0.80719,0.30021,774.9,512.5,0.999,0.80577,0.29909,773.5,510.5,0.998,0.80462,0.29802,772.4,508.7,0.998,0.81368,0.30286,781.1,517.0,0.999,0.81677,0.30348,784.1,518.0,1.0,0.82026,0.30396,787.4,518.9,1.0,0.80509,0.29762,772.9,508.0,0.998,0.82987,0.30494,796.7,520.5,1.0,0.80595,0.3054,773.7,521.3,0.993,0.81298,0.3091,780.5,527.6,0.996,0.78985,0.29673,758.3,506.5,1.0,0.86669,0.34058,832.0,581.4,1.0,0.71181,0.31046,683.3,530.0,0.566,0.88553,0.38546,850.1,658.0,0.632,0.72434,0.30833,695.4,526.3,0.172,0.85558,0.41948,821.4,716.1,0.78,0.71696,0.30742,688.3,524.8,0.178,0.85175,0.43002,817.7,734.0,0.765,0.72634,0.30685,697.3,523.8,0.183,0.84253,0.42745,808.8,729.7,0.757,0.72949,0.30793,700.3,525.6,0.155,0.84166,0.42358,808.0,723.0,0.707,0.74095,0.38921,711.3,664.4,1.0,0.79069,0.40682,759.1,694.5,1.0,0.64178,0.44345,616.1,757.0,0.974,0.74032,0.46982,710.7,802.0,0.949,0.59415,0.5064,570.4,864.4,0.939,0.73281,0.53965,703.5,921.2,0.926,0.59351,0.5215,569.8,890.2,0.966,0.7412,0.5531,711.6,944.1,0.974,0.54229,0.5069,520.6,865.3,0.77,0.69821,0.55368,670.3,945.1,0.749
1605,44.326,960,1707,0.80906,0.30546,776.7,521.4,0.998,0.80836,0.30065,776.0,513.2,0.999,0.80697,0.2995,774.7,511.3,0.998,0.80588,0.2984,773.6,509.4,0.998,0.8151,0.30331,782.5,517.8,0.999,0.81823,0.3039,785.5,518.8,1.0,0.8217,0.30429,788.8,519.4,1.0,0.80716,0.29756,774.9,507.9,0.998,0.83334,0.30553,800.0,521.5,0.999,0.80841,0.30539,776.1,521.3,0.992,0.81546,0.30911,782.8,527.6,0.995,0.7903,0.29738,758.7,507.6,1.0,0.8676,0.34112,832.9,582.3,1.0,0.71153,0.31096,683.1,530.8,0.567,0.8862,0.38752,850.7,661.5,0.6,0.72495,0.30844,696.0,526.5,0.17,0.85533,0.41903,821.1,715.3,0.762,0.71793,0.30753,689.2,525.0,0.176,0.85164,0.4284,817.6,731.3,0.747,0.7282,0.30719,699.1,524.4,0.181,0.84234,0.42516,808.6,725.8,0.737,0.7312,0.30826,701.9,526.2,0.154,0.84148,0.42073,807.8,718.2,0.683,0.7423,0.39093,712.6,667.3,1.0,0.79216,0.40793,760.5,696.3,1.0,0.64344,0.44345,617.7,757.0,0.972,0.74075,0.46981,711.1,802.0,0.947,0.59553,0.50618,571.7,864.1,0.935,0.73329,0.53973,704.0,921.3,0.924,0.59502,0.5207,571.2,888.8,0.964,0.74131,0.5533,711.7,944.5,0.973,0.54367,0.5072,521.9,865.8,0.759,0.69879,0.55361,670.8,945.0,0.742
1606,44.354,960,1707,0.8125,0.30519,780.0,521.0,0.998,0.81313,0.30037,780.6,512.7,0.998,0.81163,0.29924,779.2,510.8,0.998,0.81059,0.29816,778.2,509.0,0.998,0.82182,0.30308,788.9,517.4,0.999,0.8227,0.30361,789.8,518.3,0.999,0.82815,0.30426,795.0,519.4,1.0,0.81139,0.29745,778.9,507.7,0.998,0.83815,0.30553,804.6,521.5,0.999,0.81162,0.30518,779.2,520.9,0.991,0.8187,0.30888,786.0,527.3,0.994,0.78972,0.29862,758.1,509.7,1.0,0.86729,0.34111,832.6,582.3,1.0,0.71148,0.31107,683.0,531.0,0.57,0.88706,0.38719,851.6,660.9,0.578,0.72722,0.30849,698.1,526.6,0.169,0.85517,0.4179,821.0,713.3,0.75,0.71951,0.3076,690.7,525.1,0.175,0.8512,0.42745,817.1,729.7,0.736,0.72917,0.30742,700.0,524.8,0.181,0.842,0.42298,808.3,722.0,0.725,0.73473,0.30846,705.3,526.5,0.154,0.84076,0.41807,807.1,713.7,0.666,0.741,0.39295,711.4,670.8,1.0,0.79138,0.40999,759.7,699.9,1.0,0.64408,0.44354,618.3,757.1,0.969,0.74086,0.46991,711.2,802.1,0.943,0.5955,0.50612,571.7,863.9,0.93,0.73342,0.54009,704.1,921.9,0.92,0.59476,0.52037,571.0,888.3,0.959,0.73904,0.55332,709.5,944.5,0.97,0.54404,0.50704,522.3,865.5,0.74,0.70837,0.55282,680.0,943.7,0.723
1607,44.381,960,1707,0.81113,0.305,778.7,520.6,0.998,0.81063,0.30033,778.2,512.7,0.998,0.80941,0.29928,777.0,510.9,0.998,0.80855,0.29825,776.2,509.1,0.998,0.81826,0.30291,785.5,517.1,0.999,0.82028,0.30342,787.5,517.9,0.999,0.82546,0.30406,792.4,519.0,1.0,0.81089,0.29754,778.5,507.9,0.998,0.83771,0.30532,804.2,521.2,0.999,0.81146,0.30503,779.0,520.7,0.991,0.81834,0.30873,785.6,527.0,0.994,0.78964,0.29939,758.1,511.1,1.0,0.8677,0.34126,833.0,582.5,1.0,0.71338,0.31104,684.8,530.9,0.578,0.88724,0.38841,851.7,663.0,0.544,0.72744,0.30774,698.3,525.3,0.176,0.85477,0.41763,820.6,712.9,0.718,0.72007,0.30584,691.3,522.1,0.182,0.8505,0.42731,816.5,729.4,0.705,0.73,0.30567,700.8,521.8,0.187,0.84136,0.4229,807.7,721.9,0.693,0.73493,0.30681,705.5,523.7,0.159,0.83987,0.41764,806.3,712.9,0.632,0.74229,0.39372,712.6,672.1,1.0,0.79414,0.41042,762.4,700.6,1.0,0.64471,0.44421,618.9,758.3,0.966,0.74132,0.47005,711.7,802.4,0.936,0.59548,0.50612,571.7,863.9,0.923,0.73388,0.54018,704.5,922.1,0.911,0.59474,0.52043,570.9,888.4,0.954,0.73812,0.55334,708.6,944.6,0.966,0.54455,0.50706,522.8,865.6,0.721,0.70938,0.55136,681.0,941.2,0.702
1608,44.409,960,1707,0.8089,0.3053,776.5,521.1,0.998,0.80732,0.30085,775.0,513.6,0.998,0.80627,0.29989,774.0,511.9,0.998,0.80546,0.29896,773.2,510.3,0.998,0.81399,0.30323,781.4,517.6,0.999,0.81663,0.30376,784.0,518.5,0.999,0.82081,0.30427,788.0,519.4,1.0,0.80852,0.29851,776.2,509.6,0.998,0.83761,0.30622,804.1,522.7,0.999,0.81011,0.30537,777.7,521.3,0.991,0.81808,0.30895,785.4,527.4,0.994,0.78951,0.30045,757.9,512.9,1.0,0.86935,0.34265,834.6,584.9,1.0,0.7137,0.31103,685.1,530.9,0.576,0.8876,0.38876,852.1,663.6,0.512,0.72757,0.30781,698.5,525.4,0.177,0.85464,0.41773,820.5,713.1,0.686,0.72055,0.3061,691.7,522.5,0.182,0.85039,0.42721,816.4,729.2,0.674,0.73053,0.30599,701.3,522.3,0.188,0.84134,0.4229,807.7,721.9,0.66,0.73446,0.30705,705.1,524.1,0.159,0.83982,0.4177,806.2,713.0,0.599,0.74633,0.39387,716.5,672.3,1.0,0.79841,0.41027,766.5,700.3,1.0,0.64611,0.44453,620.3,758.8,0.962,0.74268,0.47001,713.0,802.3,0.925,0.59543,0.50638,571.6,864.4,0.913,0.73459,0.5403,705.2,922.3,0.899,0.59492,0.52085,571.1,889.1,0.947,0.73803,0.55335,708.5,944.6,0.961,0.54505,0.5073,523.3,866.0,0.698,0.70949,0.55091,681.1,940.4,0.676
1609,44.436,960,1707,0.80905,0.30548,776.7,521.5,0.998,0.80736,0.3011,775.1,514.0,0.998,0.80637,0.30012,774.1,512.3,0.998,0.80561,0.29923,773.4,510.8,0.998,0.81395,0.30337,781.4,517.8,0.999,0.81665,0.30391,784.0,518.8,0.999,0.82082,0.30439,788.0,519.6,1.0,0.80817,0.29882,775.8,510.1,0.998,0.83636,0.3069,802.9,523.9,0.999,0.8102,0.30564,777.8,521.7,0.991,0.81791,0.30914,785.2,527.7,0.994,0.78967,0.30118,758.1,514.1,1.0,0.86948,0.34332,834.7,586.0,1.0,0.71401,0.31074,685.4,530.4,0.587,0.88778,0.38935,852.3,664.6,0.503,0.72767,0.30815,698.6,526.0,0.19,0.85459,0.41757,820.4,712.8,0.687,0.72076,0.30699,691.9,524.0,0.194,0.85034,0.42709,816.3,729.1,0.674,0.73091,0.30711,701.7,524.2,0.2,0.84102,0.42246,807.4,721.1,0.659,0.73414,0.30792,704.8,525.6,0.169,0.83962,0.41753,806.0,712.7,0.595,0.74976,0.39376,719.8,672.1,1.0,0.80221,0.40997,770.1,699.8,1.0,0.64793,0.44468,622.0,759.1,0.961,0.74325,0.47026,713.5,802.7,0.922,0.59534,0.5069,571.5,865.3,0.909,0.7349,0.54031,705.5,922.3,0.892,0.59516,0.52201,571.4,891.1,0.945,0.73789,0.55337,708.4,944.6,0.959,0.54509,0.5073,523.3,866.0,0.688,0.70917,0.55003,680.8,938.9,0.662
1610,44.464,960,1707,0.80739,0.30613,775.1,522.6,0.998,0.8053,0.30172,773.1,515.0,0.998,0.80438,0.30077,772.2,513.4,0.997,0.80347,0.2999,771.3,511.9,0.998,0.81027,0.3039,777.9,518.8,0.999,0.81282,0.30439,780.3,519.6,0.999,0.81584,0.30473,783.2,520.2,1.0,0.80587,0.29925,773.6,510.8,0.998,0.83407,0.30676,800.7,523.6,0.999,0.80882,0.30625,776.5,522.8,0.989,0.81547,0.30971,782.9,528.7,0.993,0.78956,0.30176,758.0,515.1,1.0,0.87033,0.34292,835.5,585.4,1.0,0.71576,0.31093,687.1,530.7,0.577,0.88804,0.38912,852.5,664.2,0.477,0.72718,0.30884,698.1,527.2,0.183,0.85467,0.41755,820.5,712.8,0.663,0.71935,0.30858,690.6,526.7,0.187,0.85045,0.42705,816.4,729.0,0.652,0.72763,0.30729,698.5,524.5,0.193,0.84104,0.42242,807.4,721.1,0.636,0.73194,0.30803,702.7,525.8,0.163,0.83961,0.4175,806.0,712.7,0.57,0.75095,0.39478,720.9,673.9,1.0,0.8042,0.41071,772.0,701.1,1.0,0.64889,0.44469,622.9,759.1,0.959,0.74547,0.4707,715.7,803.5,0.913,0.59774,0.5068,573.8,865.1,0.906,0.7353,0.5403,705.9,922.3,0.885,0.60009,0.52195,576.1,891.0,0.943,0.73928,0.55299,709.7,944.0,0.955,0.54734,0.50847,525.4,868.0,0.68,0.70889,0.54948,680.5,938.0,0.645
1611,44.492,960,1707,0.80583,0.30705,773.6,524.1,0.998,0.80372,0.30262,771.6,516.6,0.998,0.8026,0.30175,770.5,515.1,0.997,0.80163,0.30092,769.6,513.7,0.997,0.80904,0.30461,776.7,520.0,0.999,0.81185,0.30506,779.4,520.7,0.999,0.81488,0.3053,782.3,521.1,1.0,0.80434,0.30031,772.2,512.6,0.998,0.82997,0.30659,796.8,523.3,0.999,0.80591,0.30764,773.7,525.1,0.988,0.81376,0.3108,781.2,530.5,0.992,0.78945,0.30324,757.9,517.6,1.0,0.87097,0.34281,836.1,585.2,1.0,0.7179,0.31102,689.2,530.9,0.567,0.88801,0.38897,852.5,664.0,0.451,0.72731,0.30869,698.2,526.9,0.177,0.85466,0.41737,820.5,712.5,0.637,0.71968,0.30814,690.9,526.0,0.182,0.8504,0.42593,816.4,727.1,0.627,0.7282,0.30664,699.1,523.4,0.188,0.84118,0.42156,807.5,719.6,0.61,0.73227,0.30766,703.0,525.2,0.158,0.83989,0.41707,806.3,711.9,0.543,0.75081,0.39705,720.8,677.8,1.0,0.80338,0.41165,771.2,702.7,1.0,0.64957,0.44472,623.6,759.1,0.951,0.74788,0.47256,718.0,806.7,0.898,0.59874,0.50659,574.8,864.8,0.89,0.7353,0.5403,705.9,922.3,0.873,0.60258,0.52102,578.5,889.4,0.934,0.73948,0.5531,709.9,944.1,0.949,0.54951,0.50956,527.5,869.8,0.654,0.70639,0.54935,678.1,937.7,0.623
1612,44.519,960,1707,0.80331,0.30772,771.2,525.3,0.997,0.80128,0.30335,769.2,517.8,0.998,0.79999,0.30257,768.0,516.5,0.997,0.79896,0.30182,767.0,515.2,0.997,0.80689,0.30505,774.6,520.7,0.999,0.80968,0.3054,777.3,521.3,0.999,0.81289,0.30557,780.4,521.6,0.999,0.80159,0.30124,769.5,514.2,0.998,0.82658,0.30647,793.5,523.1,0.999,0.80275,0.30859,770.6,526.8,0.987,0.8107,0.31141,778.3,531.6,0.991,0.78872,0.30469,757.2,520.1,1.0,0.87136,0.34296,836.5,585.4,1.0,0.71774,0.31108,689.0,531.0,0.561,0.88819,0.38942,852.7,664.7,0.428,0.72757,0.30848,698.5,526.6,0.173,0.85434,0.41728,820.2,712.3,0.613,0.71986,0.30775,691.1,525.3,0.178,0.85031,0.4257,816.3,726.7,0.604,0.72858,0.30633,699.4,522.9,0.184,0.84115,0.42138,807.5,719.3,0.587,0.73248,0.30739,703.2,524.7,0.155,0.83993,0.41708,806.3,711.9,0.519,0.75155,0.39861,721.5,680.4,1.0,0.80438,0.41322,772.2,705.4,1.0,0.65037,0.44471,624.4,759.1,0.943,0.75049,0.47408,720.5,809.3,0.88,0.60271,0.50618,578.6,864.0,0.875,0.73529,0.54029,705.9,922.3,0.858,0.60702,0.52018,582.7,887.9,0.923,0.73962,0.5531,710.0,944.1,0.94,0.55326,0.50946,531.1,869.6,0.628,0.70632,0.54936,678.1,937.8,0.597
1613,44.547,960,1707,0.80093,0.31009,768.9,529.3,0.997,0.79946,0.30575,767.5,521.9,0.998,0.79825,0.30507,766.3,520.8,0.997,0.79725,0.30444,765.4,519.7,0.997,0.80459,0.30741,772.4,524.7,0.999,0.80707,0.30785,774.8,525.5,0.999,0.80983,0.30814,777.4,526.0,0.999,0.79949,0.30431,767.5,519.5,0.998,0.82106,0.30882,788.2,527.2,0.999,0.80012,0.31131,768.1,531.4,0.988,0.80693,0.31398,774.7,536.0,0.992,0.7886,0.30698,757.1,524.0,1.0,0.87152,0.3441,836.7,587.4,1.0,0.71761,0.31091,688.9,530.7,0.591,0.88986,0.39135,854.3,668.0,0.469,0.72878,0.30833,699.6,526.3,0.184,0.85366,0.41751,819.5,712.7,0.581,0.72103,0.30758,692.2,525.0,0.185,0.84883,0.42601,814.9,727.2,0.565,0.7297,0.30639,700.5,523.0,0.191,0.83978,0.42153,806.2,719.5,0.547,0.73359,0.30747,704.2,524.9,0.161,0.8391,0.41741,805.5,712.5,0.483,0.75354,0.39949,723.4,681.9,1.0,0.80683,0.41478,774.6,708.0,1.0,0.65068,0.4452,624.7,760.0,0.945,0.75248,0.47456,722.4,810.1,0.883,0.61014,0.50638,585.7,864.4,0.881,0.734,0.54022,704.6,922.1,0.864,0.61529,0.52016,590.7,887.9,0.928,0.73912,0.55314,709.6,944.2,0.942,0.55879,0.50944,536.4,869.6,0.643,0.70569,0.54934,677.5,937.7,0.607
1614,44.575,960,1707,0.79738,0.31214,765.5,532.8,0.997,0.79635,0.30735,764.5,524.6,0.998,0.79526,0.3067,763.5,523.5,0.997,0.7943,0.30614,762.5,522.6,0.997,0.80121,0.30898,769.2,527.4,0.999,0.80343,0.30946,771.3,528.2,0.999,0.80567,0.30982,773.4,528.9,0.999,0.79629,0.30636,764.4,523.0,0.997,0.81504,0.31054,782.4,530.1,0.999,0.7968,0.31383,764.9,535.7,0.987,0.80259,0.31619,770.5,539.7,0.991,0.78857,0.30916,757.0,527.7,1.0,0.87177,0.3449,836.9,588.7,1.0,0.72552,0.31087,696.5,530.7,0.621,0.89076,0.39297,855.1,670.8,0.498,0.7288,0.30814,699.6,526.0,0.205,0.85251,0.41816,818.4,713.8,0.543,0.7203,0.30637,691.5,523.0,0.203,0.84604,0.42637,812.2,727.8,0.523,0.72902,0.30561,699.9,521.7,0.209,0.83856,0.42206,805.0,720.4,0.505,0.73303,0.30706,703.7,524.1,0.174,0.83858,0.4184,805.0,714.2,0.447,0.75668,0.39983,726.4,682.5,1.0,0.80915,0.41539,776.8,709.1,1.0,0.65361,0.44519,627.5,759.9,0.944,0.75257,0.47451,722.5,810.0,0.88,0.62185,0.50744,597.0,866.2,0.884,0.73339,0.53989,704.1,921.6,0.864,0.62561,0.52063,600.6,888.7,0.93,0.73847,0.55306,708.9,944.1,0.943,0.57653,0.51098,553.5,872.2,0.649,0.70562,0.54926,677.4,937.6,0.603
1615,44.602,960,1707,0.79215,0.31489,760.5,537.5,0.996,0.79106,0.3101,759.4,529.3,0.995,0.79004,0.30954,758.4,528.4,0.994,0.78918,0.30904,757.6,527.5,0.995,0.79557,0.31164,763.7,532.0,0.998,0.7976,0.31212,765.7,532.8,0.998,0.79948,0.31248,767.5,533.4,0.999,0.79135,0.30926,759.7,527.9,0.995,0.80713,0.31269,774.8,533.8,0.998,0.79285,0.31657,761.1,540.4,0.982,0.79814,0.31862,766.2,543.9,0.987,0.78855,0.31148,757.0,531.7,1.0,0.87181,0.34496,836.9,588.8,1.0,0.73037,0.30406,701.2,519.0,0.651,0.89119,0.39264,855.5,670.2,0.52,0.72868,0.30814,699.5,526.0,0.228,0.85283,0.41812,818.7,713.7,0.512,0.71708,0.30638,688.4,523.0,0.225,0.84634,0.42612,812.5,727.4,0.489,0.72445,0.30554,695.5,521.6,0.23,0.83899,0.42205,805.4,720.4,0.471,0.73011,0.30713,700.9,524.3,0.189,0.83908,0.41841,805.5,714.2,0.416,0.75745,0.40133,727.2,685.1,1.0,0.80959,0.41645,777.2,710.9,1.0,0.65685,0.44583,630.6,761.0,0.943,0.75426,0.47439,724.1,809.8,0.875,0.63295,0.50791,607.6,867.0,0.89,0.73217,0.53913,702.9,920.3,0.864,0.63773,0.52062,612.2,888.7,0.933,0.73795,0.55282,708.4,943.7,0.943,0.5921,0.51297,568.4,875.6,0.661,0.70563,0.54871,677.4,936.6,0.6
1616,44.63,960,1707,0.7915,0.31571,759.8,538.9,0.995,0.79037,0.31089,758.8,530.7,0.994,0.78951,0.31029,757.9,529.7,0.993,0.78887,0.30968,757.3,528.6,0.993,0.79496,0.31238,763.2,533.2,0.997,0.79725,0.31277,765.4,533.9,0.998,0.79938,0.31302,767.4,534.3,0.999,0.79136,0.30958,759.7,528.5,0.994,0.80813,0.31274,775.8,533.9,0.998,0.79299,0.31721,761.3,541.5,0.98,0.7984,0.31917,766.5,544.8,0.985,0.78981,0.31242,758.2,533.3,1.0,0.87362,0.34628,838.7,591.1,1.0,0.74937,0.30426,719.4,519.4,0.682,0.89194,0.39413,856.3,672.8,0.531,0.72852,0.30812,699.4,526.0,0.269,0.85272,0.41806,818.6,713.6,0.478,0.71386,0.30617,685.3,522.6,0.266,0.84592,0.42526,812.1,725.9,0.455,0.72017,0.3049,691.4,520.5,0.27,0.83859,0.42151,805.0,719.5,0.437,0.72598,0.30664,696.9,523.4,0.221,0.83879,0.41815,805.2,713.8,0.387,0.75857,0.40256,728.2,687.2,1.0,0.81084,0.41754,778.4,712.7,1.0,0.66006,0.44723,633.7,763.4,0.942,0.75565,0.47462,725.4,810.2,0.864,0.64373,0.51047,618.0,871.4,0.896,0.73178,0.53946,702.5,920.9,0.861,0.64784,0.5212,621.9,889.7,0.936,0.73745,0.55309,707.9,944.1,0.943,0.59933,0.52016,575.4,887.9,0.679,0.70456,0.54884,676.4,936.9,0.601
1617,44.657,960,1707,0.79011,0.3155,758.5,538.6,0.994,0.7891,0.31039,757.5,529.8,0.994,0.78839,0.30983,756.9,528.9,0.993,0.7878,0.3093,756.3,528.0,0.993,0.79356,0.3117,761.8,532.1,0.997,0.79594,0.31201,764.1,532.6,0.998,0.79824,0.31223,766.3,533.0,0.999,0.79092,0.30917,759.3,527.8,0.993,0.8071,0.31212,774.8,532.8,0.998,0.79198,0.31731,760.3,541.7,0.979,0.7972,0.31896,765.3,544.5,0.984,0.78983,0.31301,758.2,534.3,1.0,0.87522,0.34656,840.2,591.6,1.0,0.74139,0.3052,711.7,521.0,0.701,0.89263,0.39552,856.9,675.2,0.551,0.72879,0.30794,699.6,525.6,0.272,0.85271,0.41811,818.6,713.7,0.448,0.71435,0.30559,685.8,521.6,0.267,0.84594,0.42531,812.1,726.0,0.423,0.72057,0.30482,691.8,520.3,0.272,0.83859,0.42159,805.0,719.7,0.405,0.72621,0.30662,697.2,523.4,0.221,0.83878,0.41832,805.2,714.1,0.358,0.75971,0.40367,729.3,689.1,1.0,0.81272,0.41875,780.2,714.8,1.0,0.66494,0.44924,638.3,766.8,0.942,0.75636,0.4746,726.1,810.1,0.852,0.6508,0.51352,624.8,876.6,0.899,0.73181,0.54104,702.5,923.6,0.859,0.65702,0.5243,630.7,895.0,0.938,0.73583,0.55507,706.4,947.5,0.942,0.60469,0.52589,580.5,897.7,0.687,0.70347,0.55014,675.3,939.1,0.599
1618,44.685,960,1707,0.79014,0.31553,758.5,538.6,0.995,0.78942,0.31016,757.8,529.4,0.994,0.78874,0.30959,757.2,528.5,0.993,0.78811,0.30906,756.6,527.6,0.993,0.79391,0.31141,762.2,531.6,0.997,0.79629,0.31168,764.4,532.0,0.998,0.79861,0.31185,766.7,532.3,0.999,0.79127,0.30909,759.6,527.6,0.994,0.80745,0.31173,775.1,532.1,0.998,0.79182,0.31768,760.2,542.3,0.98,0.7969,0.31911,765.0,544.7,0.985,0.79002,0.31353,758.4,535.2,1.0,0.87678,0.34661,841.7,591.7,1.0,0.73723,0.30562,707.7,521.7,0.724,0.89413,0.39695,858.4,677.6,0.576,0.7315,0.30786,702.2,525.5,0.293,0.85237,0.41819,818.3,713.9,0.43,0.71854,0.30561,689.8,521.7,0.289,0.84498,0.42539,811.2,726.1,0.402,0.72418,0.30484,695.2,520.4,0.294,0.8377,0.4216,804.2,719.7,0.383,0.7282,0.30668,699.1,523.5,0.238,0.83806,0.41835,804.5,714.1,0.339,0.76154,0.40455,731.1,690.6,1.0,0.81418,0.41941,781.6,715.9,1.0,0.6693,0.45066,642.5,769.3,0.945,0.75794,0.47452,727.6,810.0,0.854,0.66101,0.51621,634.6,881.2,0.907,0.73249,0.54127,703.2,923.9,0.866,0.66669,0.52751,640.0,900.5,0.943,0.73491,0.55504,705.5,947.5,0.945,0.61295,0.52688,588.4,899.4,0.712,0.70164,0.55021,673.6,939.2,0.62
1619,44.713,960,1707,0.78842,0.31736,756.9,541.7,0.993,0.78796,0.31202,756.4,532.6,0.993,0.78731,0.3115,755.8,531.7,0.991,0.78671,0.31097,755.2,530.8,0.991,0.79224,0.31304,760.6,534.4,0.997,0.79446,0.31322,762.7,534.7,0.997,0.79656,0.31327,764.7,534.7,0.998,0.79026,0.3108,758.7,530.5,0.992,0.80523,0.31256,773.0,533.5,0.997,0.79045,0.31953,758.8,545.4,0.977,0.79534,0.32077,763.5,547.6,0.982,0.79024,0.31459,758.6,537.0,1.0,0.87708,0.34684,842.0,592.1,1.0,0.74176,0.30527,712.1,521.1,0.747,0.89496,0.39726,859.2,678.1,0.572,0.73306,0.30785,703.7,525.5,0.325,0.85216,0.41804,818.1,713.6,0.398,0.71915,0.30568,690.4,521.8,0.322,0.84405,0.42489,810.3,725.3,0.372,0.7244,0.30487,695.4,520.4,0.326,0.83671,0.42075,803.2,718.2,0.354,0.7286,0.30677,699.5,523.6,0.263,0.83741,0.41775,803.9,713.1,0.314,0.76267,0.40669,732.2,694.2,1.0,0.81491,0.42045,782.3,717.7,1.0,0.67316,0.45368,646.2,774.4,0.944,0.75859,0.47447,728.2,809.9,0.834,0.66795,0.52189,641.2,890.9,0.912,0.73333,0.54172,704.0,924.7,0.858,0.67445,0.5349,647.5,913.1,0.944,0.7333,0.5552,704.0,947.7,0.943,0.62486,0.53095,599.9,906.3,0.727,0.70133,0.54985,673.3,938.6,0.617
1620,44.74,960,1707,0.78918,0.31742,757.6,541.8,0.993,0.78871,0.31181,757.2,532.3,0.993,0.78803,0.31127,756.5,531.3,0.991,0.78739,0.31074,755.9,530.4,0.991,0.79307,0.31297,761.4,534.2,0.997,0.79533,0.31322,763.5,534.7,0.997,0.7975,0.31335,765.6,534.9,0.998,0.79069,0.31079,759.1,530.5,0.992,0.80646,0.3127,774.2,533.8,0.997,0.791,0.31977,759.4,545.8,0.978,0.79602,0.32109,764.2,548.1,0.982,0.79123,0.31686,759.6,540.9,1.0,0.87809,0.34815,843.0,594.3,1.0,0.7424,0.30539,712.7,521.3,0.767,0.89512,0.39846,859.3,680.2,0.56,0.73318,0.30739,703.9,524.7,0.356,0.84811,0.41594,814.2,710.0,0.364,0.71935,0.3052,690.6,521.0,0.352,0.83635,0.42154,802.9,719.6,0.34,0.72479,0.30456,695.8,519.9,0.357,0.83008,0.41706,796.9,711.9,0.323,0.72894,0.30648,699.8,523.2,0.286,0.83239,0.41488,799.1,708.2,0.286,0.76711,0.40764,736.4,695.8,1.0,0.81911,0.42091,786.3,718.5,1.0,0.68045,0.45685,653.2,779.8,0.943,0.76081,0.4741,730.4,809.3,0.809,0.67951,0.52638,652.3,898.5,0.915,0.73597,0.54108,706.5,923.6,0.85,0.6897,0.53986,662.1,921.5,0.946,0.73347,0.55381,704.1,945.4,0.94,0.63742,0.5336,611.9,910.8,0.742,0.70069,0.54847,672.7,936.2,0.617
